1.796925457054069919e-01,1.813431676875887910e-01,1.829806532747130510e-01,1.846027173954739864e-01,1.862070992189422403e-01,1.877915088810791500e-01,1.893536498731665796e-01,1.908912271870963628e-01,1.924019680216164097e-01,1.938835687121679419e-01,1.953337530850447479e-01,1.967502534076728538e-01,1.981308152375577947e-01,1.994731933167984972e-01,2.007751871361382612e-01,2.020345911490129265e-01,2.032492432863510501e-01,2.044170095022326550e-01,2.055358006736999477e-01,2.066035553888321552e-01,2.076182700684026106e-01,2.085779660381769096e-01,2.094807400346018478e-01,2.103247362646137597e-01,2.111081471150674238e-01,2.118292475179953394e-01,2.124863683706567918e-01,2.130779119875441940e-01,2.136023633168569469e-01,2.140582775114511227e-01,2.144442993980620604e-01,2.147591624402179766e-01,2.150016879113182122e-01,2.151707874859952463e-01,2.152654776202699016e-01,2.152848744408181192e-01,2.152281984001819248e-01,2.150947711435491072e-01,2.148840445599852211e-01,2.145955643895113840e-01,2.142290011457886889e-01,2.137841523421249723e-01,2.132609198891212421e-01,2.126593485670405792e-01,2.119796036013238405e-01,2.112219741920429716e-01,2.103868782891233080e-01,2.094748814507790546e-01,2.084866655111728972e-01,2.074230547151972859e-01,2.062849985187283075e-01,2.050735926433287226e-01,2.037900743685249205e-01,2.024357890558640960e-01,2.010122549240723200e-01,1.995210961397459182e-01,1.979640887461704413e-01,1.963431285155770312e-01,1.946602538470371124e-01,1.929176368738449443e-01,1.911175694878024800e-01,1.892624701636933804e-01,1.873548944748892331e-01,1.853975066373276803e-01,1.833930929964166234e-01,1.813445593871862993e-01,1.792549221077316401e-01,1.771273061011087446e-01,1.749649460358759234e-01,1.727711587726393772e-01,1.705493882094203384e-01,1.683031314820688240e-01,1.660360053138640601e-01,1.637516851203573154e-01,1.614539323414690142e-01,1.591465758507850936e-01,1.568335041835334509e-01,1.545186684110151643e-01,1.522060612786636236e-01,1.498997333727402625e-01,1.476037668270586412e-01,1.453222678176331606e-01,1.430593804550504833e-01,1.408192552085874294e-01,1.386060509045439482e-01,1.364239317511012906e-01,1.342770604151209690e-01,1.321695779710467256e-01,1.301056198617306647e-01,1.280892642492680311e-01,1.261245883385574140e-01,1.242155988682672185e-01,1.223662642231085340e-01,1.205804806368529492e-01,1.188621001210660166e-01,1.172148807471447562e-01,1.156424990980222112e-01,1.141485461049587952e-01,1.127365192477107619e-01,1.114098045611446597e-01,1.101716777413840054e-01,1.090252960801066651e-01,1.079736907334106627e-01,1.070197599723747700e-01,1.061662626307679075e-01,1.054158131390255382e-01,1.047708727252037175e-01,1.042337444403776958e-01,1.038065694589734994e-01,1.034913181948702160e-01,1.032897944635263743e-01,1.032036133386904087e-01,1.032342072639383934e-01,1.033828317637386363e-01,1.036505418533834461e-01,1.040382020226690851e-01,1.045464755814952268e-01,1.051758293440362979e-01,1.059265180959786112e-01,1.067986067504334696e-01,1.077919396294735738e-01,1.089061571525098554e-01,1.101406891444439012e-01,1.114947613048344471e-01,1.129673819430776355e-01,1.145573539912656397e-01,1.162632678371843531e-01,1.180835105318846917e-01,1.200162580233824217e-01,1.220594888306797965e-01,1.242109692013269734e-01,1.264682768276066127e-01,1.288287822972526697e-01,1.312896759045694695e-01,1.338479388403506221e-01,1.365003926260979217e-01,1.392436631496882515e-01,1.420741992542547127e-01,1.449882953778671435e-01,1.479820679845563758e-01,1.510514804131868061e-01,1.541923496582982278e-01,1.574003406326582866e-01,1.606709889751966325e-01,1.639996875716274727e-01,1.673817268225963051e-01,1.708122655671726886e-01,1.742863689803827720e-01,1.777989973966637716e-01,1.813450308914837106e-01,1.849192570984435902e-01,1.885164028869700803e-01,1.921311335537344567e-01,1.957580556645483194e-01,1.993917440615963210e-01,2.030267340050728453e-01,2.066575355037586492e-01,2.102786577424014536e-01,2.138845980482789733e-01,2.174698612205069881e-01,2.210289618120857003e-01,2.245564692014313246e-01,2.280469586348403133e-01,2.314950679288089452e-01,2.348954914271617900e-01,2.382429886381835504e-01,2.415323927251147862e-01,2.447586328571004222e-01,2.479167245656747898e-01,2.510017890301330379e-01,2.540090686155564992e-01,2.569339243075494106e-01,2.597718484809320993e-01,2.625184722343086863e-01,2.651695795495032093e-01,2.677211173615641204e-01,2.701691795121108353e-01,2.725100449831130422e-01,2.747401584848494505e-01,2.768561707862524091e-01,2.788549052575723386e-01,2.807334022074146618e-01,2.824888838017161063e-01,2.841187857787060844e-01,2.856207744977941609e-01,2.869927183560487260e-01,2.882327058718228696e-01,2.893390668220782169e-01,2.903103451392932688e-01,2.911453166676036264e-01,2.918430027669266513e-01,2.924026484792455749e-01,2.928237396348683519e-01,2.931060033481676652e-01,2.932494056609212252e-01,2.932541441733812482e-01,2.931206557112673305e-01,2.928496203656024699e-01,2.924419521803442445e-01,2.918988029981114951e-01,2.912215349454942426e-01,2.904117613814542476e-01,2.894713168369523748e-01,2.884022549230302324e-01,2.872068429555304503e-01,2.858875702133479302e-01,2.844471313780294053e-01,2.828884229038941545e-01,2.812145403585992187e-01,2.794287615178285278e-01,2.775345719977118097e-01,2.755356286980029101e-01,2.734357377380481902e-01,2.712388806829753585e-01,2.689492175752932202e-01,2.665710364806903598e-01,2.641087597555050182e-01,2.615669566013411607e-01,2.589503058719707651e-01,2.562636163275049950e-01,2.535117901467326407e-01,2.506998188232761882e-01,2.478327941144181645e-01,2.449158729233151532e-01,2.419542838689534014e-01,2.389533136158615290e-01,2.359182866954580571e-01,2.328545681904270748e-01,2.297675547258375417e-01,2.266626519200176659e-01,2.235452752427581069e-01,2.204208314893890686e-01,2.172947159624365465e-01,2.141723067673670378e-01,2.110589276803646053e-01,2.079598879344902729e-01,2.048804128017958359e-01,2.018256847541142485e-01,1.988008083649291657e-01,1.958108067239739958e-01,1.928606058961162273e-01,1.899550423973521140e-01,1.870988328007302248e-01,1.842965898903590749e-01,1.815527939750795350e-01,1.788717964499773605e-01,1.762577999369672466e-01,1.737148748750972638e-01,1.712469330248052313e-01,1.688577127446665993e-01,1.665507998566331249e-01,1.643296058174924246e-01,1.621973561639169781e-01,1.601571105193416722e-01,1.582117168804224316e-01,1.563638523456288287e-01,1.546159902304839184e-01,1.529703993010628760e-01,1.514291472128969918e-01,1.499941130889042296e-01,1.486669407080577765e-01,1.474490871894110489e-01,1.463417886830746806e-01,1.453460676715253863e-01,1.444627455134185057e-01,1.436924137690715475e-01,1.430354695834946677e-01,1.424920969090825995e-01,1.420622467475482209e-01,1.417456910167834705e-01,1.415419710512291207e-01,1.414504394815904731e-01,1.414702369609355248e-01,1.416003144344854803e-01,1.418394170064920246e-01,1.421860998434677781e-01,1.426387322469388763e-01,1.431955074471742972e-01,1.438544266898126867e-01,1.446133184227646196e-01,1.454698624977824317e-01,1.464215513280956726e-01,1.474657330777107145e-01,1.485996056537516874e-01,1.498202266637105040e-01,1.511245055355122935e-01,1.525092310974347776e-01,1.539710615558746165e-01,1.555065418206222072e-01,1.571121147121175010e-01,1.587841177889608990e-01,1.605187914105299374e-01,1.623122979864744519e-01,1.641607176425687042e-01,1.660600589336515831e-01,1.680062807776221134e-01,1.699952677708808646e-01,1.720228915690269478e-01,1.740849529142395324e-01,1.761772409948827167e-01,1.782955313479834547e-01,1.804355663297889378e-01,1.825931026105172272e-01,1.847638970881974596e-01,1.869437066515266810e-01,1.891283212123870128e-01,1.913135462224150318e-01,1.934952361139835597e-01,1.956692649083619506e-01,1.978315761492561720e-01,1.999781612184968194e-01,2.021050769371470768e-01,2.042084313440379328e-01,2.062844487325910525e-01,2.083293939622492263e-01,2.103396332846994843e-01,2.123116375673660405e-01,2.142419734810915577e-01,2.161273001400535465e-01,2.179643903284147755e-01,2.197501429013940522e-01,2.214815605469303839e-01,2.231557808422110212e-01,2.247700501139029694e-01,2.263217647493687701e-01,2.278084415794250639e-01,2.292277405415760194e-01,2.305774590667727386e-01,2.318555224099939915e-01,2.330600198200949713e-01,2.341891651666040408e-01,2.352413454724020248e-01,2.362150628506149985e-01,2.371089888456941741e-01,2.379219382102092384e-01,2.386528713784486222e-01,2.393009037655771110e-01,2.398652955710214585e-01,2.403454484021961823e-01,2.407409283568151259e-01,2.410514184540968052e-01,2.412767758335689905e-01,2.414169842893149343e-01,2.414721733228890332e-01,2.414426089232535599e-01,2.413286837271477192e-01,2.411309472907205986e-01,2.408500573103855014e-01,2.404868007397076013e-01,2.400421064290615136e-01,2.395170031576145664e-01,2.389126524639808569e-01,2.382303170925272051e-01,2.374713817337381627e-01,2.366373308598384573e-01,2.357297415404129293e-01,2.347503016876876236e-01,2.337007888890922647e-01,2.325830610329918668e-01,2.313990672803225013e-01,2.301508369730954906e-01,2.288404770098973751e-01,2.274701533096964157e-01,2.260420924943479515e-01,2.245585981124005592e-01,2.230220320459314065e-01,2.214347858972313399e-01,2.197993203573725685e-01,2.181181139546556069e-01,2.163937032733547483e-01,2.146286472328930717e-01,2.128255254972081789e-01,2.109869535695619858e-01,2.091155684681567928e-01,2.072139939488890914e-01,2.052848949936999512e-01,2.033309251335390366e-01,2.013547375665604433e-01,1.993589947881237445e-01,1.973463453032343884e-01,1.953194236403892337e-01,1.932808588219905588e-01,1.912332492293033759e-01,1.891791812787933236e-01,1.871212129990802442e-01,1.850618841144984483e-01,1.830036861989322028e-01,1.809490973600492714e-01,1.789005329154314816e-01,1.768603991101739548e-01,1.748310359367663547e-01,1.728147498897217027e-01,1.708138037949325505e-01,1.688304072751847240e-01,1.668667255446038555e-01,1.649248574667159795e-01,1.630068721898355610e-01,1.611147684658521262e-01,1.592504790828358496e-01,1.574159087910793065e-01,1.556128736941235213e-01,1.538431509020549981e-01,1.521084525148558297e-01,1.504104261815996102e-01,1.487506569056030459e-01,1.471306758797648329e-01,1.455519440980102275e-01,1.440158682517524436e-01,1.425237881680042895e-01,1.410769775949756166e-01,1.396766533751399586e-01,1.383239717878294306e-01,1.370200231820191406e-01,1.357658350548295867e-01,1.345623773317174698e-01,1.334105583670395223e-01,1.323112238104549587e-01,1.312651616358342377e-01,1.302731027215350557e-01,1.293357110676878197e-01,1.284536018006432467e-01,1.276273303545479021e-01,1.268573855317547683e-01,1.261442139830126485e-01,1.254882065172425176e-01,1.248896836703177748e-01,1.243489314230059178e-01
1.351826533454251189e-01,1.340284414011599090e-01,1.329604642552384697e-01,1.319812530789995775e-01,1.310931727882746201e-01,1.302984119788494211e-01,1.295989749090005194e-01,1.289966812103191252e-01,1.284931544184719221e-01,1.280898214706816807e-01,1.277879051763049778e-01,1.275884280480643895e-01,1.274921993137912990e-01,1.274998173521161016e-01,1.276116644349936935e-01,1.278279123072445511e-01,1.281485072833310479e-01,1.285731841861976199e-01,1.291014600521022959e-01,1.297326348416546205e-01,1.304657788337987290e-01,1.312997678983330585e-01,1.322332537374755757e-01,1.332646707150124399e-01,1.343922545004002100e-01,1.356140371210119155e-01,1.369278405382637620e-01,1.383312994886158886e-01,1.398218548415206264e-01,1.413967625367388570e-01,1.430530933965645513e-01,1.447877484107195356e-01,1.465974690632523281e-01,1.484788197582103952e-01,1.504282335715922958e-01,1.524419856096423109e-01,1.545162163883560535e-01,1.566469466323986426e-01,1.588300728781537052e-01,1.610613810820707426e-01,1.633365643990574156e-01,1.656512227836526296e-01,1.680008775609781457e-01,1.703809816705809943e-01,1.727869271923244965e-01,1.752140598257534154e-01,1.776576818139546654e-01,1.801130841686492123e-01,1.825755235680203981e-01,1.850402646102095316e-01,1.875025744587822674e-01,1.899577260027297265e-01,1.924010442204991955e-01,1.948278653474204425e-01,1.972335927807518929e-01,1.996136903381655336e-01,2.019636849970612436e-01,2.042791775248387898e-01,2.065558767297378528e-01,2.087895820460700935e-01,2.109762087651310403e-01,2.131117831485953296e-01,2.151924705350551636e-01,2.172145733275653579e-01,2.191745213603386588e-01,2.210689328996466030e-01,2.228945596025194986e-01,2.246483275745159991e-01,2.263273466742435902e-01,2.279289125401295080e-01,2.294504933355245302e-01,2.308897786089153248e-01,2.322446227809920327e-01,2.335131155266858272e-01,2.346935357113540954e-01,2.357843755699590704e-01,2.367843585447667598e-01,2.376924125985242497e-01,2.385076774879937023e-01,2.392295320349869248e-01,2.398575686581185806e-01,2.403915967255630670e-01,2.408316573067198485e-01,2.411780279236984403e-01,2.414311549558733339e-01,2.415917666344600534e-01,2.416607585463793895e-01,2.416392807658150621e-01,2.415286593157664197e-01,2.413304496097479213e-01,2.410463936553563224e-01,2.406784516115733907e-01,2.402287594586560437e-01,2.396996417089297671e-01,2.390936070882992148e-01,2.384133450749231220e-01,2.376616973764590912e-01,2.368416783817893223e-01,2.359564453982623267e-01,2.350093081262046302e-01,2.340037044443947500e-01,2.329432080272025030e-01,2.318314906189715141e-01,2.306723498960510377e-01,2.294696825299707976e-01,2.282274663389076697e-01,2.269497602245350298e-01,2.256406913953693527e-01,2.243044414361435313e-01,2.229452548494505471e-01,2.215673973561975152e-01,2.201751609663023523e-01,2.187728716214936420e-01,2.173648416739433487e-01,2.159553923434069378e-01,2.145488162485261197e-01,2.131493872761812125e-01,2.117613431711049543e-01,2.103888786219682283e-01,2.090361229257967912e-01,2.077071399193626267e-01,2.064059187255208039e-01,2.051363676123077462e-01,2.039022908405762335e-01,2.027073935226503809e-01,2.015552565796683848e-01,2.004493615039928678e-01,1.993930318206388885e-01,1.983894788306342361e-01,1.974417522227790989e-01,1.965527497165106274e-01,1.957252317056907276e-01,1.949617612109264819e-01,1.942647541245681453e-01,1.936364411781706929e-01,1.930788795300165950e-01,1.925939261891484455e-01,1.921832691335242094e-01,1.918483887551935274e-01,1.915905786874803618e-01,1.914109281908166760e-01,1.913103257906805243e-01,1.912894842147795649e-01,1.913488712158170069e-01,1.914887826909723867e-01,1.917093107385397788e-01,1.920103339204332071e-01,1.923915331757598268e-01,1.928524059047787564e-01,1.933922354591221249e-01,1.940101176852822851e-01,1.947049661732842274e-01,1.954754960542499087e-01,1.963202363927540606e-01,1.972375541516701303e-01,1.982256386462851461e-01,1.992824965237707524e-01,2.004059911030001695e-01,2.015938202855986905e-01,2.028435351627704275e-01,2.041525428682485210e-01,2.055181176872152848e-01,2.069374018283276495e-01,2.084074287769509259e-01,2.099251081110530825e-01,2.114872516459836704e-01,2.130905792881753469e-01,2.147317195202014528e-01,2.164072278900912583e-01,2.181135967586435020e-01,2.198472519012783510e-01,2.216045726325931720e-01,2.233819038145246072e-01,2.251755553616474614e-01,2.269818223061800255e-01,2.287969863157826855e-01,2.306173201732017453e-01,2.324391192104047488e-01,2.342586988022753169e-01,2.360723798192087552e-01,2.378765446571600162e-01,2.396676066416761619e-01,2.414420375266393415e-01,2.431963740919228789e-01,2.449272288736472347e-01,2.466312911171939237e-01,2.483053328876998478e-01,2.499462333779186585e-01,2.515509717160995251e-01,2.531166357234148623e-01,2.546404342142318256e-01,2.561197010643532779e-01,2.575518986418393053e-01,2.589346198172541857e-01,2.602656223921905321e-01,2.615427854132481578e-01,2.627641525044036031e-01,2.639279196274204597e-01,2.650324456245071736e-01,2.660762445534327614e-01,2.670580133970856251e-01,2.679765913257342036e-01,2.688310122616339726e-01,2.696204653392375583e-01,2.703443247774744984e-01,2.710021280916001807e-01,2.715935814603469001e-01,2.721185860826194625e-01,2.725771897044808600e-01,2.729696237059683894e-01,2.732962858405397211e-01,2.735577396516952753e-01,2.737547173371504550e-01,2.738880994248381606e-01,2.739589380752080472e-01,2.739684322744166955e-01,2.739179252168424394e-01,2.738089150823161400e-01,2.736430331850665532e-01,2.734220440891647064e-01,2.731478333502140865e-01,2.728224337424327572e-01,2.724479622008098567e-01,2.720266585070685861e-01,2.715608698547491984e-01,2.710530317915169629e-01,2.705056608735733059e-01,2.699213731774308678e-01,2.693028358296394309e-01,2.686527841234744307e-01,2.679740238961969556e-01,2.672693896241978839e-01,2.665417611489934169e-01,2.657940574985177551e-01,2.650292113855796106e-01,2.642501817676866094e-01,2.634599069367260515e-01,2.626613443969392225e-01,2.618574345795818270e-01,2.610511065084667459e-01,2.602452569136669558e-01,2.594427285384032222e-01,2.586463493933024993e-01,2.578588733017406209e-01,2.570830109022627652e-01,2.563214015877389174e-01,2.555766014863423141e-01,2.548510976850810184e-01,2.541472915207103056e-01,2.534674807482867331e-01,2.528138675581585448e-01,2.521885410143142048e-01,2.515934978780788867e-01,2.510306134439543313e-01,2.505016178813218031e-01,2.500081486191197411e-01,2.495516934679562482e-01,2.491336055988893905e-01,2.487551228083390575e-01,2.484173210633500994e-01,2.481211441479650170e-01,2.478673894125125732e-01,2.476567124385984919e-01,2.474896151055959170e-01,2.473664657408627954e-01,2.472874658236435819e-01,2.472526840789091573e-01,2.472620321177694536e-01,2.473152867396434251e-01,2.474120655977723182e-01,2.475518584476745221e-01,2.477339964856941634e-01,2.479576892745430916e-01,2.482220075233344814e-01,2.485258747001770629e-01,2.488681056996913665e-01,2.492473839034848870e-01,2.496622612854354495e-01,2.501112045590769273e-01,2.505925266325367273e-01,2.511044761777331824e-01,2.516451816598146984e-01,2.522126843757609427e-01,2.528049437307763880e-01,2.534198227761941258e-01,2.540551271342079698e-01,2.547085848150703047e-01,2.553778686863577563e-01,2.560606069138909868e-01,2.567543664285824034e-01,2.574566836284924998e-01,2.581650751361920237e-01,2.588770138844211921e-01,2.595899654434209447e-01,2.603014010385057420e-01,2.610087771366349507e-01,2.617095710878829529e-01,2.624012495157587721e-01,2.630813397440291412e-01,2.637473644003525131e-01,2.643969138681888098e-01,2.650276030075620626e-01,2.656371077586574536e-01,2.662231580039983170e-01,2.667835576831715239e-01,2.673161798291376345e-01,2.678189695334139975e-01,2.682899673130880180e-01,2.687272987954893999e-01,2.691292014572695956e-01,2.694939747950313991e-01,2.698200591887287003e-01,2.701060180875705097e-01,2.703504824926964978e-01,2.705522511145295739e-01,2.707102099449175125e-01,2.708233993109761539e-01,2.708909662342569025e-01,2.709122077422327357e-01,2.708865444436345804e-01,2.708135199170355611e-01,2.706928460323291818e-01,2.705243474938978099e-01,2.703079964773792976e-01,2.700438921418848448e-01,2.697322911317074356e-01,2.693735642597899216e-01,2.689682380717147714e-01,2.685169581662879557e-01,2.680205076058752578e-01,2.674797993408107311e-01,2.668958781919192891e-01,2.662699045170890400e-01,2.656031605044615884e-01,2.648970431009282644e-01,2.641530739970325836e-01,2.633728593479024993e-01,2.625581337906777168e-01,2.617107087203567328e-01,2.608324933852104732e-01,2.599254909414266956e-01,2.589917710133997075e-01,2.580334920300013657e-01,2.570528623746906605e-01,2.560521717225147653e-01,2.550337414867035468e-01,2.539999531743664662e-01,2.529532253849255952e-01,2.518960014063461039e-01,2.508307649814016105e-01,2.497599948581090135e-01,2.486861982753916234e-01,2.476118724637361712e-01,2.465395198747029337e-01,2.454716083268728977e-01,2.444106060428841432e-01,2.433589339581904987e-01,2.423190005497159738e-01,2.412931449978974185e-01,2.402836683733865220e-01,2.392927982611169624e-01,2.383227272991603751e-01,2.373755441720830084e-01,2.364532718714462689e-01,2.355578543921654222e-01,2.346911217305669983e-01,2.338548269025932935e-01,2.330506167315455068e-01,2.322800114362854051e-01,2.315444495792289004e-01,2.308452123276578671e-01,2.301834928410280423e-01,2.295603244269799614e-01,2.289766337829693965e-01,2.284332118127993250e-01,2.279306884441573422e-01,2.274695872278790221e-01,2.270502543218295699e-01,2.266729123981159610e-01,2.263376502216618014e-01,2.260443802811231973e-01,2.257928825164476905e-01,2.255828051590293981e-01,2.254136218079610676e-01,2.252846809106342496e-01,2.251951797359840191e-01,2.251441631766511742e-01,2.251305450814525266e-01,2.251531252386822501e-01,2.252105077762139862e-01,2.253012163380821442e-01,2.254236259071916437e-01,2.255759899938045987e-01,2.257564451866181932e-01,2.259630121852026774e-01,2.261935992725910560e-01,2.264460053121408745e-01,2.267179434883567768e-01,2.270070228985257565e-01,2.273107779518306892e-01,2.276266597995079688e-01,2.279520384096883900e-01,2.282842430875287876e-01,2.286205120157164261e-01,2.289580698049473173e-01,2.292940690193421560e-01,2.296256591186235652e-01,2.299499356099713177e-01,2.302639977641934566e-01,2.305649268130981200e-01,2.308498044669504146e-01,2.311157352017632061e-01,2.313598174729236123e-01,2.315791996831668420e-01,2.317710453668072323e-01,2.319325783191337753e-01,2.320610632160509390e-01,2.321538234004389412e-01,2.322082599629697319e-01,2.322218511361607840e-01,2.321921489423724727e-01,2.321168052011954308e-01,2.319935644113590711e-01,2.318203060827169482e-01,2.315949800451213014e-01,2.313156899946264278e-01,2.309806608049463916e-01
2.734698841088627486e-01,2.728677803694153914e-01,2.722308880844171441e-01,2.715605620976334067e-01,2.708582328953892948e-01,2.701253924349130697e-01,2.693636107939321733e-01,2.685745136038455994e-01,2.677597891010869424e-01,2.669211878488812473e-01,2.660604952826564062e-01,2.651795818476190281e-01,2.642803362162646219e-01,2.633646877801514297e-01,2.624346269461260150e-01,2.614921592456020960e-01,2.605393420734260501e-01,2.595782261905254518e-01,2.586109318139575008e-01,2.576395607972477575e-01,2.566662374791724988e-01,2.556931173872800112e-01,2.547223435545638015e-01,2.537560585972375438e-01,2.527964238218624038e-01,2.518455897776753494e-01,2.509056772649916334e-01,2.499788124172610537e-01,2.490671173255273874e-01,2.481726606037600591e-01,2.472975062258050971e-01,2.464436902863912648e-01,2.456132110268084701e-01,2.448080283523793033e-01,2.440300600403356446e-01,2.432812042416517828e-01,2.425632783765288292e-01,2.418780748433992656e-01,2.412273239253858725e-01,2.406126917979599933e-01,2.400357953285602308e-01,2.394981974395364310e-01,2.390013818737628526e-01,2.385467694584823273e-01,2.381357048062738846e-01,2.377694724814501948e-01,2.374492832471728487e-01,2.371762550432370553e-01,2.369514364186720012e-01,2.367758044388587890e-01,2.366502444452334708e-01,2.365755619078701300e-01,2.365524740056416386e-01,2.365816143338863864e-01,2.366635438878956499e-01,2.367987101008671991e-01,2.369874914153039802e-01,2.372301667622795929e-01,2.375269381321963302e-01,2.378779192579966728e-01,2.382831190560732171e-01,2.387424663777387990e-01,2.392558057960173512e-01,2.398228898995435066e-01,2.404433888099713756e-01,2.411168733423956489e-01,2.418428471597119933e-01,2.426207131378128878e-01,2.434498006176428198e-01,2.443293606491437342e-01,2.452585438666545492e-01,2.462364397206183442e-01,2.472620640307989504e-01,2.483343447790032910e-01,2.494521484380048948e-01,2.506142476093793370e-01,2.518193776240698067e-01,2.530661817169042038e-01,2.543532670996603295e-01,2.556791348595474078e-01,2.570422821853847739e-01,2.584411095857009344e-01,2.598739783527832525e-01,2.613391909418070203e-01,2.628350202052439077e-01,2.643596743454669773e-01,2.659113375737351959e-01,2.674881437162939801e-01,2.690881899833298396e-01,2.707095500330531368e-01,2.723502582344435319e-01,2.740083453957762316e-01,2.756817931023200496e-01,2.773685642104156690e-01,2.790666338793832413e-01,2.807739348686759118e-01,2.824884035681347605e-01,2.842079706824401364e-01,2.859305615473456963e-01,2.876540992782674055e-01,2.893765175929253752e-01,2.910957459003314374e-01,2.928097325416307850e-01,2.945164356803361971e-01,2.962138343100323978e-01,2.978999159704671107e-01,2.995726927678856732e-01,3.012302018747605170e-01,3.028705120404943107e-01,3.044917332639414664e-01,3.060919761275926465e-01,3.076694096689559510e-01,3.092222483885501139e-01,3.107487190260904142e-01,3.122471221558662524e-01,3.137157699268067201e-01,3.151530518828304928e-01,3.165574033694585898e-01,3.179272879114966588e-01,3.192612417536341285e-01,3.205578470752595832e-01,3.218157531882167022e-01,3.230336632257644891e-01,3.242103151843596653e-01,3.253445586319200777e-01,3.264352558173480023e-01,3.274813732298994529e-01,3.284818962657202190e-01,3.294359263197689791e-01,3.303425880602363085e-01,3.312011020316990018e-01,3.320107411323601765e-01,3.327708470488837111e-01,3.334808335722162509e-01,3.341401938965657403e-01,3.347484695402321853e-01,3.353052838533549518e-01,3.358103311798344981e-01,3.362633745247296524e-01,3.366642248110124358e-01,3.370128083705360988e-01,3.373090616020286148e-01,3.375530437259878780e-01,3.377448407477483538e-01,3.378846261506741611e-01,3.379726325794126796e-01,3.380091721054568343e-01,3.379945965855630230e-01,3.379293375864774185e-01,3.378138903675880766e-01,3.376488059421264842e-01,3.374346949180322408e-01,3.371722407641559727e-01,3.368621596194684154e-01,3.365052479857223999e-01,3.361023535085109204e-01,3.356543696015125144e-01,3.351622444437870607e-01,3.346269799843236692e-01,3.340496187899199554e-01,3.334312822043337676e-01,3.327730861941921026e-01,3.320762355088267004e-01,3.313419556708903646e-01,3.305715308028391308e-01,3.297662538774435159e-01,3.289274850852004217e-01,3.280566163117119571e-01,3.271550497345338537e-01,3.262242458132096901e-01,3.252656906402465742e-01,3.242808881746521710e-01,3.232713571742150682e-01,3.222386895867125900e-01,3.211844451626821306e-01,3.201102300478453344e-01,3.190176690065738008e-01,3.179083980845773816e-01,3.167840827425404404e-01,3.156463623158385357e-01,3.144969364521042476e-01,3.133374757920448506e-01,3.121696847576863609e-01,3.109952609697039239e-01,3.098158977401289094e-01,3.086333107169329515e-01,3.074491878275429912e-01,3.062652389731916336e-01,3.050831546907107894e-01,3.039046371658977730e-01,3.027313589531420157e-01,3.015649979158322447e-01,3.004072150523522389e-01,2.992596615538282157e-01,2.981239693328742169e-01,2.970017603228525260e-01,2.958946360045740520e-01,2.948041795968376899e-01,2.937319391451509998e-01,2.926794686731137851e-01,2.916482648544044265e-01,2.906398234558177918e-01,2.896556019323967557e-01,2.886970317500450189e-01,2.877655080412728772e-01,2.868623980535411344e-01,2.859890405270906211e-01,2.851467226450380976e-01,2.843367216401562203e-01,2.835602608012702808e-01,2.828185155136235251e-01,2.821126405564447492e-01,2.814437434908232949e-01,2.808128777199908610e-01,2.802210705470466467e-01,2.796692843190615729e-01,2.791584593748577259e-01,2.786894669202713559e-01,2.782631535325689742e-01,2.778802810791447531e-01,2.775415993454790620e-01,2.772477805029172071e-01,2.769994618563152988e-01,2.767972145921728799e-01,2.766415676960904957e-01,2.765329869700594023e-01,2.764718823086197985e-01,2.764586164203770013e-01,2.764934885897653571e-01,2.765767475208255610e-01,2.767085702355507326e-01,2.768890967735649355e-01,2.771183897172434518e-01,2.773964605594789190e-01,2.777232629812407816e-01,2.780986883019412881e-01,2.785225642147640124e-01,2.789946614514907663e-01,2.795146964317358207e-01,2.800823211671832347e-01,2.806971242019022927e-01,2.813586299574395433e-01,2.820663097812529108e-01,2.828195842761877521e-01,2.836177926557726381e-01,2.844602246863640049e-01,2.853461227540338152e-01,2.862746427684071948e-01,2.872449115467157754e-01,2.882559884842097464e-01,2.893068634908963488e-01,2.903964738283117963e-01,2.915237264160435160e-01,2.926874327165240874e-01,2.938863952087118481e-01,2.951193073341540907e-01,2.963848786444827077e-01,2.976817070473171678e-01,2.990083837967537073e-01,3.003634229179993897e-01,3.017453077478682300e-01,3.031524704910672496e-01,3.045833054873391399e-01,3.060361585228867920e-01,3.075093279297252402e-01,3.090010933670703785e-01,3.105096830091252924e-01,3.120332880198793402e-01,3.135700753816590969e-01,3.151181669918302064e-01,3.166756865142255073e-01,3.182406808605247051e-01,3.198112165176799082e-01,3.213853190566612894e-01,3.229609887870955598e-01,3.245362187424113420e-01,3.261089792947200472e-01,3.276772387813927656e-01,3.292389320018158094e-01,3.307920076403851328e-01,3.323344084964244272e-01,3.338640576268510629e-01,3.353788831195305686e-01,3.368768379906639243e-01,3.383558590487192874e-01,3.398138762653541978e-01,3.412488722303614885e-01,3.426588007459419050e-01,3.440416727483636694e-01,3.453954857417902424e-01,3.467182819766213564e-01,3.480081052905068528e-01,3.492630486395357781e-01,3.504812261549238306e-01,3.516607948259539151e-01,3.527999324575803453e-01,3.538968729922160605e-01,3.549498780975762213e-01,3.559572683376642233e-01,3.569173975711618096e-01,3.578286684690038522e-01,3.586895631061339240e-01,3.594986015908099852e-01,3.602543415292860374e-01,3.609554286752665875e-01,3.616005661421127226e-01,3.621885326030850893e-01,3.627181356939644385e-01,3.631882814642682367e-01,3.635979669829078054e-01,3.639462173308413706e-01,3.642321627588730459e-01,3.644550016574493734e-01,3.646140172491045828e-01,3.647085599802568634e-01,3.647380952406688581e-01,3.647021301773088475e-01,3.646002643266969545e-01,3.644322253298939440e-01,3.641977669163275477e-01,3.638967804627087355e-01,3.635292186129377989e-01,3.630951293087720244e-01,3.625946479593120664e-01,3.620280077831247723e-01,3.613955341197684912e-01,3.606976271043090820e-01,3.599347910828434860e-01,3.591076112772778051e-01,3.582167677831621933e-01,3.572630321152731048e-01,3.562472636799537407e-01,3.551704086338600130e-01,3.540334916116355535e-01,3.528376305810928537e-01,3.515840404577473266e-01,3.502739823460596646e-01,3.489088427943068393e-01,3.474900630827670311e-01,3.460191737128270328e-01,3.444977553344047427e-01,3.429275043451651128e-01,3.413101592771843884e-01,3.396475256016016631e-01,3.379415019793278185e-01,3.361940230646817684e-01,3.344071099534871028e-01,3.325828166688739040e-01,3.307232694368559822e-01,3.288306500919829234e-01,3.269071768329815386e-01,3.249551205365464046e-01,3.229767963653165652e-01,3.209745593455169410e-01,3.189507884095968415e-01,3.169079093524111990e-01,3.148483845986480567e-01,3.127746569792892450e-01,3.106892451801601673e-01,3.085946556001811780e-01,3.064933995075235784e-01,3.043880268592133453e-01,3.022810560503881860e-01,3.001750456556234181e-01,2.980725127774642158e-01,2.959759943842155128e-01,2.938880069508099657e-01,2.918110493777975600e-01,2.897475995490639833e-01,2.877001187100449719e-01,2.856710349972904628e-01,2.836627534284314467e-01,2.816776214943743084e-01,2.797179854480786321e-01,2.777860988970092260e-01,2.758842206804793529e-01,2.740145255904070098e-01,2.721791307335731380e-01,2.703801200306836794e-01,2.686194918000465170e-01,2.668992025427240344e-01,2.652211293969877759e-01,2.635870683129284409e-01,2.619987533671772617e-01,2.604578421104799535e-01,2.589659126499311292e-01,2.575244478797072412e-01,2.561348711228471076e-01,2.547984781479029071e-01,2.535165269346831840e-01,2.522901406230058097e-01,2.511203664721142759e-01,2.500081639084256180e-01,2.489543838957061217e-01,2.479597811941683383e-01,2.470250158381947503e-01,2.461506406383876522e-01,2.453371177536081416e-01,2.445847959897383683e-01,2.438939319586687360e-01,2.432646754627750540e-01,2.426970719000587084e-01,2.421910607030182405e-01,2.417464962926955951e-01,2.413631025843831490e-01,2.410405318379104378e-01,2.407783140227649499e-01,2.405758937955381205e-01,2.404326079835103769e-01,2.403477015217286850e-01,2.403203228819420778e-01,2.403495283041190422e-01,2.404342773443332859e-01,2.405734407519389551e-01,2.407658063235859069e-01,2.410100764440807897e-01,2.413048673596245586e-01,2.416487114217988619e-01,2.420400774952583267e-01,2.424773412513547277e-01,2.429588299137953600e-01,2.434827842273952492e-01,2.440473831862724485e-01,2.446507555443576398e-01,2.452909623645857795e-01,2.459660143281584554e-01,2.466738759219471444e-01
1.678150163090816049e-01,1.663230043589987162e-01,1.648939163362688753e-01,1.635289512081945507e-01,1.622292248624095379e-01,1.609957763906149086e-01,1.598295568826185731e-01,1.587314571910280747e-01,1.577022649690230927e-01,1.567427047786917882e-01,1.558534037905542902e-01,1.550349155285788705e-01,1.542877077126465768e-01,1.536121669163738046e-01,1.530085966172022027e-01,1.524772191403861166e-01,1.520181732977297639e-01,1.516315213709486243e-01,1.513172297927086463e-01,1.510752046402511484e-01,1.509052574007815062e-01,1.508071380047129872e-01,1.507804963393093722e-01,1.508249302141503045e-01,1.509399408913598695e-01,1.511249787295364522e-01,1.513793962588372566e-01,1.517025008561520005e-01,1.520935188867340027e-01,1.525516099710213513e-01,1.530758723262504728e-01,1.536653422683998405e-01,1.543189882373117716e-01,1.550357284474778163e-01,1.558144238849596963e-01,1.566538746327669207e-01,1.575528322398547509e-01,1.585100089296992143e-01,1.595240498088565662e-01,1.605935731703418134e-01,1.617171450587809034e-01,1.628933007536644273e-01,1.641205215651171945e-01,1.653972789322270265e-01,1.667219935887792881e-01,1.680930574066553662e-01,1.695088476992788196e-01,1.709677033547610803e-01,1.724679603487438151e-01,1.740079134165917474e-01,1.755858531785545740e-01,1.772000645509322347e-01,1.788488005420443006e-01,1.805303194108620612e-01,1.822428711992750416e-01,1.839847084165859292e-01,1.857540593989539801e-01,1.875491818553509660e-01,1.893683196833075011e-01,1.912097331879334394e-01,1.930716719890905597e-01,1.949524135399690328e-01,1.968502418953220756e-01,1.987634559695249103e-01,2.006903659418750041e-01,2.026293017938061436e-01,2.045786171837100653e-01,2.065366831936148173e-01,2.085018972829167372e-01,2.104726694923103325e-01,2.124474583983817499e-01,2.144247352238522197e-01,2.164029985488536423e-01,2.183807809578829640e-01,2.203566500548597706e-01,2.223291991475933871e-01,2.242970521821051610e-01,2.262588882954344183e-01,2.282133990099085574e-01,2.301593176176460198e-01,2.320954201468374833e-01,2.340205084147426451e-01,2.359334398631389718e-01,2.378330907359562374e-01,2.397183875445104140e-01,2.415882912191654741e-01,2.434418082460446664e-01,2.452779717412317262e-01,2.470958612302747159e-01,2.488945993655923838e-01,2.506733340166604207e-01,2.524312709101271812e-01,2.541676412910118810e-01,2.558817084595252922e-01,2.575727898853013564e-01,2.592402318279715123e-01,2.608834160225838028e-01,2.625017651377291594e-01,2.640947317301953756e-01,2.656618040775923228e-01,2.672025125510215648e-01,2.687164101904950808e-01,2.702030972395917385e-01,2.716621884360475025e-01,2.730933460709727423e-01,2.744962427439647801e-01,2.758706082559768680e-01,2.772161767212572014e-01,2.785327273158220152e-01,2.798200471928762312e-01,2.810779730913474661e-01,2.823063363734255593e-01,2.835050289863426665e-01,2.846739336503815720e-01,2.858129785616746465e-01,2.869220921653811707e-01,2.880012460721727008e-01,2.890504043621812125e-01,2.900695779010767361e-01,2.910587731500421937e-01,2.920180211292810468e-01,2.929473697814100608e-01,2.938468850504976637e-01,2.947166315378169643e-01,2.955567059221049231e-01,2.963671976723118440e-01,2.971482354774983015e-01,2.978999311127800698e-01,2.986224229444737754e-01,2.993158460345074490e-01,2.999803617021536972e-01,3.006161188235249027e-01,3.012232926523853993e-01,3.018020507925502360e-01,3.023525737371223765e-01,3.028750500184454464e-01,3.033696752292294740e-01,3.038366472700229637e-01,3.042761598807742773e-01,3.046884265802008440e-01,3.050736522147474150e-01,3.054320601328867624e-01,3.057638639191591623e-01,3.060692812790700157e-01,3.063485496854790324e-01,3.066018927830402307e-01,3.068295408861846374e-01,3.070317239701770284e-01,3.072086907374831366e-01,3.073606768229630859e-01,3.074879293555339843e-01,3.075906915381246276e-01,3.076692208414747443e-01,3.077237622447734910e-01,3.077545807842596570e-01,3.077619333504417187e-01,3.077460845021624536e-01,3.077073030616422344e-01,3.076458688616651727e-01,3.075620382900328131e-01,3.074561097913026675e-01,3.073283605848058375e-01,3.071790833966252521e-01,3.070085735314292408e-01,3.068171219701460450e-01,3.066050470116630233e-01,3.063726473384235094e-01,3.061202455732983663e-01,3.058481595654229390e-01,3.055567165101093496e-01,3.052462560688330995e-01,3.049171137828281530e-01,3.045696395092882258e-01,3.042041813468034928e-01,3.038211039723965889e-01,3.034207701701170379e-01,3.030035661512554546e-01,3.025698569982608888e-01,3.021200426248230042e-01,3.016545050031717579e-01,3.011736535080629107e-01,3.006779073305744232e-01,3.001676684531100481e-01,2.996433594444428139e-01,2.991054231638631267e-01,2.985542896226963672e-01,2.979903854042569300e-01,2.974141817445309366e-01,2.968261315349646767e-01,2.962266875709886893e-01,2.956163169169377380e-01,2.949954982850905849e-01,2.943646978796480296e-01,2.937244196217455583e-01,2.930751293375373212e-01,2.924173300147937526e-01,2.917515068771291964e-01,2.910781608240041174e-01,2.903977936666701787e-01,2.897109069758435629e-01,2.890180074295697898e-01,2.883195953839247649e-01,2.876161824663053812e-01,2.869082766835043818e-01,2.861963821135586894e-01,2.854809995702371483e-01,2.847626462959251259e-01,2.840418123132353312e-01,2.833190066236614402e-01,2.825947166519846565e-01,2.818694507847681607e-01,2.811436826543370904e-01,2.804179157569409719e-01,2.796926083099479099e-01,2.789682513080443127e-01,2.782452962844241817e-01,2.775242202999933516e-01,2.768054558705458357e-01,2.760894674143051786e-01,2.753766779035809464e-01,2.746675157280112911e-01,2.739624045723144108e-01,2.732617408240579082e-01,2.725659303484899154e-01,2.718753641699311885e-01,2.711903969095300071e-01,2.705114053793355455e-01,2.698387357032260847e-01,2.691727330197125068e-01,2.685137106043302690e-01,2.678619956956420634e-01,2.672178723461607341e-01,2.665816468461572608e-01,2.659535734830092424e-01,2.653339225479803831e-01,2.647229410039391162e-01,2.641208583493840356e-01,2.635278956923128302e-01,2.629442547614462278e-01,2.623701273571681925e-01,2.618056989994795303e-01,2.612511300338877795e-01,2.607065754623474896e-01,2.601721674465640177e-01,2.596480471083330022e-01,2.591343120814882384e-01,2.586310762825108078e-01,2.581384286041139009e-01,2.576564508859352509e-01,2.571852062641088454e-01,2.567247638212900029e-01,2.562751638510882835e-01,2.558364451627997971e-01,2.554086449772119405e-01,2.549917848936070208e-01,2.545858822753575001e-01,2.541909403687449553e-01,2.538069651715191832e-01,2.534339469802278089e-01,2.530718891503953016e-01,2.527207775414479496e-01,2.523805831580852033e-01,2.520513004129140699e-01,2.517329064612850442e-01,2.514253746829678837e-01,2.511286813107452831e-01,2.508428122378499325e-01,2.505677360269631948e-01,2.503034327544851334e-01,2.500498941094047023e-01,2.498070980021740162e-01,2.495750325997328767e-01,2.493536933489075569e-01,2.491430666763330415e-01,2.489431716944840167e-01,2.487540036217942285e-01,2.485755906544897809e-01,2.484079503496281760e-01,2.482511175114986146e-01,2.481051266051878812e-01,2.479700355468974493e-01,2.478458847125108999e-01,2.477327633565736820e-01,2.476307411736798914e-01,2.475398961415825327e-01,2.474603349516815987e-01,2.473921676953681759e-01,2.473355085407906995e-01,2.472904904084805844e-01,2.472572588487040035e-01,2.472359683077175185e-01,2.472267739957720312e-01,2.472298529368464892e-01,2.472453945521026208e-01,2.472735926027457565e-01,2.473146511074986731e-01,2.473687934545592548e-01,2.474362408874019870e-01,2.475172184389203833e-01,2.476119795114787026e-01,2.477207750416542953e-01,2.478438561614173252e-01,2.479814925618716304e-01,2.481339566696232901e-01,2.483015175454941215e-01,2.484844592228638016e-01,2.486830746296854466e-01,2.488976361393554215e-01,2.491284351092862559e-01,2.493757637554331885e-01,2.496399034664530947e-01,2.499211400216140022e-01,2.502197695281814238e-01,2.505360551390420354e-01,2.508702741668995539e-01,2.512226997874313361e-01,2.515935855520545772e-01,2.519831873964794022e-01,2.523917404869242542e-01,2.528194813905214611e-01,2.532666137501951020e-01,2.537333426278135518e-01,2.542198557358558153e-01,2.547263215304011452e-01,2.552528843874782294e-01,2.557996759157238897e-01,2.563667978393048830e-01,2.569543539596513271e-01,2.575623782507128201e-01,2.581909327172517421e-01,2.588400073000608481e-01,2.595095891585937897e-01,2.601996297805275749e-01,2.609100479618945978e-01,2.616407376880554581e-01,2.623915488628852932e-01,2.631623099843456992e-01,2.639528078324355764e-01,2.647627906404241838e-01,2.655919740829053022e-01,2.664400403952709717e-01,2.673066227758379987e-01,2.681913210679984227e-01,2.690936929876067141e-01,2.700132599686733692e-01,2.709494961884888475e-01,2.719018451170512329e-01,2.728696978296010212e-01,2.738523988362687733e-01,2.748492643853324147e-01,2.758595562881052676e-01,2.768824975569229019e-01,2.779172795875246571e-01,2.789630368289189866e-01,2.800188671022721398e-01,2.810838212593474439e-01,2.821569194003862302e-01,2.832371304502601661e-01,2.843233930811224219e-01,2.854145996943684427e-01,2.865096051849644332e-01,2.876072287388659610e-01,2.887062494655758815e-01,2.898054209442678109e-01,2.909034489032137349e-01,2.919990108757171687e-01,2.930907743632614193e-01,2.941773375299749360e-01,2.952572928982628575e-01,2.963292143330614192e-01,2.973916306828077727e-01,2.984430655179929337e-01,2.994820119617773724e-01,3.005069469503134361e-01,3.015163319402491826e-01,3.025086086614153236e-01,3.034822097639259808e-01,3.044355646036089325e-01,3.053670816963056645e-01,3.062751700985820169e-01,3.071582391446928129e-01,3.080147008279036647e-01,3.088429520445504228e-01,3.096414201901314112e-01,3.104085211016449630e-01,3.111426805028351117e-01,3.118423490109416552e-01,3.125059814514983825e-01,3.131320589499230755e-01,3.137190917665987899e-01,3.142655872202985146e-01,3.147701086226665779e-01,3.152312218414440315e-01,3.156475467344384001e-01,3.160177262908125950e-01,3.163404412747087280e-01,3.166144147511287255e-01,3.168384210550582170e-01,3.170112624405569401e-01,3.171318006044585580e-01,3.171989329376471711e-01,3.172116403638309823e-01,3.171689191671503427e-01,3.170698576741567964e-01,3.169135746154239097e-01,3.166992715834665018e-01,3.164261976793462661e-01,3.160936904425375449e-01,3.157011213665505966e-01,3.152479581976965761e-01,3.147337251183130458e-01,3.141580342461464670e-01,3.135205452036284313e-01,3.128210256531266942e-01,3.120592848440912892e-01,3.112352410003586534e-01,3.103488593916500227e-01,3.094002268646472431e-01,3.083894542826799423e-01,3.073167913008981733e-01,3.061825115978894507e-01,3.049870238204397399e-01,3.037307843282805453e-01,3.024143407863198463e-01,3.010383101858360999e-01,2.996034216080760149e-01,2.981104598631991731e-01
2.269993304304353532e-01,2.276886538495225265e-01,2.283212530189449585e-01,2.288976971961386997e-01,2.294186494408275712e-01,2.298848315149553678e-01,2.302970625022461304e-01,2.306562378274722436e-01,2.309633135002681081e-01,2.312193252135413268e-01,2.314253779375662623e-01,2.315826377770261180e-01,2.316923318377771546e-01,2.317557515865535656e-01,2.317742385340130773e-01,2.317491901048769065e-01,2.316820427248061920e-01,2.315742915061566598e-01,2.314274742025279608e-01,2.312431468137741974e-01,2.310229245743466442e-01,2.307684399573838585e-01,2.304813561257988974e-01,2.301633616369053170e-01,2.298161639145372970e-01,2.294414882523778954e-01,2.290410669358083351e-01,2.286166559337042270e-01,2.281700000486869551e-01,2.277028614529770234e-01,2.272169834662330634e-01,2.267141326861124018e-01,2.261960412947909560e-01,2.256644423754445294e-01,2.251210468904783213e-01,2.245675660548713537e-01,2.240056685669464531e-01,2.234370098767098634e-01,2.228632197955737748e-01,2.222858992904530873e-01,2.217066026233812381e-01,2.211268699754116163e-01,2.205481863425804712e-01,2.199720151883203245e-01,2.193997555557559431e-01,2.188327787614874620e-01,2.182724009387245478e-01,2.177198961684945200e-01,2.171764829870459212e-01,2.166433235388716128e-01,2.161215369441600587e-01,2.156121777361786340e-01,2.151162488182651322e-01,2.146346906042101155e-01,2.141683903447539894e-01,2.137181706308795281e-01,2.132848016529053647e-01,2.128689748396254688e-01,2.124713383468239125e-01,2.120924765739451989e-01,2.117328979767209296e-01,2.113930600111768032e-01,2.110733501747808494e-01,2.107741016685922286e-01,2.104955783178920903e-01,2.102379845530505387e-01,2.100014639672198036e-01,2.097861041585423469e-01,2.095919230988737836e-01,2.094188872993349992e-01,2.092669015377688069e-01,2.091358138408225265e-01,2.090254234262632627e-01,2.089354635615914280e-01,2.088656190962322190e-01,2.088155259718785517e-01,2.087847618780189762e-01,2.087728706634735254e-01,2.087793353242884120e-01,2.088035982429888859e-01,2.088450554657648450e-01,2.089030691262107053e-01,2.089769548981522673e-01,2.090659909501552949e-01,2.091694285155870914e-01,2.092864721540149131e-01,2.094163036209865936e-01,2.095580746571293340e-01,2.097109055622276008e-01,2.098739005882654940e-01,2.100461319942502347e-01,2.102266517644536259e-01,2.104145044726424552e-01,2.106087081459816490e-01,2.108082685516699251e-01,2.110121804600484652e-01,2.112194360686552586e-01,2.114290090649467435e-01,2.116398720831426661e-01,2.118510072901192975e-01,2.120613727283159333e-01,2.122699415480485963e-01,2.124756968662278866e-01,2.126776105815125772e-01,2.128746753512159584e-01,2.130658850503888979e-01,2.132502473420603839e-01,2.134267905839614399e-01,2.135945383677970433e-01,2.137525455329863933e-01,2.138998923877686031e-01,2.140356543362204600e-01,2.141589503844968934e-01,2.142689132809439956e-01,2.143646950105733973e-01,2.144454855472292532e-01,2.145104839722098700e-01,2.145589327520214251e-01,2.145901001673379827e-01,2.146032735772676892e-01,2.145977879310812519e-01,2.145729948609674531e-01,2.145282853201542494e-01,2.144630852600643567e-01,2.143768523780146262e-01,2.142690792417812906e-01,2.141392932842823837e-01,2.139870613581686676e-01,2.138119794872515855e-01,2.136136867627831393e-01,2.133918526774232771e-01,2.131461875591017519e-01,2.128764430620724013e-01,2.125824017482685624e-01,2.122638771218060272e-01,2.119207452098837152e-01,2.115528889952668357e-01,2.111602471602340436e-01,2.107427830663661794e-01,2.103005096795421136e-01,2.098334704517949845e-01,2.093417463316321614e-01,2.088254459422930198e-01,2.082847192338138642e-01,2.077197592894332590e-01,2.071307772751189713e-01,2.065180341805638031e-01,2.058818053287333194e-01,2.052224196320341920e-01,2.045402185553545915e-01,2.038355864489125313e-01,2.031089470563944011e-01,2.023607295121752359e-01,2.015914124729401014e-01,2.008014951683654847e-01,1.999915096544123139e-01,1.991619993798515453e-01,1.983135612852902352e-01,1.974467920950848387e-01,1.965623317496486000e-01,1.956608315538944931e-01,1.947429658991209345e-01,1.938094473841308063e-01,1.928609880484336292e-01,1.918983350208760819e-01,1.909222514098571910e-01,1.899335172003011885e-01,1.889329344315971437e-01,1.879213180737481781e-01,1.868995061028255189e-01,1.858683383700535652e-01,1.848286951049767646e-01,1.837814391869290742e-01,1.827274718145692756e-01,1.816676899514889920e-01,1.806030186503234380e-01,1.795343705987404725e-01,1.784626926046128381e-01,1.773889312546833574e-01,1.763140298666602546e-01,1.752389541461134570e-01,1.741646747681724339e-01,1.730921679952761028e-01,1.720224026947530793e-01,1.709563772427732664e-01,1.698950687682193872e-01,1.688394709208785871e-01,1.677905740947810420e-01,1.667493789137922955e-01,1.657168649106720570e-01,1.646940437618583664e-01,1.636818989890656550e-01,1.626814228782090532e-01,1.616935992718177284e-01,1.607194202084304968e-01,1.597598641143339326e-01,1.588159060583163862e-01,1.578885126986947773e-01,1.569786516941773236e-01,1.560872732285639719e-01,1.552153262502030950e-01,1.543637453620471112e-01,1.535334600217612699e-01,1.527253801290941737e-01,1.519404162288579552e-01,1.511794474447939185e-01,1.504433642056498543e-01,1.497330129085590877e-01,1.490492521435391182e-01,1.483929015391385331e-01,1.477647742236992690e-01,1.471656595599334094e-01,1.465963254808201333e-01,1.460575316453574801e-01,1.455500000416524442e-01,1.450744406651858776e-01,1.446315369478028967e-01,1.442219301285803945e-01,1.438462703560027256e-01,1.435051489058339902e-01,1.431991425338509094e-01,1.429287974453084809e-01,1.426946309843076244e-01,1.424971195805515012e-01,1.423367210078597123e-01,1.422138446376037535e-01,1.421288811596798929e-01,1.420821693917472262e-01,1.420740209654396402e-01,1.421047060744304036e-01,1.421744583645751792e-01,1.422834698010634891e-01,1.424318939213238544e-01,1.426198379551864293e-01,1.428473684357158546e-01,1.431145041972299581e-01,1.434212319293730609e-01,1.437674749735412538e-01,1.441531294328722290e-01,1.445780265492042360e-01,1.450419645129223112e-01,1.455446767269109043e-01,1.460858624243585036e-01,1.466651674403897654e-01,1.472821851227038847e-01,1.479364544344762278e-01,1.486274743107537100e-01,1.493546751485355373e-01,1.501174493268572219e-01,1.509151340277515296e-01,1.517470150600778167e-01,1.526123244455590000e-01,1.535102404802255738e-01,1.544398849664246065e-01,1.554003493644726952e-01,1.563906416685253153e-01,1.574097359028667209e-01,1.584565598491565197e-01,1.595299859225961236e-01,1.606288261676393492e-01,1.617518579640564169e-01,1.628977960537464631e-01,1.640653241106094506e-01,1.652530628625147047e-01,1.664596053132284814e-01,1.676834820100175094e-01,1.689231886875487421e-01,1.701771775732773828e-01,1.714438615070241756e-01,1.727216141962399365e-01,1.740087734238360273e-01,1.753036358598722422e-01,1.766044675263463981e-01,1.779095052747590444e-01,1.792169533505049428e-01,1.805249882956161400e-01,1.818317609019856340e-01,1.831353906173470714e-01,1.844339973956745093e-01,1.857256595693831391e-01,1.870084517901736965e-01,1.882804294522162913e-01,1.895396417493898644e-01,1.907841259676894274e-01,1.920119165606596900e-01,1.932210399228606046e-01,1.944095288910037966e-01,1.955754162517959194e-01,1.967167431705663383e-01,1.978315548399655899e-01,1.989179121755725310e-01,1.999738984638179673e-01,2.009975994067930705e-01,2.019871311440657735e-01,2.029406417533475282e-01,2.038562902644757424e-01,2.047322917460635827e-01,2.055668620317329942e-01,2.063582848045429630e-01,2.071048633086927382e-01,2.078049583404978362e-01,2.084569737627509078e-01,2.090593588349111132e-01,2.096106167772060491e-01,2.101093078787938107e-01,2.105540549549042573e-01,2.109435367784253390e-01,2.112765087506399131e-01,2.115517700764485143e-01,2.117682164633550856e-01,2.119247898319679968e-01,2.120205274010508179e-01,2.120545405628167790e-01,2.120260156524959305e-01,2.119342193913391348e-01,2.117785170334627320e-01,2.115583330952620078e-01,2.112732049864891326e-01,2.109227486601515933e-01,2.105066721087737180e-01,2.100247810256336556e-01,2.094769639911118753e-01,2.088632284396504668e-01,2.081836406362868597e-01,2.074384030798778755e-01,2.066277888555843045e-01,2.057521880614655296e-01,2.048120686867718754e-01,2.038080245791060452e-01,2.027407222172998291e-01,2.016109491440344348e-01,2.004195783595127400e-01,1.991675857796020577e-01,1.978560466391582617e-01,1.964861287471117712e-01,1.950591056104996890e-01,1.935763279939780312e-01,1.920392661556098168e-01,1.904494582379095413e-01,1.888085462490386446e-01,1.871182605889830375e-01,1.853804092493332445e-01,1.835969016338802329e-01,1.817697150795019312e-01,1.799009093224588351e-01,1.779926371585525136e-01,1.760470959860637730e-01,1.740665851680935905e-01,1.720534536209765986e-01,1.700101212656436600e-01,1.679390802811744354e-01,1.658428638567332747e-01,1.637240747113357098e-01,1.615853588888832015e-01,1.594294065765367030e-01,1.572589691524521882e-01,1.550768169856316936e-01,1.528857709020300659e-01,1.506886785934631046e-01,1.484884041769999885e-01,1.462878525151042330e-01,1.440899355873948573e-01,1.418975826430954323e-01,1.397137311523461434e-01,1.375413209890745392e-01,1.353832938267382491e-01,1.332425918377160290e-01,1.311221382362685040e-01,1.290248533901462713e-01,1.269536255142469650e-01,1.249113340508874598e-01,1.229008217388827678e-01,1.209248977058596658e-01,1.189863426779119160e-01,1.170878899740194767e-01,1.152322240035619644e-01,1.134219844186131476e-01,1.116597581396426148e-01,1.099480609471619741e-01,1.082893634527257315e-01,1.066860485180152335e-01,1.051404518856458026e-01,1.036548103254768122e-01,1.022312978334786182e-01,1.008719970901046786e-01,9.957891178000456700e-02,9.835395403670116332e-02,9.719894179845618709e-02,9.611559655915588585e-02,9.510554873319282398e-02,9.417031078172255487e-02,9.331131504261902521e-02,9.252987073325641409e-02,9.182718856131776020e-02,9.120435855424631477e-02,9.066237081640934892e-02,9.020208596306605875e-02,8.982426398272778945e-02,8.952954541754679085e-02,8.931844742379391189e-02,8.919137762100398659e-02,8.914861602466540857e-02,8.919032455057436526e-02,8.931654994016464955e-02,8.952721964115099851e-02,8.982213889664919515e-02,9.020098656372720070e-02,9.066333827255618205e-02,9.120864178932742983e-02,9.183622586622323947e-02,9.254531871958658618e-02,9.333501788125488086e-02,9.420431566941989132e-02,9.515209010403630208e-02,9.617712113595210111e-02,9.727806184614060103e-02,9.845348745188989281e-02,9.970185051623893513e-02,1.010215103835765821e-01,1.024107410094026172e-01,1.038677070822245641e-01,1.053904915297231432e-01,1.069770927966323670e-01,1.086254253021496086e-01,1.103333233841620187e-01,1.120985417577736593e-01,1.139187716099760578e-01
4.387846047927410759e-02,4.350373045662905835e-02,4.315214627034381217e-02,4.282419566850986792e-02,4.252031915809183910e-02,4.224091583139808620e-02,4.198634097248847563e-02,4.175690354596164888e-02,4.155286596119571463e-02,4.137444571153945511e-02,4.122180998640251337e-02,4.109507935842643400e-02,4.099432663012898825e-02,4.091957619532344409e-02,4.087080008043399854e-02,4.084792721712637159e-02,4.085083320423583964e-02,4.087934501450866259e-02,4.093324634072071505e-02,4.101226319755392480e-02,4.111607967946687148e-02,4.124433329366843093e-02,4.139661017427262446e-02,4.157245480000441862e-02,4.177136322853977624e-02,4.199278703410420921e-02,4.223613571154350571e-02,4.250077575014362535e-02,4.278602995300292977e-02,4.309118506428740586e-02,4.341548655708618587e-02,4.375814161604864999e-02,4.411832193237767707e-02,4.449516573225416327e-02,4.488777898216501222e-02,4.529523183225455524e-02,4.571657199965092899e-02,4.615081464566367364e-02,4.659695054874164050e-02,4.705394724430519288e-02,4.752074890776508687e-02,4.799628308117712128e-02,4.847945727186885739e-02,4.896916024022229807e-02,4.946427374434732294e-02,4.996366537977445926e-02,5.046619210844857650e-02,5.097070654963790221e-02,5.147605512886627849e-02,5.198108196239441259e-02,5.248462913308506173e-02,5.298554949926834873e-02,5.348268760705389424e-02,5.397490406424562681e-02,5.446106493712944696e-02,5.494004552660621682e-02,5.541073821337247352e-02,5.587204977024388952e-02,5.632290270567622686e-02,5.676224184906937531e-02,5.718903102072970396e-02,5.760225979857258594e-02,5.800094074394315791e-02,5.838411982204948225e-02,5.875086728226897037e-02,5.910028767652449055e-02,5.943151761364888486e-02,5.974372694287701652e-02,6.003612343415586083e-02,6.030795859514312407e-02,6.055851210216149638e-02,6.078711262187370956e-02,6.099312683919538847e-02,6.117596953668787141e-02,6.133509590116394128e-02,6.147001152726590256e-02,6.158026030140554413e-02,6.166544044182406537e-02,6.172519750999727606e-02,6.175922696070137996e-02,6.176726797403052360e-02,6.174911520045751195e-02,6.170461363255876769e-02,6.163365863609774481e-02,6.153619159499129632e-02,6.141221092995348407e-02,6.126176325008479695e-02,6.108494869289476242e-02,6.088191581783788248e-02,6.065286084567210467e-02,6.039803637317003870e-02,6.011773948170665016e-02,5.981232064906647633e-02,5.948217248879197894e-02,5.912774140551731172e-02,5.874951562788005566e-02,5.834803234529247623e-02,5.792387331812172413e-02,5.747765988996260400e-02,5.701006056499197810e-02,5.652178266775919474e-02,5.601357231007628862e-02,5.548621841081105566e-02,5.494054180983207192e-02,5.437739865011764068e-02,5.379768555807503544e-02,5.320231936909391307e-02,5.259226071998959751e-02,5.196848570885391483e-02,5.133200946309660062e-02,5.068386154792525744e-02,5.002510092938766001e-02,4.935680521414401167e-02,4.868007119855476822e-02,4.799601236898493745e-02,4.730575786543690653e-02,4.661045006066386054e-02,4.591124192325768405e-02,4.520929502612011652e-02,4.450577486568027541e-02,4.380185636564340457e-02,4.309871621217695181e-02,4.239752724478753482e-02,4.169947109593150070e-02,4.100571012105888591e-02,4.031741593657880984e-02,3.963574136132566594e-02,3.896183735854247265e-02,3.829684052023740043e-02,3.764187501116669082e-02,3.699804638228992859e-02,3.636644837433710559e-02,3.574814959153187199e-02,3.514420338046134185e-02,3.455563617620071443e-02,3.398345524120122141e-02,3.342863798737503306e-02,3.289213671728095228e-02,3.237487635628222976e-02,3.187774642774585110e-02,3.140161176051626396e-02,3.094730121366576561e-02,3.051560892534818659e-02,3.010729749673343378e-02,2.972308865369781977e-02,2.936367023802604823e-02,2.902969267167428147e-02,2.872176664818599373e-02,2.844046112747328561e-02,2.818630867718070407e-02,2.795980051518142176e-02,2.776138279551605345e-02,2.759146207218471716e-02,2.745040365723085823e-02,2.733853309803201473e-02,2.725612624684290927e-02,2.720342110032030955e-02,2.718061233165613641e-02,2.718785076022879263e-02,2.722524408140544402e-02,2.729286021823654207e-02,2.739072158102725391e-02,2.751881131550635781e-02,2.767706937676791754e-02,2.786539511279392117e-02,2.808364561512799104e-02,2.833164140272185008e-02,2.860916182304264546e-02,2.891594813380094289e-02,2.925170068634602022e-02,2.961608827481326117e-02,3.000873943365012231e-02,3.042925025913554432e-02,3.087717932712370078e-02,3.135205525632524942e-02,3.185337163400901034e-02,3.238059439334759620e-02,3.293315648595490641e-02,3.351046522718188064e-02,3.411189955195398360e-02,3.473680807462949105e-02,3.538452203691781761e-02,3.605434213863355219e-02,3.674555138636633606e-02,3.745740747248254426e-02,3.818915360928199637e-02,3.894001112513384433e-02,3.970918401517904706e-02,4.049586603568035986e-02,4.129922677008522613e-02,4.211843505259275922e-02,4.295263929569438643e-02,4.380098066480215407e-02,4.466259227557281553e-02,4.553659864006813496e-02,4.642211891616103425e-02,4.731826767147195162e-02,4.822415709506156639e-02,4.913889537757876874e-02,5.006158994433089482e-02,5.099134811045182708e-02,5.192727756632578573e-02,5.286849780783908770e-02,5.381411714471171642e-02,5.476326208691256747e-02,5.571505938458388291e-02,5.666863994591250786e-02,5.762315090053581751e-02,5.857773847179778559e-02,5.953157023829868527e-02,6.048381310005691153e-02,6.143365538739761766e-02,6.238029200627685789e-02,6.332293306219487217e-02,6.426080632559157124e-02,6.519314935826910073e-02,6.611921580539237286e-02,6.703827916070205506e-02,6.794962480653551906e-02,6.885255891751895785e-02,6.974640556131424252e-02,7.063050451563389343e-02,7.150421633519743470e-02,7.236691676525830452e-02,7.321800793903307514e-02,7.405690523224692234e-02,7.488304657090194549e-02,7.569589290450606800e-02,7.649491480256184750e-02,7.727961883423968559e-02,7.804951731835654827e-02,7.880415494949793986e-02,7.954309007366798523e-02,8.026590559062198038e-02,8.097220146304440203e-02,8.166159988285105753e-02,8.233374709659414814e-02,8.298830569372103727e-02,8.362495873297222382e-02,8.424341199583676443e-02,8.484339280435751474e-02,8.542464204254276994e-02,8.598692514864250680e-02,8.653002881327193085e-02,8.705375836300703607e-02,8.755793371412359805e-02,8.804239634220747956e-02,8.850700902646899126e-02,8.895165279166607208e-02,8.937622046023738220e-02,8.978062809578685188e-02,9.016481233610243451e-02,9.052871788753685811e-02,9.087231682494920082e-02,9.119559044854988472e-02,9.149854236585169831e-02,9.178118255885209242e-02,9.204354952674616286e-02,9.228568666197174697e-02,9.250766181091794882e-02,9.270954878784508357e-02,9.289144462806603331e-02,9.305345258611423531e-02,9.319569743480422830e-02,9.331830914623900908e-02,9.342144371686923743e-02,9.350526129091919769e-02,9.356993607877342467e-02,9.361565610768636525e-02,9.364262408847827401e-02,9.365105025144729312e-02,9.364116454420712277e-02,9.361320330301811654e-02,9.356741376721114389e-02,9.350406073164606313e-02,9.342341476689408619e-02,9.332575790927802317e-02,9.321139036578386661e-02,9.308061026033431773e-02,9.293374023659392580e-02,9.277110373799182796e-02,9.259303955754465132e-02,9.239989138363943755e-02,9.219202114414165594e-02,9.196979393684419357e-02,9.173358363084903322e-02,9.148378291718634037e-02,9.122077914211804139e-02,9.094498417250866662e-02,9.065680797327653473e-02,9.035666914506236547e-02,9.004500732946224550e-02,8.972225570490241497e-02,8.938886274516938402e-02,8.904528451192522676e-02,8.869198294536632943e-02,8.832942898671276855e-02,8.795809991541478357e-02,8.757848307990868941e-02,8.719106499855927561e-02,8.679634959502761926e-02,8.639483693892213712e-02,8.598703901085723300e-02,8.557346981977916045e-02,8.515465090449193808e-02,8.473110412771137079e-02,8.430336318118754335e-02,8.387195987681042575e-02,8.343743420231582164e-02,8.300032289205770686e-02,8.256116861658334416e-02,8.212051932785753572e-02,8.167891859159592816e-02,8.123691708213215401e-02,8.079506320713482348e-02,8.035390299610564724e-02,7.991398944159051887e-02,7.947586392302438685e-02,7.904007541656771219e-02,7.860716694973376995e-02,7.817767898680752503e-02,7.775214532087999786e-02,7.733110102376954120e-02,7.691506988886322171e-02,7.650457621068010305e-02,7.610013534282193681e-02,7.570225370898427120e-02,7.531143271363453795e-02,7.492816158027117146e-02,7.455292612183704593e-02,7.418619427548633904e-02,7.382842880430397214e-02,7.348008083026297266e-02,7.314158399414544265e-02,7.281336287129371032e-02,7.249582716648911296e-02,7.218937410188518145e-02,7.189437946457176432e-02,7.161120991596628405e-02,7.134020792074848016e-02,7.108170602892652234e-02,7.083600739191715789e-02,7.060340869972961397e-02,7.038417839775991391e-02,7.017856744575430572e-02,6.998680358627498710e-02,6.980909476862351415e-02,6.964562366793425330e-02,6.949655528337381205e-02,6.936202432362399695e-02,6.924214739663107909e-02,6.913701189614672449e-02,6.904668386429405058e-02,6.897119985366811923e-02,6.891057549932089188e-02,6.886479428812759818e-02,6.883381939580017483e-02,6.881758257918528521e-02,6.881599254376925823e-02,6.882892374537213920e-02,6.885623510869959274e-02,6.889774694210515360e-02,6.895325935711187071e-02,6.902254058689277771e-02,6.910533587425471413e-02,6.920135810887212413e-02,6.931029927184510775e-02,6.943182057178926003e-02,6.956555716228474129e-02,6.971112214321113776e-02,6.986809453204027853e-02,7.003603961197338301e-02,7.021448586075433596e-02,7.040294806230075475e-02,7.060091214026734119e-02,7.080784112140184328e-02,7.102317882462139131e-02,7.124634337597114675e-02,7.147673680203968372e-02,7.171374104232966507e-02,7.195671689174581998e-02,7.220500774515278830e-02,7.245794513211328836e-02,7.271483975280344791e-02,7.297498824382969707e-02,7.323767844489285916e-02,7.350218123004101378e-02,7.376775634288015859e-02,7.403366099377098331e-02,7.429914077840932274e-02,7.456342855984887663e-02,7.482575921575457256e-02,7.508536205599115887e-02,7.534146098541431857e-02,7.559328224881210756e-02,7.584005196319001940e-02,7.608099425720984965e-02,7.631534161058745047e-02,7.654232889262452266e-02,7.676119977382787896e-02,7.697120297728178573e-02,7.717159693124220343e-02,7.736165463361607819e-02,7.754065715686588034e-02,7.770790322926918181e-02,7.786270437622996865e-02,7.800439212003555667e-02,7.813231348202707982e-02,7.824583815377081364e-02,7.834435593182675905e-02,7.842728176690416664e-02,7.849404898095435623e-02,7.854412333169208393e-02,7.857699435905241003e-02,7.859217452964005479e-02,7.858922017650661618e-02,7.856770259159832903e-02,7.852723107273053282e-02,7.846744946286401956e-02,7.838803096827205719e-02,7.828868546476416834e-02,7.816916022242835493e-02,7.802923625887790704e-02,7.786873197314957140e-02,7.768750045456959685e-02,7.748544153713128602e-02,7.726248063229729235e-02
1.567249043600721647e-01,1.564845703067294092e-01,1.562427109969688754e-01,1.560002934742459879e-01,1.557582924199777674e-01,1.555176701023345820e-01,1.552793586587507824e-01,1.550442787060325733e-01,1.548133287051967621e-01,1.545873761257404999e-01,1.543672610124574851e-01,1.541537989311687340e-01,1.539477550478274004e-01,1.537498826024146503e-01,1.535608719099684494e-01,1.533813846656677804e-01,1.532120316890667744e-01,1.530533933340329500e-01,1.529059886836701965e-01,1.527702916029878011e-01,1.526467235408397738e-01,1.525356602036599951e-01,1.524374191350760521e-01,1.523522679846447681e-01,1.522804163235696728e-01,1.522220215523978348e-01,1.521771760542922070e-01,1.521459286915849418e-01,1.521282623315347582e-01,1.521241060592527228e-01,1.521333309994449823e-01,1.521557591551514210e-01,1.521911371574913019e-01,1.522391893286096920e-01,1.522995500188875639e-01,1.523718229754005837e-01,1.524555561802682646e-01,1.525502439560526557e-01,1.526553281157244091e-01,1.527702059367136711e-01,1.528942297781997472e-01,1.530267130306904866e-01,1.531669143099052555e-01,1.533140641287192851e-01,1.534673501403492901e-01,1.536259213752884656e-01,1.537889022856705201e-01,1.539553823789224785e-01,1.541244225707414373e-01,1.542950671143249464e-01,1.544663319692833325e-01,1.546372078444785414e-01,1.548066855644260886e-01,1.549737327595745451e-01,1.551373086266703560e-01,1.552963696817089012e-01,1.554498606567976948e-01,1.555967338506357989e-01,1.557359497931284920e-01,1.558664583140326743e-01,1.559872297753728820e-01,1.560972537081532496e-01,1.561955174262154578e-01,1.562810357909437398e-01,1.563528519178436216e-01,1.564100259528905801e-01,1.564516397547022486e-01,1.564768198160587376e-01,1.564847120606741859e-01,1.564745049144884437e-01,1.564454313026608367e-01,1.563967416998947590e-01,1.563277569375618459e-01,1.562378281752975495e-01,1.561263521124785780e-01,1.559927761627040721e-01,1.558366092664683622e-01,1.556573981411635277e-01,1.554547497686603885e-01,1.552283248546572625e-01,1.549778430212500613e-01,1.547030807675907893e-01,1.544038755473140789e-01,1.540801090763599113e-01,1.537317470378699591e-01,1.533587921493105022e-01,1.529613223098782726e-01,1.525394719476777794e-01,1.520934292245152697e-01,1.516234514643662046e-01,1.511298453949697362e-01,1.506129822030358723e-01,1.500732956223888581e-01,1.495112631743884257e-01,1.489274306310445217e-01,1.483223865406486097e-01,1.476967862649897489e-01,1.470513204119988926e-01,1.463867411239151983e-01,1.457038386653204676e-01,1.450034585610828486e-01,1.442864805292752295e-01,1.435538263108027957e-01,1.428064640965822363e-01,1.420453879081109427e-01,1.412716312919128359e-01,1.404862539445455027e-01,1.396903418451193590e-01,1.388850167716276229e-01,1.380714048312764730e-01,1.372506640501472697e-01,1.364239606146469830e-01,1.355924811008667186e-01,1.347574076772504181e-01,1.339199427921214935e-01,1.330812785417038457e-01,1.322426149755077107e-01,1.314051440080260813e-01,1.305700509911836837e-01,1.297385090019521903e-01,1.289116853949622832e-01,1.280907155357134675e-01,1.272767265068090459e-01,1.264708186076961838e-01,1.256740631902418248e-01,1.248875071192475372e-01,1.241121594865911837e-01,1.233489919159082016e-01,1.225989581102008008e-01,1.218629450406927828e-01,1.211418076673113631e-01,1.204363602151691526e-01,1.197473675404189808e-01,1.190755328628857468e-01,1.184215309357782575e-01,1.177859622216280017e-01,1.171693787050966107e-01,1.165722830034470608e-01,1.159951124529975952e-01,1.154382394309994286e-01,1.149019942991501841e-01,1.143866312337395580e-01,1.138923476480597496e-01,1.134192762821821243e-01,1.129674935542289010e-01,1.125370084501382956e-01,1.121277662350340931e-01,1.117396618046761492e-01,1.113725050272886402e-01,1.110260708290612131e-01,1.107000535731972601e-01,1.103941005890823612e-01,1.101077957773001215e-01,1.098406677951723198e-01,1.095921836387353243e-01,1.093617677504981206e-01,1.091487860879213623e-01,1.089525478203302034e-01,1.087723309322163739e-01,1.086073529340036703e-01,1.084567960454463492e-01,1.083197960964276813e-01,1.081954595562628491e-01,1.080828463730275912e-01,1.079809965049268738e-01,1.078889103582853781e-01,1.078055674034751193e-01,1.077299263147484254e-01,1.076609209700836733e-01,1.075974730423318176e-01,1.075384865677484758e-01,1.074828664584228516e-01,1.074294963122449098e-01,1.073772783844220424e-01,1.073250944014344233e-01,1.072718465743639632e-01,1.072164405818473998e-01,1.071577961992333516e-01,1.070948430275322910e-01,1.070265365538793090e-01,1.069518593918083876e-01,1.068698067853649653e-01,1.067794159408695653e-01,1.066797544560866007e-01,1.065699205926992077e-01,1.064490654249724971e-01,1.063163683572139612e-01,1.061710613091494115e-01,1.060124284636209391e-01,1.058397998035643245e-01,1.056525601061458625e-01,1.054501590871536748e-01,1.052320974720976215e-01,1.049979320445646874e-01,1.047472919951756704e-01,1.044798757914537080e-01,1.041954363323785715e-01,1.038938074026747316e-01,1.035748800671425218e-01,1.032386261217431017e-01,1.028850869145174901e-01,1.025143748975508307e-01,1.021266762603395134e-01,1.017222500833143833e-01,1.013014348409915638e-01,1.008646371885856541e-01,1.004123340928539665e-01,9.994508882218500201e-02,9.946352398656894966e-02,9.896833990302650319e-02,9.846031027469571983e-02,9.794027091162346710e-02,9.740912958154454571e-02,9.686785736010369852e-02,9.631750089089134714e-02,9.575915519559353994e-02,9.519398149902520700e-02,9.462320115177541568e-02,9.404808206973996887e-02,9.346995587326739630e-02,9.289019921095544030e-02,9.231022654531903515e-02,9.173151563896986271e-02,9.115556366610462480e-02,9.058391326326831194e-02,9.001814025001435293e-02,8.945984878179008559e-02,8.891066454629684146e-02,8.837224152556320822e-02,8.784623895927996806e-02,8.733434245376502092e-02,8.683824041258490778e-02,8.635962700314479823e-02,8.590019299679810261e-02,8.546162644392994723e-02,8.504561074310813817e-02,8.465381202376505432e-02,8.428788560279681930e-02,8.394946161490973724e-02,8.364013581791741869e-02,8.336148596289121027e-02,8.311505152956484566e-02,8.290232994536650413e-02,8.272478172061309420e-02,8.258381530421647632e-02,8.248078859213066327e-02,8.241701053739337868e-02,8.239372381585007010e-02,8.241211023913320999e-02,8.247329057277419384e-02,8.257831239420423963e-02,8.272815008557268812e-02,8.292370273411787951e-02,8.316579431430723424e-02,8.345516487389119387e-02,8.379246477348369082e-02,8.417827073886799405e-02,8.461305493609908024e-02,8.509721548267140667e-02,8.563104378061249522e-02,8.621474637229951943e-02,8.684843092223930305e-02,8.753210492108175200e-02,8.826568066514743627e-02,8.904897640278433557e-02,8.988170243888569944e-02,9.076348113449012045e-02,9.169382706996966059e-02,9.267215720785078326e-02,9.369779218622201200e-02,9.476994962624919749e-02,9.588776086720889047e-02,9.705024897774344739e-02,9.825634454400378193e-02,9.950489964047733171e-02,1.007946552677717045e-01,1.021242743547134818e-01,1.034923320549376441e-01,1.048973148963697338e-01,1.063376362809361070e-01,1.078116211130768637e-01,1.093175221375174699e-01,1.108535265105449891e-01,1.124177381049290131e-01,1.140082063920369732e-01,1.156229205999610571e-01,1.172598053044166394e-01,1.189167374968568003e-01,1.205915309084533149e-01,1.222819804295474655e-01,1.239858153070997615e-01,1.257007406452713139e-01,1.274244346994730659e-01,1.291545321069876573e-01,1.308886635710423685e-01,1.326244373138894539e-01,1.343594436810144899e-01,1.360912773824263788e-01,1.378175188401320750e-01,1.395357633503422345e-01,1.412436074672511199e-01,1.429386585217114480e-01,1.446185537501060436e-01,1.462809443231904982e-01,1.479235043765604052e-01,1.495439618046335850e-01,1.511400532845180444e-01,1.527095830100331231e-01,1.542503921360882935e-01,1.557603796210709490e-01,1.572374894672676493e-01,1.586797311562244128e-01,1.600851844965217319e-01,1.614519936472018358e-01,1.627783725295493811e-01,1.640626164723714697e-01,1.653030946976745963e-01,1.664982727072166213e-01,1.676466843721529099e-01,1.687469689457297417e-01,1.697978395484901482e-01,1.707981293234699938e-01,1.717467457602823711e-01,1.726427051656082012e-01,1.734851251155162533e-01,1.742732225350917541e-01,1.750063234217077435e-01,1.756838559698770397e-01,1.763053565117425336e-01,1.768704702876728596e-01,1.773789396595787382e-01,1.778306251652431169e-01,1.782254983349417232e-01,1.785636245316564452e-01,1.788451959656072177e-01,1.790704937699035826e-01,1.792399083559133299e-01,1.793539404075697452e-01,1.794131899566842603e-01,1.794183551059910509e-01,1.793702384997030164e-01,1.792697341297453950e-01,1.791178417522929223e-01,1.789156385295717633e-01,1.786643006108805942e-01,1.783650945987465819e-01,1.780193573957924158e-01,1.776285180916738760e-01,1.771940740883687360e-01,1.767176016248959147e-01,1.762007450245976492e-01,1.756452095506460254e-01,1.750527740862406478e-01,1.744252571971992849e-01,1.737645404100341406e-01,1.730725574339287975e-01,1.723512686191811250e-01,1.716026986715053493e-01,1.708288804270654548e-01,1.700319001325215074e-01,1.692138545877362177e-01,1.683768612562262790e-01,1.675230635407966295e-01,1.666545998046080890e-01,1.657736287814020326e-01,1.648823007203445434e-01,1.639827711947937638e-01,1.630771712743492585e-01,1.621676378566179744e-01,1.612562739228123598e-01,1.603451703102284354e-01,1.594363846953942287e-01,1.585319455196073923e-01,1.576338418607159397e-01,1.567440311855620161e-01,1.558644142996951087e-01,1.549968558920238881e-01,1.541431603509122727e-01,1.533050783408081708e-01,1.524843066299376160e-01,1.516824674421007324e-01,1.509011318336932195e-01,1.501417910987443982e-01,1.494058681399914046e-01,1.486947065845105331e-01,1.480095897549490169e-01,1.473517021596467136e-01,1.467221547952469451e-01,1.461219861538675668e-01,1.455521321477193930e-01,1.450134526708278804e-01,1.445067247899012031e-01,1.440326257951426991e-01,1.435917537278976197e-01,1.431846199336986314e-01,1.428116344229868329e-01,1.424731277593377921e-01,1.421693373337974131e-01,1.419004178150484186e-01,1.416664202565462161e-01,1.414673241654411384e-01,1.413030207562621099e-01,1.411733047126907670e-01,1.410778987736776013e-01,1.410164364048769325e-01,1.409884767761981628e-01,1.409934984134183500e-01,1.410309011945497792e-01,1.411000150494657879e-01,1.412000957817700353e-01,1.413303319422295756e-01,1.414898502869311181e-01,1.416777111836531600e-01,1.418929188253102991e-01,1.421344148186376166e-01,1.424010982068954767e-01,1.426918054663153246e-01,1.430053421888970722e-01,1.433404597028182237e-01,1.436958854016604781e-01,1.440702976766505550e-01,1.444623508416031377e-01,1.448706728418256151e-01,1.452938727550940057e-01,1.457305320960491923e-01,1.461792259738924626e-01,1.466385182397646203e-01
6.034870632755076070e-01,6.058752978212064155e-01,6.082194534561454757e-01,6.105184101029985655e-01,6.127710531400915039e-01,6.149762761670953815e-01,6.171330453953302042e-01,6.192403361864468048e-01,6.212971583095802108e-01,6.233025800252863791e-01,6.252556873699384177e-01,6.271556263552127142e-01,6.290015746272026309e-01,6.307927777318765861e-01,6.325285242523840390e-01,6.342081600977427236e-01,6.358310837559731921e-01,6.373967633326969029e-01,6.389047096065190168e-01,6.403545537247026243e-01,6.417459477361705522e-01,6.430786240983090707e-01,6.443524027460972858e-01,6.455671958769403362e-01,6.467229660654052470e-01,6.478197923210632370e-01,6.488578018339206110e-01,6.498372771612117571e-01,6.507585136923067504e-01,6.516219520149972855e-01,6.524281239353217909e-01,6.531776435983117635e-01,6.538712385118796711e-01,6.545097357998741483e-01,6.550940556768714007e-01,6.556252402939922730e-01,6.561044044853129309e-01,6.565328062261371889e-01,6.569117870067916476e-01,6.572427918817870252e-01,6.575273799161727162e-01,6.577672110613491663e-01,6.579640498844142593e-01,6.581197504874041204e-01,6.582363040815997213e-01,6.583157764751803587e-01,6.583603012391117115e-01,6.583721652466657526e-01,6.583537259688470034e-01,6.583073879497589598e-01,6.582357142836875452e-01,6.581413039521210040e-01,6.580268321661251196e-01,6.578950848201989832e-01,6.577488639940066717e-01,6.575910887150030470e-01,6.574247088340348100e-01,6.572527293000723914e-01,6.570782312553049564e-01,6.569042855875250053e-01,6.567340721343459808e-01,6.565707221422656392e-01,6.564174572376731964e-01,6.562774800406525610e-01,6.561539871880137653e-01,6.560502151527748405e-01,6.559694013598554863e-01,6.559147215541548670e-01,6.558893709838343744e-01,6.558964949376238085e-01,6.559392252873703644e-01,6.560206162345081360e-01,6.561436898962711428e-01,6.563114293622124285e-01,6.565266955428841200e-01,6.567923145961629405e-01,6.571110096639671827e-01,6.574854082505603436e-01,6.579180467951831757e-01,6.584113359181685832e-01,6.589675987936325363e-01,6.595889775457283166e-01,6.602775356102261739e-01,6.610351554797708751e-01,6.618636122674201872e-01,6.627644826950700452e-01,6.637392079583090965e-01,6.647890535763228970e-01,6.659151059935899397e-01,6.671182698571249681e-01,6.683992580211207679e-01,6.697586156055266304e-01,6.711966599953547163e-01,6.727135303546601941e-01,6.743091318964379299e-01,6.759831838584315911e-01,6.777351701782408089e-01,6.795643961951525203e-01,6.814699157550953013e-01,6.834505457546643514e-01,6.855049220023405887e-01,6.876314251887981621e-01,6.898282628496228419e-01,6.920933397823012534e-01,6.944243838897512511e-01,6.968189021349894263e-01,6.992741896527593370e-01,7.017872725562083192e-01,7.043550183391945607e-01,7.069740405505652303e-01,7.096407679760429188e-01,7.123514220888143011e-01,7.151020019680746076e-01,7.178883584178137323e-01,7.207060934225352211e-01,7.235506726300713343e-01,7.264173714347370581e-01,7.293012884072598290e-01,7.321973820432807756e-01,7.351004319427842937e-01,7.380051129753022465e-01,7.409059376438748012e-01,7.437972828416874460e-01,7.466734663741751987e-01,7.495286405124462759e-01,7.523569266576615178e-01,7.551523098792685129e-01,7.579087399962817218e-01,7.606201058511143920e-01,7.632802614936585739e-01,7.658830040681557927e-01,7.684221294377863165e-01,7.708914369548907075e-01,7.732846976238980652e-01,7.755957742056154292e-01,7.778184904944589473e-01,7.799467577364974646e-01,7.819745215038395036e-01,7.838958687724804086e-01,7.857049013225195777e-01,7.873958689719053883e-01,7.889631188113296334e-01,7.904011408459237220e-01,7.917045728923426395e-01,7.928682144069008064e-01,7.938869965338656298e-01,7.947561064469544911e-01,7.954708581253515653e-01,7.960268195618189768e-01,7.964197756019630869e-01,7.966457275010790928e-01,7.967009437695786733e-01,7.965819214419639360e-01,7.962854502547093150e-01,7.958086024021084892e-01,7.951487077364939315e-01,7.943033997277589853e-01,7.932706622913808792e-01,7.920487107834973672e-01,7.906361814184166281e-01,7.890319400567946673e-01,7.872352509641982188e-01,7.852456766812875300e-01,7.830631765341493633e-01,7.806880246506352483e-01,7.781208274640224465e-01,7.753625996025381717e-01,7.724146804700194879e-01,7.692787681638841857e-01,7.659569207884292519e-01,7.624515815869840063e-01,7.587655391358242296e-01,7.549019374928730430e-01,7.508642666542795219e-01,7.466563767493619164e-01,7.422824912688014143e-01,7.377471439806082554e-01,7.330552374496636103e-01,7.282119916180067598e-01,7.232229313163733853e-01,7.180939349471066047e-01,7.128312112323825778e-01,7.074412189339090995e-01,7.019307213805813239e-01,6.963067903437202277e-01,6.905767461359527681e-01,6.847481908473662671e-01,6.788289456855319814e-01,6.728270806131049220e-01,6.667509035130055883e-01,6.606088984740040582e-01,6.544097700623353608e-01,6.481623785299087670e-01,6.418757593595131317e-01,6.355591054727139921e-01,6.292217100348943548e-01,6.228730213432964735e-01,6.165225338737444494e-01,6.101798748594656763e-01,6.038546838456807508e-01,5.975566937724898775e-01,5.912956387303579531e-01,5.850812397190382486e-01,5.789232589163927356e-01,5.728313836798709646e-01,5.668152865828059994e-01,5.608845389601551101e-01,5.550486760531722075e-01,5.493171001060425107e-01,5.436991018892218808e-01,5.382038274887328555e-01,5.328402818316226863e-01,5.276172672111895112e-01,5.225434444871384088e-01,5.176272002489857860e-01,5.128767614836573507e-01,5.083000864299258570e-01,5.039048588228349779e-01,4.996985155462609907e-01,4.956882064301744717e-01,4.918807459202226284e-01,4.882826765806623781e-01,4.849001696375023762e-01,4.817391082069311103e-01,4.788049403727096531e-01,4.761028238816153446e-01,4.736375218239122220e-01,4.714133602311476601e-01,4.694343483120518301e-01,4.677039955100596447e-01,4.662254944704325443e-01,4.650015428292000874e-01,4.640344561243503474e-01,4.633260955142447513e-01,4.628778994959201198e-01,4.626908380060733572e-01,4.627654497775322007e-01,4.631018692013847970e-01,4.636997171434917853e-01,4.645581973526962671e-01,4.656760587694034337e-01,4.670516382454870663e-01,4.686827640415980878e-01,4.705668787721488666e-01,4.727009606345626280e-01,4.750815651761214897e-01,4.777048223101095781e-01,4.805664403861045764e-01,4.836616937947465500e-01,4.869854784619516153e-01,4.905322979532579231e-01,4.942962561811056199e-01,4.982710625640522917e-01,5.024501051191009315e-01,5.068263785456603721e-01,5.113925582602624198e-01,5.161409724965345669e-01,5.210636706273892305e-01,5.261523854254243071e-01,5.313985283067120813e-01,5.367933034761709354e-01,5.423276204914263543e-01,5.479921656884289005e-01,5.537773973495806468e-01,5.596735882110778215e-01,5.656708122412112960e-01,5.717589671834497622e-01,5.779278436901438276e-01,5.841670488540886552e-01,5.904660991199550679e-01,5.968144498396406039e-01,6.032014321560061898e-01,6.096163631876837519e-01,6.160484849817122743e-01,6.224870714757337886e-01,6.289213505688685535e-01,6.353406249427575592e-01,6.417342101393948006e-01,6.480914764593583843e-01,6.544018763562806651e-01,6.606549822495508817e-01,6.668404462614865302e-01,6.729481052237463734e-01,6.789679124313363623e-01,6.848899862179724796e-01,6.907046476752989328e-01,6.964024090770754016e-01,7.019740421546032394e-01,7.074104894097709151e-01,7.127030104438426550e-01,7.178430564703560668e-01,7.228224084798682281e-01,7.276331521587620088e-01,7.322676334289716094e-01,7.367185429037167443e-01,7.409788894794755443e-01,7.450420404917514894e-01,7.489016600425177916e-01,7.525518601194250978e-01,7.559870173069535015e-01,7.592019671771959022e-01,7.621919105029530961e-01,7.649523999308732725e-01,7.674793842168375901e-01,7.697692917349061581e-01,7.718188248187592970e-01,7.736252404751060574e-01,7.751860612578458376e-01,7.764993337724733768e-01,7.775634356140112002e-01,7.783772057726418003e-01,7.789398781468801491e-01,7.792511012158436223e-01,7.793109067836830883e-01,7.791197539535917871e-01,7.786785200160355469e-01,7.779884256909690432e-01,7.770511077980322145e-01,7.758686217828415499e-01,7.744433389144405044e-01,7.727780589709527526e-01,7.708758896767904378e-01,7.687403252532043485e-01,7.663752196754100021e-01,7.637847141785898408e-01,7.609733265705276306e-01,7.579458466019616258e-01,7.547073966667636746e-01,7.512633751422683748e-01,7.476194420587841671e-01,7.437815712805158075e-01,7.397559525883857789e-01,7.355490294391006101e-01,7.311674446233508151e-01,7.266181020671282909e-01,7.219080468240989257e-01,7.170445634719497807e-01,7.120350719599608524e-01,7.068871656918850332e-01,7.016085456420018129e-01,6.962070582728796531e-01,6.906906724807622133e-01,6.850674010558143179e-01,6.793454259756274149e-01,6.735328982996900971e-01,6.676380855733740072e-01,6.616692466175514431e-01,6.556346702242953350e-01,6.495426621984213833e-01,6.434015399285962777e-01,6.372195414836897553e-01,6.310049033195044288e-01,6.247658135092363230e-01,6.185103810974724725e-01,6.122466361193389384e-01,6.059825418613807857e-01,5.997259395298414342e-01,5.934845551348183479e-01,5.872660115291428173e-01,5.810777681060139699e-01,5.749271503752826362e-01,5.688213173816523138e-01,5.627672689291973729e-01,5.567718534823684617e-01,5.508416675400730211e-01,5.449831850475099770e-01,5.392026269404880390e-01,5.335060426259921051e-01,5.278992591485414110e-01,5.223878633788414660e-01,5.169772226188156239e-01,5.116725099228802698e-01,5.064785982702989520e-01,5.014001891243227149e-01,4.964416838133901555e-01,4.916072800533181075e-01,4.869008982995843837e-01,4.823262273043206760e-01,4.778867089443906702e-01,4.735855175413940521e-01,4.694255869983029461e-01,4.654096011424547208e-01,4.615400065001071805e-01,4.578189859469782297e-01,4.542484383264004388e-01,4.508301066479701302e-01,4.475654197929027633e-01,4.444556065622526364e-01,4.415016448369424307e-01,4.387042908873516334e-01,4.360640455174236707e-01,4.335812607739637503e-01,4.312559755963358277e-01,4.290881087967652330e-01,4.270773233593307960e-01,4.252230917167483248e-01,4.235246859908051165e-01,4.219812176167491158e-01,4.205916077291243504e-01,4.193545760018516089e-01,4.182687293537796225e-01,4.173324861570664734e-01,4.165441052854269022e-01,4.159017191369485111e-01,4.154033235584140282e-01,4.150467542183940983e-01,4.148297838597674869e-01,4.147500223035436306e-01,4.148050143337184137e-01,4.149921563089289389e-01,4.153087865252207411e-01,4.157521671699243027e-01,4.163194588408041796e-01,4.170077880049122276e-01,4.178141916996487848e-01,4.187356361377769787e-01,4.197690932076214576e-01,4.209114605827267153e-01,4.221596060493551517e-01,4.235103668823411716e-01,4.249605802757736028e-01,4.265070265667526561e-01,4.281465232363082518e-01,4.298758486588049044e-01,4.316918040644516230e-01,4.335911948304943531e-01,4.355708164845312202e-01
1.070368948228521827e-01,1.070675978386752686e-01,1.070740742091847997e-01,1.070570494092265429e-01,1.070172846220789203e-01,1.069555710034939405e-01,1.068727363690587101e-01,1.067696327602395134e-01,1.066471399068177062e-01,1.065061631364254413e-01,1.063476328973692320e-01,1.061724964580246650e-01,1.059817220426932105e-01,1.057762912282919771e-01,1.055572038100131699e-01,1.053254649443393920e-01,1.050820946725831151e-01,1.048281176399064873e-01,1.045645579917540702e-01,1.042924524836916222e-01,1.040128285057793506e-01,1.037267183419966210e-01,1.034351428438296250e-01,1.031391206238953945e-01,1.028396620655081528e-01,1.025377633874356015e-01,1.022344052386555541e-01,1.019305628961904714e-01,1.016271841244165003e-01,1.013251991676629021e-01,1.010255219317630487e-01,1.007290324491362521e-01,1.004366059364877328e-01,1.001490691677299899e-01,9.986722881263185303e-02,9.959186121025705163e-02,9.932371452336395679e-02,9.906350126359693420e-02,9.881189678684741684e-02,9.856954526430977692e-02,9.833705062755808413e-02,9.811498098185308936e-02,9.790386372938808535e-02,9.770418425591788358e-02,9.751639089144599482e-02,9.734089047827659824e-02,9.717804176613065170e-02,9.702817088284622360e-02,9.689154959125989564e-02,9.676841320130655233e-02,9.665894768463101361e-02,9.656330054971264121e-02,9.648157043467231464e-02,9.641381434356660618e-02,9.636004279006873952e-02,9.632022614063749655e-02,9.629428539710609136e-02,9.628210376201142007e-02,9.628351744932221734e-02,9.629832251635875306e-02,9.632627334360362170e-02,9.636708257746491590e-02,9.642042445037679599e-02,9.648592926995730457e-02,9.656319577620983696e-02,9.665178251063405446e-02,9.675120794485853049e-02,9.686095953420302551e-02,9.698049332076440210e-02,9.710923294449103071e-02,9.724656431229286579e-02,9.739185092574224878e-02,9.754441947106813615e-02,9.770358277173141204e-02,9.786861929313811492e-02,9.803878891571290999e-02,9.821332746112218515e-02,9.839144855012492419e-02,9.857235363425413677e-02,9.875522180087037416e-02,9.893922368186772176e-02,9.912350969659014521e-02,9.930722660383689560e-02,9.948950666497352602e-02,9.966947288278862893e-02,9.984625521646924018e-02,1.000189598062627278e-01,1.001867102219661798e-01,1.003486192225229723e-01,1.005038017279560880e-01,1.006513814329943329e-01,1.007904843131125772e-01,1.009202421940100930e-01,1.010397953344038813e-01,1.011482961871123243e-01,1.012449134053725053e-01,1.013288235880066002e-01,1.013992187593511507e-01,1.014553094276988976e-01,1.014963275634847700e-01,1.015215181434482999e-01,1.015301585121697603e-01,1.015215348857460842e-01,1.014949691680323007e-01,1.014498036556664429e-01,1.013854081636289817e-01,1.013011762933698073e-01,1.011965378402909371e-01,1.010709486133091056e-01,1.009238913332655974e-01,1.007548875141704020e-01,1.005634853824806246e-01,1.003492702523542529e-01,1.001118604255142597e-01,9.985090356752188145e-02,9.956609484981630842e-02,9.925715192879232263e-02,9.892383440116468696e-02,9.856593681833043796e-02,9.818329307332188116e-02,9.777577052799138468e-02,9.734327938557026105e-02,9.688575768219175044e-02,9.640318930071729853e-02,9.589559240827670583e-02,9.536301670627614357e-02,9.480555538403180604e-02,9.422333969450097380e-02,9.361653072153675037e-02,9.298532799645328750e-02,9.232996900661573358e-02,9.165072544091898421e-02,9.094790175126360454e-02,9.022183573917352817e-02,8.947290190451823166e-02,8.870150905997614688e-02,8.790808821133122564e-02,8.709311656062336537e-02,8.625708291950182072e-02,8.540052476384786539e-02,8.452399970976234855e-02,8.362808771964649890e-02,8.271340702752669194e-02,8.178059644845246667e-02,8.083031498976685214e-02,7.986325773387950577e-02,7.888012438675551241e-02,7.788165647495060018e-02,7.686860974918341416e-02,7.584174784425373739e-02,7.480186956336723481e-02,7.374978252698265180e-02,7.268631155990204484e-02,7.161229758652928878e-02,7.052859446194707782e-02,6.943607478178659420e-02,6.833561310208978445e-02,6.722810148339158909e-02,6.611444462016712043e-02,6.499554211005553750e-02,6.387231684876751303e-02,6.274568796247229074e-02,6.161658352362295310e-02,6.048593441054259112e-02,5.935467231550720785e-02,5.822373623230873985e-02,5.709406001915939138e-02,5.596658409661395273e-02,5.484223767651281306e-02,5.372195839152300867e-02,5.260667522746502456e-02,5.149731235004345598e-02,5.039479177905933915e-02,4.930002502329940139e-02,4.821392387022232356e-02,4.713738622322081323e-02,4.607130468491077435e-02,4.501655626458575532e-02,4.397401797689393099e-02,4.294454981427014290e-02,4.192900055539693777e-02,4.092820750612270742e-02,3.994299043742441380e-02,3.897416550686725462e-02,3.802252459286848546e-02,3.708884940032294852e-02,3.617390386853937961e-02,3.527843961365651620e-02,3.440318567519472237e-02,3.354885952606754401e-02,3.271615813995359945e-02,3.190575972297614998e-02,3.111832641680355518e-02,3.035449864088174757e-02,2.961489879383103971e-02,2.890012955464845573e-02,2.821077152368541702e-02,2.754738797895737654e-02,2.691051683298854164e-02,2.630067815709755119e-02,2.571836858785492633e-02,2.516406639406167101e-02,2.463822184548021543e-02,2.414126722634806627e-02,2.367360792978659770e-02,2.323563468414681366e-02,2.282770249473802665e-02,2.245015342632805666e-02,2.210330297646875136e-02,2.178744012891585535e-02,2.150283407031447491e-02,2.124972384924320515e-02,2.102832832167616725e-02,2.083884383129821008e-02,2.068143582111575327e-02,2.055624919150058141e-02,2.046340390252575012e-02,2.040299066904702890e-02,2.037507954284053721e-02,2.037971125131777736e-02,2.041690380909820871e-02,2.048664911608991807e-02,2.058890986614215005e-02,2.072362732597222978e-02,2.089071130928026390e-02,2.109005543256338433e-02,2.132151319729064590e-02,2.158492178926540994e-02,2.188008988518715808e-02,2.220679773128311080e-02,2.256480133957088074e-02,2.295382738713477172e-02,2.337357801908192603e-02,2.382373001903944840e-02,2.430393169836889133e-02,2.481380405566258399e-02,2.535294306362534389e-02,2.592091796586570851e-02,2.651727222102771842e-02,2.714151935934865090e-02,2.779315244458525902e-02,2.847163434145446800e-02,2.917640441093834885e-02,2.990687397464584368e-02,3.066242683980045097e-02,3.144242702336268180e-02,3.224621020620517531e-02,3.307308702615239376e-02,3.392234448654073836e-02,3.479324191178786302e-02,3.568502016833581536e-02,3.659689014773962606e-02,3.752804917509679900e-02,3.847765636196628924e-02,3.944486701023643127e-02,4.042880052641940197e-02,4.142856003282769511e-02,4.244322910668639481e-02,4.347186860064118641e-02,4.451352172765334764e-02,4.556721172020403859e-02,4.663194540493303952e-02,4.770671046019293177e-02,4.879047843999515660e-02,4.988220717886348438e-02,5.098083730743598052e-02,5.208529358285356181e-02,5.319449623223596740e-02,5.430734350785807601e-02,5.542272818362319053e-02,5.653953301464422626e-02,5.765662680244977578e-02,5.877287964789891517e-02,5.988714832703082025e-02,6.099828423030970864e-02,6.210513882494064081e-02,6.320655695703659982e-02,6.430138424494803717e-02,6.538846371683237901e-02,6.646664198737550766e-02,6.753476476242199766e-02,6.859168745059852912e-02,6.963626314856187494e-02,7.066735913072041964e-02,7.168384525123529250e-02,7.268460326566768270e-02,7.366852904405812863e-02,7.463452177186469250e-02,7.558150873948255022e-02,7.650841775673679346e-02,7.741420669106183206e-02,7.829784547619139667e-02,7.915832591069697777e-02,7.999466320841885913e-02,8.080589579540281564e-02,8.159107911722987549e-02,8.234930554796374147e-02,8.307969452935480559e-02,8.378138993324776851e-02,8.445356726777349110e-02,8.509543617398859783e-02,8.570623964620359414e-02,8.628525568228610776e-02,8.683180045701942296e-02,8.734522464211723347e-02,8.782492095340779792e-02,8.827032062700408688e-02,8.868089751762883721e-02,8.905616609823549523e-02,8.939568731600716633e-02,8.969906820341921883e-02,8.996595692754368045e-02,9.019604990243326736e-02,9.038909493450947297e-02,9.054488366924388909e-02,9.066326321213172279e-02,9.074412290341314635e-02,9.078740537111461284e-02,9.079310416890105928e-02,9.076126629402750390e-02,9.069199511090417221e-02,9.058543449578948525e-02,9.044178736659005957e-02,9.026130931428942572e-02,9.004430942418530093e-02,8.979114869718834990e-02,8.950223796108711105e-02,8.917804378300468737e-02,8.881908286729986446e-02,8.842592571955108782e-02,8.799919122973441643e-02,8.753954988552864469e-02,8.704772544215234886e-02,8.652448642295558490e-02,8.597065045506722958e-02,8.538708743741788010e-02,8.477470665545475126e-02,8.413446771939953051e-02,8.346737480747229432e-02,8.277447111911825917e-02,8.205684811578720095e-02,8.131563325191965008e-02,8.055199259614281848e-02,7.976713143231163594e-02,7.896228964715903964e-02,7.813874164933305722e-02,7.729779174916195927e-02,7.644077899730904180e-02,7.556906728302341392e-02,7.468404928132237053e-02,7.378713898733306464e-02,7.287977414051766134e-02,7.196341653409593642e-02,7.103953581141414508e-02,7.010962925280363189e-02,6.917519846902446534e-02,6.823776062506813067e-02,6.729884163665283969e-02,6.635997107039011411e-02,6.542268365910029748e-02,6.448851525750728952e-02,6.355900127578616166e-02,6.263567686583143557e-02,6.172006132127485362e-02,6.081367537870516204e-02,5.991802323997644231e-02,5.903459965694266010e-02,5.816488366935110982e-02,5.731032945832852804e-02,5.647237439555629485e-02,5.565243817812904475e-02,5.485190474257096299e-02,5.407213847934169010e-02,5.331446828228653123e-02,5.258019430889204066e-02,5.187057926142987774e-02,5.118685269707135693e-02,5.053019982137502142e-02,4.990177160839150833e-02,4.930266890111251882e-02,4.873395650357707776e-02,4.819664120387960604e-02,4.769169335867509685e-02,4.722002453413075979e-02,4.678249880957745244e-02,4.637992647208400571e-02,4.601306377855270136e-02,4.568260990779201419e-02,4.538920708874896043e-02,4.513343807647141048e-02,4.491583145693599927e-02,4.473685140094641605e-02,4.459690169046478386e-02,4.449632526426818002e-02,4.443540081178598555e-02,4.441434793551087001e-02,4.443332228352594310e-02,4.449241230757062376e-02,4.459164772621378864e-02,4.473099561008996028e-02,4.491035209784454557e-02,4.512955890922670799e-02,4.538838843113937593e-02,4.568655483355934382e-02,4.602371160371157566e-02,4.639944563660567539e-02,4.681328461679747782e-02,4.726469849441491955e-02,4.775310262451057386e-02,4.827784777042122555e-02,4.883823311835980285e-02,4.943349912412047659e-02,5.006283721843576145e-02,5.072538286600820207e-02,5.142022250617520052e-02,5.214639719623868214e-02,5.290289639275307793e-02,5.368866676714082603e-02,5.450260929336694232e-02,5.534358965275955333e-02,5.621042597911578981e-02,5.710191061793484790e-02,5.801679306282560289e-02,5.895379048920362797e-02,5.991159553520985365e-02,6.088886749937527654e-02,6.188424755314159142e-02
1.513464336513538899e-01,1.518064377306782564e-01,1.522961003791188650e-01,1.528144767017626526e-01,1.533605783126126831e-01,1.539333616176498942e-01,1.545317381956953784e-01,1.551545697930128975e-01,1.558006852952410481e-01,1.564688827146945849e-01,1.571579035310436967e-01,1.578664730082673662e-01,1.585932896092203948e-01,1.593370135606914373e-01,1.600963041520708507e-01,1.608697798085125530e-01,1.616560601817094434e-01,1.624537495257584452e-01,1.632614361099163358e-01,1.640777120338907102e-01,1.649011640912343146e-01,1.657303785052471334e-01,1.665639489546586471e-01,1.674004713205101691e-01,1.682385628376144304e-01,1.690768380959125072e-01,1.699139465567020557e-01,1.707485380862275304e-01,1.715793012172306120e-01,1.724049353087955538e-01,1.732241801289800265e-01,1.740357894109898218e-01,1.748385631876193391e-01,1.756313213046468980e-01,1.764129341873167667e-01,1.771822974472563317e-01,1.779383596402554224e-01,1.786800943917155049e-01,1.794065315805188077e-01,1.801167426842781860e-01,1.808098384644593881e-01,1.814849852691875765e-01,1.821413841568672032e-01,1.827783045863215217e-01,1.833950439175618674e-01,1.839909664630491881e-01,1.845654714092189730e-01,1.851180268700136633e-01,1.856481316547495541e-01,1.861553441441366752e-01,1.866392779442820893e-01,1.870995849431172087e-01,1.875359785310594107e-01,1.879482109084643360e-01,1.883360884234269728e-01,1.886994650402984142e-01,1.890382362593486798e-01,1.893523459943921294e-01,1.896417880006430190e-01,1.899065820601973931e-01,1.901468058104989478e-01,1.903625716465789097e-01,1.905540277073271282e-01,1.907213621144470128e-01,1.908647899771146461e-01,1.909845758012615191e-01,1.910809980270551656e-01,1.911543752271330499e-01,1.912050469745407988e-01,1.912333823334345928e-01,1.912397714923133041e-01,1.912246198664317998e-01,1.911883642107166936e-01,1.911314524546561811e-01,1.910543371976139715e-01,1.909575044416071676e-01,1.908414278296617916e-01,1.907066029559980891e-01,1.905535299530050353e-01,1.903827086913270350e-01,1.901946378873327625e-01,1.899898308756139131e-01,1.897687797377700658e-01,1.895319835684156906e-01,1.892799346404513694e-01,1.890131177410602770e-01,1.887320054401376290e-01,1.884370568311936611e-01,1.881287209752799949e-01,1.878074380982504010e-01,1.874736186391631476e-01,1.871276725963042509e-01,1.867699822756303252e-01,1.864009079321674311e-01,1.860207989362746284e-01,1.856299719217880950e-01,1.852287322166636663e-01,1.848173551557402983e-01,1.843960957566573022e-01,1.839651852150007982e-01,1.835248220962502619e-01,1.830751960263442835e-01,1.826164621264574073e-01,1.821487500710364249e-01,1.816721736327069348e-01,1.811868125901433813e-01,1.806927243229725366e-01,1.801899461400769953e-01,1.796784916215982131e-01,1.791583562739083313e-01,1.786295019378807414e-01,1.780918879092984464e-01,1.775454391953703859e-01,1.769900679384495135e-01,1.764256646888934799e-01,1.758521127995657518e-01,1.752692753489077659e-01,1.746770009598872242e-01,1.740751287387961865e-01,1.734634878014674197e-01,1.728418975432596538e-01,1.722101732421118803e-01,1.715681258269342591e-01,1.709155531789152693e-01,1.702522640373648199e-01,1.695780570012980770e-01,1.688927441223821435e-01,1.681961332916098451e-01,1.674880406326156868e-01,1.667682895775119689e-01,1.660367141351742071e-01,1.652931599498021487e-01,1.645374915347413425e-01,1.637695782244280585e-01,1.629893142371640069e-01,1.621966089382136933e-01,1.613913944082278895e-01,1.605736298163661369e-01,1.597432900074991502e-01,1.589003870106646676e-01,1.580449409378548720e-01,1.571770232116586063e-01,1.562967219436149635e-01,1.554041555900358140e-01,1.544994869372490753e-01,1.535828990241530356e-01,1.526546179895570121e-01,1.517149053460563057e-01,1.507640521135946432e-01,1.498023933530914231e-01,1.488303059429980368e-01,1.478481875781440524e-01,1.468564908142422354e-01,1.458557026136849955e-01,1.448463468756815697e-01,1.438289843312451632e-01,1.428042197380870182e-01,1.417726929952062009e-01,1.407350750566626063e-01,1.396920852121769363e-01,1.386444805168628447e-01,1.375930355655035076e-01,1.365385803679669274e-01,1.354819650297026667e-01,1.344240777870908121e-01,1.333658370424317952e-01,1.323081894104175538e-01,1.312521112705234139e-01,1.301986073119857368e-01,1.291486967166734778e-01,1.281034332133789699e-01,1.270638864084107922e-01,1.260311375079149754e-01,1.250062949180854865e-01,1.239904798218752074e-01,1.229848165135894456e-01,1.219904419204363294e-01,1.210085087263245290e-01,1.200401584365946017e-01,1.190865433856777150e-01,1.181488153293184240e-01,1.172281188688623216e-01,1.163255865614383905e-01,1.154423556404220730e-01,1.145795354807821048e-01,1.137382321378326844e-01,1.129195263359578788e-01,1.121244790600812447e-01,1.113541319607622149e-01,1.106094982364304036e-01,1.098915563793276401e-01,1.092012632943653166e-01,1.085395315439492275e-01,1.079072412496603628e-01,1.073052296686172191e-01,1.067342964323490240e-01,1.061951967203188657e-01,1.056886357238872171e-01,1.052152625830575922e-01,1.047756919344434018e-01,1.043704630475962430e-01,1.040000814376991489e-01,1.036649769893526474e-01,1.033655395769744467e-01,1.031020751181610934e-01,1.028748478352894541e-01,1.026840425948738339e-01,1.025297950530331403e-01,1.024121629211778156e-01,1.023311436904568578e-01,1.022866632675118598e-01,1.022785832285468127e-01,1.023066949522716679e-01,1.023707212391199717e-01,1.024703188884761168e-01,1.026050725655862222e-01,1.027745027641192299e-01,1.029780537945692159e-01,1.032151111873891441e-01,1.034849940055025258e-01,1.037869505001575016e-01,1.041201652427410085e-01,1.044837630254918937e-01,1.048768048787610679e-01,1.052982932366136049e-01,1.057471702526790874e-01,1.062223167925588629e-01,1.067225729337399759e-01,1.072467139869811292e-01,1.077934704817359868e-01,1.083615223753572471e-01,1.089495123070697291e-01,1.095560285060087347e-01,1.101796370490448485e-01,1.108188517355602476e-01,1.114721646818797735e-01,1.121380329071269694e-01,1.128148826981184155e-01,1.135011316330025027e-01,1.141951649501904420e-01,1.148953564403066008e-01,1.156000664498183783e-01,1.163076458399353585e-01,1.170164448440510763e-01,1.177248102708591260e-01,1.184310894097365674e-01,1.191336375784123880e-01,1.198308206191853881e-01,1.205210191026034744e-01,1.212026290184406996e-01,1.218740705504762212e-01,1.225337892820383412e-01,1.231802546366105450e-01,1.238119757421797806e-01,1.244274978987572611e-01,1.250253980620618099e-01,1.256043084376854690e-01,1.261628965083739229e-01,1.266998875985512196e-01,1.272140562941569408e-01,1.277042422340542438e-01,1.281693271146886470e-01,1.286082720314612182e-01,1.290200928145991133e-01,1.294038759138530503e-01,1.297587816704456609e-01,1.300840337834892058e-01,1.303789362156487774e-01,1.306428658371118490e-01,1.308752832787934417e-01,1.310757247201895792e-01,1.312438019839904935e-01,1.313792199530491311e-01,1.314817583373876497e-01,1.315512849177958854e-01,1.315877516647746270e-01,1.315911913513922171e-01,1.315617242321496239e-01,1.314995633517869744e-01,1.314049962953845740e-01,1.312784012077221063e-01,1.311202334518729307e-01,1.309310450991470753e-01,1.307114636126382179e-01,1.304621886404276898e-01,1.301840147205238774e-01,1.298778038256026279e-01,1.295445006796476506e-01,1.291851232800801108e-01,1.288007611308919498e-01,1.283925719772321672e-01,1.279617838240208194e-01,1.275096934057388387e-01,1.270376461863526596e-01,1.265470616100473622e-01,1.260394090026444591e-01,1.255162121236487183e-01,1.249790343488315636e-01,1.244294997896678023e-01,1.238692641568799740e-01,1.233000212935645989e-01,1.227235104930291254e-01,1.221414884555151320e-01,1.215557428332492002e-01,1.209680830997423989e-01,1.203803346163200283e-01,1.197943450502491208e-01,1.192119631748315978e-01,1.186350416549653564e-01,1.180654346843144908e-01,1.175049996642161393e-01,1.169555773678920413e-01,1.164189963209502077e-01,1.158970763874983267e-01,1.153916039099891350e-01,1.149043510111560085e-01,1.144370565187787930e-01,1.139914135844427578e-01,1.135690941968121731e-01,1.131717190620014774e-01,1.128008635176536295e-01,1.124580544544185878e-01,1.121447634518010217e-01,1.118624023432504555e-01,1.116123273936135973e-01,1.113958210654087122e-01,1.112141142327781884e-01,1.110683470265710349e-01,1.109596004223750987e-01,1.108888764364507895e-01,1.108570894796534201e-01,1.108650859588855703e-01,1.109136148349919165e-01,1.110033518113121009e-01,1.111348744058069105e-01,1.113086792438299361e-01,1.115251638883544422e-01,1.117846463292459791e-01,1.120873373350056990e-01,1.124333646194024122e-01,1.128227596680489303e-01,1.132554536359858255e-01,1.137312897608342838e-01,1.142500133163378145e-01,1.148112788428557879e-01,1.154146404093383538e-01,1.160595674330257981e-01,1.167454296277183751e-01,1.174715089511450122e-01,1.182370000604512639e-01,1.190410063815694336e-01,1.198825505664293800e-01,1.207605672031477617e-01,1.216739043934343678e-01,1.226213362046327388e-01,1.236015643974037181e-01,1.246132094239407323e-01,1.256548261803121513e-01,1.267248924536822363e-01,1.278218331164657218e-01,1.289439997152868334e-01,1.300896980829218674e-01,1.312571709417927612e-01,1.324446141447837566e-01,1.336501798856354617e-01,1.348719754127815917e-01,1.361080681077083687e-01,1.373564990168547884e-01,1.386152675793206057e-01,1.398823568954846719e-01,1.411557324756211040e-01,1.424333355225963493e-01,1.437130973825895552e-01,1.449929530490828289e-01,1.462708190434823252e-01,1.475446159107388910e-01,1.488122892646747131e-01,1.500717777639635486e-01,1.513210418740537355e-01,1.525580637500366654e-01,1.537808445442801764e-01,1.549874227787390035e-01,1.561758696553504078e-01,1.573442850375726121e-01,1.584908242313566029e-01,1.596136731716727430e-01,1.607110858022080813e-01,1.617813514958327537e-01,1.628228366916452674e-01,1.638339491974632189e-01,1.648131727377873945e-01,1.657590573616128105e-01,1.666702223857028375e-01,1.675453625236620059e-01,1.683832483221244236e-01,1.691827296075889553e-01,1.699427368548926953e-01,1.706622865947661771e-01,1.713404836607572701e-01,1.719765092140642104e-01,1.725696470480932720e-01,1.731192619400455657e-01,1.736248227510772957e-01,1.740858758111565319e-01,1.745020720845062157e-01,1.748731449705935581e-01,1.751989433685793296e-01,1.754793943370731302e-01,1.757145218052681979e-01,1.759044453457777601e-01,1.760493863983694507e-01,1.761496404004730398e-01,1.762056156269757867e-01,1.762177980878468497e-01,1.761867673888851127e-01,1.761131934511086516e-01,1.759978312402104006e-01,1.758415198635282228e-01,1.756451742749788880e-01,1.754098052991813761e-01,1.751364850283858576e-01,1.748263657640328761e-01,1.744806727689142967e-01,1.741007044056070985e-01,1.736878196748502801e-01,1.732434394567692326e-01,1.727690417970652592e-01
2.962521010306755631e-01,2.968593378345755207e-01,2.974606918215306206e-01,2.980566888360624000e-01,2.986477920049375734e-01,2.992344284169010105e-01,2.998169732569707091e-01,3.003957517178078018e-01,3.009710091596499160e-01,3.015429664026187395e-01,3.021117652435564294e-01,3.026775095653924663e-01,3.032402180596180385e-01,3.037998533285229397e-01,3.043563420807289255e-01,3.049095161992849690e-01,3.054591552567670343e-01,3.060049942546163582e-01,3.065466785710802000e-01,3.070838209931094354e-01,3.076159383441949280e-01,3.081425232269129344e-01,3.086629720112698538e-01,3.091766636186325523e-01,3.096828933616421753e-01,3.101808874235871261e-01,3.106698612022888439e-01,3.111489325986872001e-01,3.116172019145634908e-01,3.120737080191618995e-01,3.125174367084367355e-01,3.129473462780694715e-01,3.133623517099049516e-01,3.137613233059957096e-01,3.141430848335437509e-01,3.145064550521143865e-01,3.148501992824111473e-01,3.151730811495413453e-01,3.154738192234632366e-01,3.157511259161110417e-01,3.160036917147867608e-01,3.162302011292018600e-01,3.164293246270251658e-01,3.165997282143608871e-01,3.167400909582706037e-01,3.168490725329011215e-01,3.169253439524504223e-01,3.169676104820692841e-01,3.169745611313677935e-01,3.169449125329466543e-01,3.168774098161837860e-01,3.167708169253842798e-01,3.166239256803151658e-01,3.164355775332202136e-01,3.162046165923914076e-01,3.159299562552985718e-01,3.156105516049731996e-01,3.152453753963333494e-01,3.148334826356303240e-01,3.143739693653974654e-01,3.138659844266598054e-01,3.133087376284416914e-01,3.127015016762484945e-01,3.120436066237934347e-01,3.113344545078547965e-01,3.105735257462188259e-01,3.097603568712677391e-01,3.088945571861340111e-01,3.079758306115773503e-01,3.070039325445426681e-01,3.059787070981867529e-01,3.049000850440193311e-01,3.037680580026055899e-01,3.025827289251730168e-01,3.013442563979261690e-01,3.000528867821158352e-01,2.987089612642864211e-01,2.973128871378739602e-01,2.958651677233620214e-01,2.943663912512920477e-01,2.928172045888098873e-01,2.912183645554959899e-01,2.895706922531228189e-01,2.878751005855208489e-01,2.861325607592530851e-01,2.843441315332555508e-01,2.825109597295548114e-01,2.806342410246946417e-01,2.787152654077257319e-01,2.767553737334085828e-01,2.747559741122295174e-01,2.727185620704379310e-01,2.706446639541061905e-01,2.685358879729723425e-01,2.663938704682229930e-01,2.642203456930315997e-01,2.620170479790779328e-01,2.597857814359947892e-01,2.575284046124882154e-01,2.552467851454680026e-01,2.529428485554113815e-01,2.506185418413450217e-01,2.482758477864688007e-01,2.459167595013971586e-01,2.435433112348869833e-01,2.411575218552350353e-01,2.387614538489857829e-01,2.363571603097078810e-01,2.339467027423763335e-01,2.315321356856508139e-01,2.291155226115503263e-01,2.266989005093539011e-01,2.242843091339632167e-01,2.218737749788251556e-01,2.194692806560642195e-01,2.170728061047808022e-01,2.146863067209083820e-01,2.123116733713170945e-01,2.099508039104222568e-01,2.076055295130339595e-01,2.052776473242882149e-01,2.029689087855500174e-01,2.006810177619387792e-01,1.984156199836409340e-01,1.961743113101678260e-01,1.939586229495887104e-01,1.917700365390223316e-01,1.896099671036907408e-01,1.874797578915029517e-01,1.853806857017601117e-01,1.833139668029563907e-01,1.812807367397633596e-01,1.792820561283017533e-01,1.773189257162288701e-01,1.753922503885037565e-01,1.735028736848156783e-01,1.716515494027011368e-01,1.698389615748236992e-01,1.680657179195839679e-01,1.663323321947935696e-01,1.646392554152878440e-01,1.629868452261358513e-01,1.613753893407136597e-01,1.598050913982408394e-01,1.582760827510229229e-01,1.567884122650625711e-01,1.553420545841589784e-01,1.539369109951853887e-01,1.525728068155359496e-01,1.512494959487614143e-01,1.499666666584058838e-01,1.487239343052140506e-01,1.475208460894590068e-01,1.463568924071808885e-01,1.452314960197737537e-01,1.441440251463005917e-01,1.430937889528198781e-01,1.420800481030698725e-01,1.411020034413911217e-01,1.401588205063015458e-01,1.392496065927625870e-01,1.383734352735135342e-01,1.375293500003089975e-01,1.367163442056936740e-01,1.359333906581094153e-01,1.351794304765459032e-01,1.344533819773577887e-01,1.337541420764029598e-01,1.330805969490559404e-01,1.324316027070528978e-01,1.318060305612624716e-01,1.312027198352628821e-01,1.306205287060537845e-01,1.300582993746291771e-01,1.295148958882182955e-01,1.289891806688024944e-01,1.284800146624915929e-01,1.279863028378261380e-01,1.275069406245771808e-01,1.270408660399366119e-01,1.265870252652870065e-01,1.261444081829405650e-01,1.257120198678320089e-01,1.252889082952133026e-01,1.248741469280567756e-01,1.244668627113273973e-01,1.240662185274994667e-01,1.236714110515216569e-01,1.232816946147059639e-01,1.228963592653041920e-01,1.225147630676134552e-01,1.221362949272408460e-01,1.217604031295254075e-01,1.213865953526502561e-01,1.210144256847505012e-01,1.206435076585631871e-01,1.202735181410276161e-01,1.199041789860291890e-01,1.195352737567408341e-01,1.191666534624679086e-01,1.187982105964404400e-01,1.184299116902215177e-01,1.180617725789204764e-01,1.176938627301720997e-01,1.173263137411686002e-01,1.169593159910152086e-01,1.165931034500648916e-01,1.162279717763453901e-01,1.158642681693111270e-01,1.155023855885201067e-01,1.151427719517016945e-01,1.147859174574461655e-01,1.144323523685736033e-01,1.140826630594989066e-01,1.137374642379722911e-01,1.133974209308418746e-01,1.130632096823168398e-01,1.127355717562741888e-01,1.124152550545445134e-01,1.121030462020906199e-01,1.117997496481384079e-01,1.115061948009586773e-01,1.112232215333493340e-01,1.109517011028676170e-01,1.106925092354702905e-01,1.104465087683416114e-01,1.102146098431191629e-01,1.099976886278853927e-01,1.097966308517533685e-01,1.096123242592015740e-01,1.094456359323222466e-01,1.092974395742695448e-01,1.091685715558869119e-01,1.090598735556267546e-01,1.089721412328338024e-01,1.089061616694928653e-01,1.088626961890065969e-01,1.088424652882847288e-01,1.088461631665794405e-01,1.088744393879162858e-01,1.089279100507731662e-01,1.090071563603010329e-01,1.091127005818598728e-01,1.092450181423509636e-01,1.094045508327174537e-01,1.095916739178589006e-01,1.098067124822909996e-01,1.100499367838951581e-01,1.103215623619773350e-01,1.106217369264410055e-01,1.109505607881343670e-01,1.113080665684525045e-01,1.116942202570004317e-01,1.121089213597619982e-01,1.125520179207608606e-01,1.130232832843092727e-01,1.135224334204011920e-01,1.140491037053086715e-01,1.146028827722783971e-01,1.151832758671224310e-01,1.157897448148625524e-01,1.164216635929300053e-01,1.170783592648021038e-01,1.177590936688547169e-01,1.184630612657429777e-01,1.191894036878920621e-01,1.199372020230496383e-01,1.207054704277969598e-01,1.214931865896601293e-01,1.222992637141567251e-01,1.231225741887607555e-01,1.239619205872000696e-01,1.248160871961309926e-01,1.256837874244943754e-01,1.265637258955566447e-01,1.274545404985627794e-01,1.283548621803505541e-01,1.292632648042678634e-01,1.301783076279441898e-01,1.310985227365010219e-01,1.320224292918349696e-01,1.329485176280036929e-01,1.338752757539640459e-01,1.348011698314691698e-01,1.357246643397298780e-01,1.366442234730194383e-01,1.375583182880014688e-01,1.384654094071752217e-01,1.393639865904925668e-01,1.402525299794792069e-01,1.411295620748172219e-01,1.419936015274521346e-01,1.428432121430402435e-01,1.436769790382693701e-01,1.444935115648241786e-01,1.452914670798968189e-01,1.460695318729359204e-01,1.468264424913143795e-01,1.475609844491711509e-01,1.482719879826052412e-01,1.489583337642505501e-01,1.496189709836391046e-01,1.502528937851589363e-01,1.508591704277378043e-01,1.514369250187994065e-01,1.519853547193176224e-01,1.525037291064695322e-01,1.529913835517055787e-01,1.534477372078113522e-01,1.538722771939022016e-01,1.542645689307541867e-01,1.546242679192633418e-01,1.549511029091902303e-01,1.552448822122045047e-01,1.555055087586816043e-01,1.557329545618523770e-01,1.559272991104281580e-01,1.560886831865991864e-01,1.562173503233456051e-01,1.563136169641052287e-01,1.563778980887055581e-01,1.564106898542136914e-01,1.564125567337966149e-01,1.563841712122358563e-01,1.563262737490068166e-01,1.562396841361933797e-01,1.561253151360143809e-01,1.559841445259421699e-01,1.558172314309523299e-01,1.556257078889319578e-01,1.554107785266195252e-01,1.551737227505746164e-01,1.549158668021376473e-01,1.546386318033625695e-01,1.543434697279985890e-01,1.540319177475037993e-01,1.537055407582761657e-01,1.533659778565479304e-01,1.530149099800184320e-01,1.526540492108467706e-01,1.522851671548030028e-01,1.519100570161292796e-01,1.515305511719365339e-01,1.511485100759825118e-01,1.507658225517859996e-01,1.503843890879982270e-01,1.500061354195371122e-01,1.496329887033754358e-01,1.492668993482131889e-01,1.489097953696749133e-01,1.485636347849689509e-01,1.482303453867201692e-01,1.479118563092792771e-01,1.476100715258223117e-01,1.473268920765036238e-01,1.470641897547029231e-01,1.468238007100217957e-01,1.466075389474031376e-01,1.464171822341279738e-01,1.462544608257023981e-01,1.461210700530176376e-01,1.460186552344889810e-01,1.459488103907053136e-01,1.459130789993675348e-01,1.459129259600986939e-01,1.459497845772924352e-01,1.460250035320752593e-01,1.461398672449405745e-01,1.462955931682085597e-01,1.464933251120861812e-01,1.467341299341035910e-01,1.470189921146483891e-01,1.473488167047404540e-01,1.477244280890055994e-01,1.481465740236097006e-01,1.486158977010426097e-01,1.491329750128822518e-01,1.496982784639930841e-01,1.503121931684956170e-01,1.509750225254273270e-01,1.516869776635713096e-01,1.524481641084284023e-01,1.532586064389942493e-01,1.541182413219884528e-01,1.550269186938353361e-01,1.559843820056580344e-01,1.569902890863248413e-01,1.580442237068651334e-01,1.591456654919495006e-01,1.602940048576584342e-01,1.614885730814577258e-01,1.627285907885004101e-01,1.640132105848827182e-01,1.653415116900269766e-01,1.667124733549250615e-01,1.681250235670119497e-01,1.695780151684288806e-01,1.710702234053323723e-01,1.726003630112212806e-01,1.741670874827969950e-01,1.757689859146830125e-01,1.774045942087833783e-01,1.790723995314197903e-01,1.807708331612088992e-01,1.824982876573560397e-01,1.842531071394918341e-01,1.860336004529103970e-01,1.878380422153859419e-01,1.896646862215491391e-01,1.915117414034786247e-01,1.933774172073297604e-01,1.952598851946588943e-01,1.971573172314840805e-01,1.990678741057463064e-01,2.009897042926417077e-01,2.029209586555857925e-01,2.048598015398844785e-01,2.068043858541855906e-01,2.087528918066941241e-01,2.107034908062492828e-01,2.126544184055693121e-01,2.146038853224774834e-01,2.165501463888095668e-01,2.184915042458372980e-01,2.204262673240879877e-01,2.223527953959445191e-01,2.242694904543099388e-01
2.908289657670629080e-01,2.899348726862602810e-01,2.889800099709307069e-01,2.879656935039967003e-01,2.868933080510459033e-01,2.857642787428913977e-01,2.845801063806682185e-01,2.833423398639061119e-01,2.820525918036810853e-01,2.807125102756058421e-01,2.793238121972120291e-01,2.778882498475158669e-01,2.764076261536502210e-01,2.748837936138823768e-01,2.733186361437133782e-01,2.717140874231824266e-01,2.700721128294941709e-01,2.683947197444373489e-01,2.666839345935180239e-01,2.649418417356150246e-01,2.631705229376832822e-01,2.613721137093708569e-01,2.595487524478610752e-01,2.577026172022507944e-01,2.558358931180965135e-01,2.539507883766193297e-01,2.520495201860745715e-01,2.501343236325211383e-01,2.482074470067829330e-01,2.462711306262165278e-01,2.443276365042214016e-01,2.423792181534411561e-01,2.404281301963674677e-01,2.384766353675443762e-01,2.365269622015662709e-01,2.345813688732332758e-01,2.326420660302073173e-01,2.307112831701407241e-01,2.287912090492795203e-01,2.268840268812252203e-01,2.249918944839816304e-01,2.231169459219614071e-01,2.212612894008200437e-01,2.194269993787106854e-01,2.176161295080497327e-01,2.158306871280187833e-01,2.140726507446929494e-01,2.123439527794060422e-01,2.106464910785486311e-01,2.089821135924293527e-01,2.073526198072827564e-01,2.057597673578439312e-01,2.042052603098800101e-01,2.026907412100109607e-01,2.012177992919885472e-01,1.997879728284097656e-01,1.984027298929822436e-01,1.970634800210005477e-01,1.957715668982338564e-01,1.945282683040802929e-01,1.933347907565840240e-01,1.921922674895707728e-01,1.911017643423056633e-01,1.900642648817989777e-01,1.890806885267693749e-01,1.881518646353322888e-01,1.872785530487480754e-01,1.864614204155272958e-01,1.857010672122277051e-01,1.849979910511708181e-01,1.843526270986315940e-01,1.837653065647145145e-01,1.832362813996783468e-01,1.827657210401311960e-01,1.823536964740919419e-01,1.820001949633933691e-01,1.817051194078199150e-01,1.814682787736627834e-01,1.812893954300104638e-01,1.811681001929898172e-01,1.811039278672663400e-01,1.810963400414730695e-01,1.811446991845852561e-01,1.812482737351341910e-01,1.814062571942053614e-01,1.816177478188145955e-01,1.818817642187036676e-01,1.821972274588766205e-01,1.825629926527829461e-01,1.829778137463227705e-01,1.834403806004813731e-01,1.839492932390075497e-01,1.845030773537205127e-01,1.851001759441883443e-01,1.857389781194227485e-01,1.864177713340079978e-01,1.871348100434619688e-01,1.878882464250109519e-01,1.886761953746087517e-01,1.894966934756424637e-01,1.903477289403954775e-01,1.912272299890402372e-01,1.921330723247389460e-01,1.930630853662628488e-01,1.940150537744367576e-01,1.949867118416246381e-01,1.959757624659387854e-01,1.969798695844556247e-01,1.979966762377721179e-01,1.990237779799569617e-01,2.000587647525389479e-01,2.010992013209251250e-01,2.021426360629996200e-01,2.031866024750390576e-01,2.042286329244621390e-01,2.052662582975342820e-01,2.062970069067889545e-01,2.073184158357281870e-01,2.083280264650821667e-01,2.093234044971113983e-01,2.103021262608321118e-01,2.112617965748565807e-01,2.122000538573783901e-01,2.131145496045258603e-01,2.140030010331333554e-01,2.148631374264561023e-01,2.156927575811422026e-01,2.164896987758288260e-01,2.172518588022891994e-01,2.179771823188714486e-01,2.186636980670111918e-01,2.193094736499337227e-01,2.199126738973776196e-01,2.204715234986939221e-01,2.209843359274699937e-01,2.214494931128591915e-01,2.218654838283841968e-01,2.222308627809495840e-01,2.225443038371471283e-01,2.228045457764271098e-01,2.230104564133840450e-01,2.231609832442842389e-01,2.232551932984890297e-01,2.232922687658967509e-01,2.232714720729002955e-01,2.231921991766895041e-01,2.230539586502089944e-01,2.228563747470279632e-01,2.225991857272217322e-01,2.222822507100958300e-01,2.219055506212836704e-01,2.214691901650478467e-01,2.209733838923229055e-01,2.204184849265070356e-01,2.198049651482491262e-01,2.191334099478081388e-01,2.184045475782780688e-01,2.176192084292995210e-01,2.167783563397161217e-01,2.158830777301957993e-01,2.149345665974943809e-01,2.139341626543965480e-01,2.128833010102997025e-01,2.117835398830240079e-01,2.106365490745963909e-01,2.094441143151040408e-01,2.082081317412989852e-01,2.069306056975741270e-01,2.056136380811476316e-01,2.042594328437513096e-01,2.028703093480601072e-01,2.014486517032259560e-01,1.999969553853622739e-01,1.985178012578099060e-01,1.970138430098913318e-01,1.954878280383839928e-01,1.939425650228063236e-01,1.923809393269192147e-01,1.908058893465469086e-01,1.892204358896031058e-01,1.876276324928679573e-01,1.860305911636030152e-01,1.844324698031312715e-01,1.828364574567137857e-01,1.812457903858373243e-01,1.796637157030732401e-01,1.780935123504594486e-01,1.765384716667511289e-01,1.750018963349973811e-01,1.734870899422382984e-01,1.719973576063903720e-01,1.705359944252253235e-01,1.691062788718407095e-01,1.677114664584911374e-01,1.663548013433476802e-01,1.650394710369489093e-01,1.637686452390714476e-01,1.625454269581143862e-01,1.613728965381699132e-01,1.602540543224553471e-01,1.591918419380067007e-01,1.581891349607674468e-01,1.572487377481265047e-01,1.563733648048750424e-01,1.555656550072174460e-01,1.548281493084506522e-01,1.541632968820061955e-01,1.535734413220503636e-01,1.530608228393115500e-01,1.526275642105890951e-01,1.522756793378821638e-01,1.520070565180089150e-01,1.518234645640331726e-01,1.517265421942262937e-01,1.517177908757251503e-01,1.517985738294773124e-01,1.519701254646760036e-01,1.522335388509065690e-01,1.525897367645198677e-01,1.530395278742923137e-01,1.535835432642867759e-01,1.542222773969738059e-01,1.549560631529004751e-01,1.557850761368990422e-01,1.567093406545279621e-01,1.577287189198280093e-01,1.588429122588269626e-01,1.600514635301333866e-01,1.613537583431197131e-01,1.627490183195550999e-01,1.642363056837246316e-01,1.658145349273324465e-01,1.674824435724610872e-01,1.692386336988010165e-01,1.710815410917096435e-01,1.730094458354453912e-01,1.750204802001188165e-01,1.771126403956816975e-01,1.792837583797262102e-01,1.815315312093354616e-01,1.838535202556313419e-01,1.862471432095611501e-01,1.887096997054469871e-01,1.912383448018885046e-01,1.938301131304233094e-01,1.964819357639421282e-01,1.991906056004093262e-01,2.019528217289843497e-01,2.047651806611316405e-01,2.076241686056420899e-01,2.105261803235097817e-01,2.134675275131402428e-01,2.164444378625069998e-01,2.194530657068086421e-01,2.224894915717216259e-01,2.255497391112079586e-01,2.286297580385871220e-01,2.317254710463424461e-01,2.348327473670686061e-01,2.379474116481033186e-01,2.410652629505487810e-01,2.441820908893852504e-01,2.472936514551685727e-01,2.503957000778692099e-01,2.534839785234124232e-01,2.565542639940418534e-01,2.596023096618710335e-01,2.626239103331802216e-01,2.656148813114971308e-01,2.685710664839442985e-01,2.714883563050530246e-01,2.743626930425435151e-01,2.771900508199591773e-01,2.799664978925398562e-01,2.826881403415349991e-01,2.853511791379450546e-01,2.879518776034077909e-01,2.904865992157500409e-01,2.929517991126602272e-01,2.953440136272856842e-01,2.976599077056599207e-01,2.998962430461037387e-01,3.020498989508540455e-01,3.041178684144947297e-01,3.060972868316081397e-01,3.079854015167670100e-01,3.097796156087109232e-01,3.114774357184572073e-01,3.130765455983895995e-01,3.145747757812031309e-01,3.159700793654313111e-01,3.172605893147877887e-01,3.184445824997551577e-01,3.195205056235632113e-01,3.204869444829012148e-01,3.213426871160572906e-01,3.220866556633648625e-01,3.227179377575779551e-01,3.232358244322777741e-01,3.236397412597422640e-01,3.239293084598452999e-01,3.241042991583686916e-01,3.241646713675027103e-01,3.241105425460445999e-01,3.239422258757839734e-01,3.236601770671599376e-01,3.232650292900927091e-01,3.227575807217327730e-01,3.221388049896241057e-01,3.214098493630190290e-01,3.205719933674325284e-01,3.196267016481996182e-01,3.185755904767165747e-01,3.174204168862134190e-01,3.161630978593492625e-01,3.148057235518045838e-01,3.133504901305896317e-01,3.117997399692559179e-01,3.101559791328035720e-01,3.084218142434622667e-01,3.065999993002994639e-01,3.046933942331498391e-01,3.027049964709960794e-01,3.006378972585191933e-01,2.984953125838270549e-01,2.962805403086792855e-01,2.939969918806068505e-01,2.916481542584000164e-01,2.892376181237648058e-01,2.867690377783012057e-01,2.842461501440123883e-01,2.816727411638862422e-01,2.790526760651524385e-01,2.763898675336232680e-01,2.736882725157279705e-01,2.709518960351382511e-01,2.681847721496734005e-01,2.653909748703728866e-01,2.625745746640177347e-01,2.597396783051157398e-01,2.568903962852175371e-01,2.540308599668337219e-01,2.511651571479969203e-01,2.482973988417171984e-01,2.454316549978884932e-01,2.425719938746705162e-01,2.397224542238989009e-01,2.368870243175925094e-01,2.340696639080007968e-01,2.312742772312628148e-01,2.285047207300251737e-01,2.257647963208175568e-01,2.230582354633000308e-01,2.203887040610005288e-01,2.177597914196388318e-01,2.151750143603155252e-01,2.126377971174688020e-01,2.101514768697710922e-01,2.077193005913050561e-01,2.053444175170903441e-01,2.030298699915636940e-01,2.007786044321655805e-01,1.985934456818742311e-01,1.964771110025677059e-01,1.944322055447890163e-01,1.924612085286740715e-01,1.905664808858063275e-01,1.887502564805735861e-01,1.870146358334228986e-01,1.853616081288141371e-01,1.837930047549323764e-01,1.823105473593372716e-01,1.809158144037603111e-01,1.796102316832198786e-01,1.783951189914244340e-01,1.772716258104660714e-01,1.762407868870578542e-01,1.753034843368142526e-01,1.744604668280997084e-01,1.737123472982129158e-01,1.730595759784308296e-01,1.725024960776406213e-01,1.720412917518459039e-01,1.716760257595464634e-01,1.714065989368267484e-01,1.712328063079374130e-01,1.711542972088098691e-01,1.711705864222204942e-01,1.712810537142683276e-01,1.714849747802318358e-01,1.717814684908495204e-01,1.721695594678740726e-01,1.726481245346121185e-01,1.732159495957701911e-01,1.738716789460400813e-01,1.746138674070829289e-01,1.754409489415588164e-01,1.763512520461777144e-01,1.773430020258139062e-01,1.784143428206660109e-01,1.795632846044590281e-01,1.807877938137281981e-01,1.820857126124858505e-01,1.834548174635734774e-01,1.848927867502075939e-01,1.863972562403060640e-01,1.879657525798938134e-01,1.895957578589256842e-01,1.912846847281020057e-01,1.930298807016886664e-01,1.948286461580913398e-01,1.966782275943791403e-01,1.985758256361666585e-01,2.005186029530372227e-01,2.025036665120537316e-01,2.045281155427926822e-01,2.065889955327411820e-01,2.086833502074079416e-01,2.108081859337829767e-01,2.129604932561938446e-01,2.151372549353919861e-01,2.173354467084478714e-01,2.195520354702057975e-01,2.217840069969148065e-01,2.240283081182779523e-01,2.262819389520596691e-01,2.285418846415007976e-01
6.040850038874052974e-02,5.903862204519375739e-02,5.772807730033614054e-02,5.647884246472578695e-02,5.529279938516659665e-02,5.417172989192756832e-02,5.311731566356549250e-02,5.213112773435490260e-02,5.121463118479386428e-02,5.036918225303321089e-02,4.959601760183719038e-02,4.889627013827806123e-02,4.827094349013291708e-02,4.772093308505113984e-02,4.724701331758292266e-02,4.684983627586498944e-02,4.652993183970181856e-02,4.628771512590731246e-02,4.612347267046278815e-02,4.603737351107928949e-02,4.602946153235729088e-02,4.609966293084271499e-02,4.624778065300801100e-02,4.647349827123796462e-02,4.677638549969280468e-02,4.715588618965584761e-02,4.761133507166166040e-02,4.814194919344144674e-02,4.874683330092698802e-02,4.942498478030823983e-02,5.017529178514381488e-02,5.099653201795970037e-02,5.188739073003802160e-02,5.284644171423909242e-02,5.387217122988671725e-02,5.496296842528534954e-02,5.611712816356769634e-02,5.733286826185336749e-02,5.860831062234720529e-02,5.994150842801284490e-02,6.133042922485394677e-02,6.277297896741373950e-02,6.426699066278575290e-02,6.581023576807970565e-02,6.740042383836922224e-02,6.903521368313420004e-02,7.071220665767466440e-02,7.242896821427984022e-02,7.418301642329935830e-02,7.597183225356517189e-02,7.779286684729265489e-02,7.964354347924608446e-02,8.152125848303674871e-02,8.342339887931292386e-02,8.534732295260916146e-02,8.729039715090214369e-02,8.924997540549338415e-02,9.122341074686687867e-02,9.320805622363312337e-02,9.520128679852493669e-02,9.720048043213828926e-02,9.920303713223457831e-02,1.012063746951302468e-01,1.032079415157858837e-01,1.052052150255533974e-01,1.071957063357086432e-01,1.091769646640786406e-01,1.111465700762585274e-01,1.131021786821536368e-01,1.150414641933453080e-01,1.169621602524701098e-01,1.188620603750883131e-01,1.207390201568017685e-01,1.225909488915281759e-01,1.244158254895792459e-01,1.262116883882093143e-01,1.279766515176358477e-01,1.297089022974333150e-01,1.314066984014161665e-01,1.330683717919672049e-01,1.346923338876742371e-01,1.362770779490653505e-01,1.378211690107060128e-01,1.393232707250272873e-01,1.407821147119958649e-01,1.421965185090707240e-01,1.435653953083290413e-01,1.448877321736128376e-01,1.461626036064582190e-01,1.473891811665632157e-01,1.485667160696816647e-01,1.496945375785972143e-01,1.507720774834989952e-01,1.517988363214106406e-01,1.527744135521550417e-01,1.536984882273565722e-01,1.545708289464881591e-01,1.553912764841299254e-01,1.561597610054409613e-01,1.568762918497770276e-01,1.575409557804611504e-01,1.581539250100187366e-01,1.587154347041599967e-01,1.592258162972622904e-01,1.596854425137994860e-01,1.600947913280270363e-01,1.604543885114418367e-01,1.607648216019986198e-01,1.610267725114628845e-01,1.612409479432723447e-01,1.614081439279512198e-01,1.615291991914008241e-01,1.616050157177167657e-01,1.616365418093836936e-01,1.616247814666922911e-01,1.615707778042327070e-01,1.614756313200436388e-01,1.613404808443532901e-01,1.611664970179911283e-01,1.609548981055523575e-01,1.607069310478286273e-01,1.604238750706092898e-01,1.601070434002517251e-01,1.597577682781378960e-01,1.593774159058144457e-01,1.589673568272875759e-01,1.585290015437832156e-01,1.580637604311841415e-01,1.575730640351656331e-01,1.570583511147307931e-01,1.565210669676372346e-01,1.559626788268040354e-01,1.553846364365699950e-01,1.547883994555356857e-01,1.541754313441257018e-01,1.535471827612180651e-01,1.529051153810671859e-01,1.522506591492617523e-01,1.515852626551396354e-01,1.509103472347811115e-01,1.502273173939440987e-01,1.495375782411866028e-01,1.488425085093357247e-01,1.481434718697051678e-01,1.474418129128410582e-01,1.467388507068810022e-01,1.460358952605121385e-01,1.453342144986946305e-01,1.446350693446423197e-01,1.439396867135986913e-01,1.432492682076605128e-01,1.425649848964360422e-01,1.418879875530128787e-01,1.412193870110009797e-01,1.405602707670457197e-01,1.399117053060951188e-01,1.392747048008899646e-01,1.386502680093438800e-01,1.380393520308063060e-01,1.374428943733601860e-01,1.368617904673981311e-01,1.362968990480219744e-01,1.357490591756511933e-01,1.352190642817438226e-01,1.347076844412462837e-01,1.342156469977677236e-01,1.337436581546334602e-01,1.332923780294653360e-01,1.328624463467757144e-01,1.324544618968666876e-01,1.320689905745930925e-01,1.317065727229977667e-01,1.313677092068979146e-01,1.310528813704322226e-01,1.307625231441459646e-01,1.304970502255420606e-01,1.302568379579105429e-01,1.300422394928421321e-01,1.298535726245030331e-01,1.296911350170326938e-01,1.295551829909211694e-01,1.294459432334486848e-01,1.293636325535642284e-01,1.293084129454233622e-01,1.292804436247227684e-01,1.292798448942373279e-01,1.293067032751025747e-01,1.293610981012897621e-01,1.294430638977241421e-01,1.295526132155941368e-01,1.296897439971525789e-01,1.298544168602307758e-01,1.300465712882533376e-01,1.302661205863376304e-01,1.305129597878816050e-01,1.307869465884140547e-01,1.310879324942359203e-01,1.314157322969479458e-01,1.317701346018351760e-01,1.321509108224328266e-01,1.325578138500862757e-01,1.329905595857328038e-01,1.334488474151216408e-01,1.339323589432540595e-01,1.344407394409201373e-01,1.349736251168204559e-01,1.355306153494075516e-01,1.361112954819594656e-01,1.367152249288706156e-01,1.373419401168751997e-01,1.379909542370617859e-01,1.386617531289261185e-01,1.393538060680827306e-01,1.400665512264512857e-01,1.407994089770351342e-01,1.415517747659153502e-01,1.423230193834908452e-01,1.431124964610777650e-01,1.439195213817019980e-01,1.447434051219781415e-01,1.455834165462947249e-01,1.464388162711199592e-01,1.473088333279735929e-01,1.481926768105614745e-01,1.490895363481953839e-01,1.499985680776431962e-01,1.509189172566961223e-01,1.518496973914187087e-01,1.527900097734527229e-01,1.537389266665016019e-01,1.546954988702977929e-01,1.556587654988772218e-01,1.566277325726029013e-01,1.576014013566029714e-01,1.585787314906434986e-01,1.595586905014630408e-01,1.605402151353307327e-01,1.615222181346498420e-01,1.625036148567348127e-01,1.634832802490117087e-01,1.644601007194192721e-01,1.654329317783172493e-01,1.664006242780404765e-01,1.673620204627403740e-01,1.683159392016506106e-01,1.692612085395614197e-01,1.701966323647010892e-01,1.711210242335201304e-01,1.720331799251043070e-01,1.729319012448247983e-01,1.738159803081173738e-01,1.746842165413024228e-01,1.755354051740993515e-01,1.763683520718822839e-01,1.771818592174921325e-01,1.779747471822033522e-01,1.787458268107830206e-01,1.794939368878786523e-01,1.802179231591639896e-01,1.809166484538078379e-01,1.815889838996418149e-01,1.822338203877555407e-01,1.828500872572746405e-01,1.834367088685635583e-01,1.839926512669103342e-01,1.845169045947539777e-01,1.850084825596312321e-01,1.854664417687573730e-01,1.858898603101972191e-01,1.862778518758788915e-01,1.866295710918070561e-01,1.869442092646465825e-01,1.872210083463684838e-01,1.874592331981367044e-01,1.876582088003311555e-01,1.878173097386156010e-01,1.879359449232402557e-01,1.880135854726251998e-01,1.880497578967786076e-01,1.880440243330558925e-01,1.879960220950836480e-01,1.879054349501496635e-01,1.877720106745879858e-01,1.875955505856108374e-01,1.873759246725908989e-01,1.871130555703041098e-01,1.868069421701617494e-01,1.864576426137792287e-01,1.860652777591230433e-01,1.856300299836342316e-01,1.851521612048371845e-01,1.846319908041380853e-01,1.840699096284281466e-01,1.834663836182887919e-01,1.828219347601037492e-01,1.821371554972099349e-01,1.814127184474716159e-01,1.806493472198495431e-01,1.798478504123102728e-01,1.790090892338113693e-01,1.781339956568078198e-01,1.772235817065321573e-01,1.762789054196434724e-01,1.753010846219090202e-01,1.742913257686650452e-01,1.732508769161324458e-01,1.721810494707383954e-01,1.710832095364819561e-01,1.699587941496896182e-01,1.688092781640856133e-01,1.676361950937113598e-01,1.664411320430761454e-01,1.652257165133932393e-01,1.639916297203768691e-01,1.627405947952034748e-01,1.614743700860904185e-01,1.601947501737634449e-01,1.589035682807157512e-01,1.576026973408015397e-01,1.562940209602282082e-01,1.549794574819348958e-01,1.536609512404541467e-01,1.523404570841302708e-01,1.510199454244852690e-01,1.497014094658846994e-01,1.483868321957802217e-01,1.470782155499169019e-01,1.457775540663006353e-01,1.444868473512467000e-01,1.432080711031853693e-01,1.419432081717107164e-01,1.406942197910848735e-01,1.394630430065173787e-01,1.382515990496367697e-01,1.370617823590652706e-01,1.358954519860785248e-01,1.347544399402081650e-01,1.336405360097149553e-01,1.325554834176844166e-01,1.315009928356261626e-01,1.304787126203499625e-01,1.294902486263726227e-01,1.285371410884250942e-01,1.276208764542985097e-01,1.267428793326078051e-01,1.259044984484989638e-01,1.251070285344970667e-01,1.243516782050652081e-01,1.236395806377076911e-01,1.229718000916310283e-01,1.223493184858872179e-01,1.217730202000663620e-01,1.212437225326734175e-01,1.207621395429513411e-01,1.203289039189279208e-01,1.199445494763072828e-01,1.196095230619465960e-01,1.193241687528734940e-01,1.190887400429207904e-01,1.189033873883604681e-01,1.187681613228690064e-01,1.186830213604137402e-01,1.186478125099126452e-01,1.186622922536330199e-01,1.187261018235278714e-01,1.188387996895474419e-01,1.189998257342215066e-01,1.192085293987424355e-01,1.194641554412691903e-01,1.197658517026034264e-01,1.201126639335733104e-01,1.205035490599572906e-01,1.209373602619643190e-01,1.214128581963376807e-01,1.219287089626584081e-01,1.224834998024259547e-01,1.230757196886605731e-01,1.237037727849624597e-01,1.243659820846223230e-01,1.250605957652655698e-01,1.257857732921341676e-01,1.265396159448556324e-01,1.273201340959033701e-01,1.281252956515223085e-01,1.289529807471182232e-01,1.298010332414660517e-01,1.306672197131525937e-01,1.315492701217718108e-01,1.324448638172470438e-01,1.333516383070331157e-01,1.342671834445858525e-01,1.351890699083372616e-01,1.361148257233137093e-01,1.370419663651778197e-01,1.379679806160240274e-01,1.388903441422258966e-01,1.398065208694363182e-01,1.407139742399042548e-01,1.416101624715429830e-01,1.424925596879919043e-01,1.433586373444584450e-01,1.442058910420090656e-01,1.450318336360239546e-01,1.458340104853558805e-01,1.466099781489741405e-01,1.473573586189010631e-01,1.480737869846436294e-01,1.487569603437552124e-01,1.494046226849127246e-01,1.500145722403974646e-01,1.505846616941809990e-01,1.511128150437812956e-01,1.515970238537604764e-01,1.520353551759156818e-01,1.524259420386777919e-01,1.527670148989849208e-01,1.530568794334659921e-01,1.532939307097026527e-01,1.534766612076405023e-01,1.536036520795663052e-01,1.536735955728793790e-01,1.536852719033304504e-01,1.536375759852172673e-01,1.535295107992299402e-01,1.533601831353363643e-01,1.531288234505537305e-01,1.528347586725586349e-01
7.759525172530146175e-01,7.734063988558491642e-01,7.707549845813909117e-01,7.680000897766106061e-01,7.651438223180807574e-01,7.621884597044378262e-01,7.591364898638857106e-01,7.559906275407997089e-01,7.527537844386583687e-01,7.494291146812841475e-01,7.460198876946148028e-01,7.425296793878097823e-01,7.389622055922666632e-01,7.353213662660258443e-01,7.316112783320081192e-01,7.278362038302716996e-01,7.240006030491898947e-01,7.201090918092925008e-01,7.161664581510415184e-01,7.121776181433796538e-01,7.081476694922514969e-01,7.040818145495901792e-01,6.999853746936562926e-01,6.958638235893817026e-01,6.917227356798515414e-01,6.875677551317513903e-01,6.834046618597505729e-01,6.792392669539276673e-01,6.750774799238271617e-01,6.709252728011625422e-01,6.667886295737157631e-01,6.626736081153694613e-01,6.585862707584049236e-01,6.545326980332751843e-01,6.505189506923477749e-01,6.465511021141865378e-01,6.426352025632309228e-01,6.387772555496654681e-01,6.349832338767061879e-01,6.312590258879682281e-01,6.276104660244253841e-01,6.240433060591245029e-01,6.205632175710299459e-01,6.171757137497142498e-01,6.138862747019131483e-01,6.107001603007248258e-01,6.076225751616937121e-01,6.046585190362437912e-01,6.018128417990292744e-01,5.990902370311053105e-01,5.964952120760222964e-01,5.940320831515450983e-01,5.917049458282425123e-01,5.895177369603804562e-01,5.874741225193986782e-01,5.855775850543669669e-01,5.838313484645490936e-01,5.822384092926243815e-01,5.808015091560306820e-01,5.795231419360757918e-01,5.784055393305547188e-01,5.774506865372583952e-01,5.766602960087311436e-01,5.760357754728352431e-01,5.755782855256369457e-01,5.752887141965896678e-01,5.751676402591772153e-01,5.752154135315873384e-01,5.754320353009061417e-01,5.758172504616198006e-01,5.763705104322273121e-01,5.770910183587425468e-01,5.779776650038139785e-01,5.790290404940435787e-01,5.802434867949503028e-01,5.816190613839448131e-01,5.831535539273425828e-01,5.848444639059681149e-01,5.866890711682650750e-01,5.886843470971574455e-01,5.908270639633174115e-01,5.931136772420032566e-01,5.955404691306732667e-01,5.981034579067810997e-01,6.007984396855341469e-01,6.036210103916489489e-01,6.065665376870170711e-01,6.096302274649392228e-01,6.128070459246314217e-01,6.160918092029039617e-01,6.194791753593352768e-01,6.229636157931776053e-01,6.265395071193146093e-01,6.302010556450068357e-01,6.339423096539172908e-01,6.377572835370309834e-01,6.416398597316589347e-01,6.455838036408281244e-01,6.495828519725036498e-01,6.536306639058383494e-01,6.577208428943943641e-01,6.618469699593084732e-01,6.660026123551893162e-01,6.701812737303365353e-01,6.743765441116472692e-01,6.785819358684550551e-01,6.827911007172795532e-01,6.869976344636273824e-01,6.911952366061039355e-01,6.953776573098664482e-01,6.995387351580387714e-01,7.036723769863192368e-01,7.077726654445629650e-01,7.118336832117965196e-01,7.158497140563226946e-01,7.198151850088936321e-01,7.237246429865092923e-01,7.275727951938892879e-01,7.313545007007299370e-01,7.350648541804218894e-01,7.386990773495213380e-01,7.422526131651718817e-01,7.457211079688744748e-01,7.491003827588889052e-01,7.523865586822457985e-01,7.555758809630875872e-01,7.586648950888883469e-01,7.616503700999421866e-01,7.645292922567155092e-01,7.672989207605555029e-01,7.699567561487222767e-01,7.725005373870790226e-01,7.749283037654602913e-01,7.772382677985189003e-01,7.794289947061676660e-01,7.814992763027203138e-01,7.834481186904903582e-01,7.852748590406158913e-01,7.869790818494746265e-01,7.885605807201261364e-01,7.900194654251777582e-01,7.913560562757584460e-01,7.925709619564618169e-01,7.936649963523033646e-01,7.946392390768582947e-01,7.954950449921497357e-01,7.962339264933016025e-01,7.968576921027971105e-01,7.973683299510321287e-01,7.977680614237436796e-01,7.980593133003119899e-01,7.982447108757101395e-01,7.983270749143618339e-01,7.983093785862749314e-01,7.981948441939380468e-01,7.979867757521542648e-01,7.976886744047447797e-01,7.973042006906385648e-01,7.968371193722461054e-01,7.962913588804499954e-01,7.956709298807774777e-01,7.949799444730442088e-01,7.942226495492324956e-01,7.934033392976067578e-01,7.925263785837900476e-01,7.915962073436416668e-01,7.906173488167350660e-01,7.895942758874663348e-01,7.885315889581749893e-01,7.874338127062984194e-01,7.863055312561977317e-01,7.851513171096953236e-01,7.839757018599456950e-01,7.827832080866906628e-01,7.815783355834307056e-01,7.803654647168457581e-01,7.791489798466918471e-01,7.779331608245976248e-01,7.767222265544481141e-01,7.755203076207328738e-01,7.743313836687903962e-01,7.731594093900802100e-01,7.720081376165811582e-01,7.708812383572463123e-01,7.697822524732018667e-01,7.687145519582000430e-01,7.676813674197938697e-01,7.666857953947566751e-01,7.657307188106267093e-01,7.648189028795442379e-01,7.639529173373554860e-01,7.631351506653362149e-01,7.623678100988168227e-01,7.616529188405353201e-01,7.609922940119456802e-01,7.603875896999318096e-01,7.598402391162102365e-01,7.593514518505211086e-01,7.589222978424000621e-01,7.585536208468647290e-01,7.582460326802297201e-01,7.579999891888473673e-01,7.578157149861217690e-01,7.576932521838414258e-01,7.576324426883533913e-01,7.576329085123758578e-01,7.576941277441037181e-01,7.578153550304627117e-01,7.579956489635145678e-01,7.582339284540657864e-01,7.585288887043039052e-01,7.588790774832047115e-01,7.592828725914287924e-01,7.597385010451607190e-01,7.602439766264833532e-01,7.607972575305916862e-01,7.613961036139622607e-01,7.620381264188966774e-01,7.627208423818555572e-01,7.634416353661458432e-01,7.641977833460135150e-01,7.649864299397828304e-01,7.658046760058684344e-01,7.666495090386277189e-01,7.675178149116388404e-01,7.684064355001950508e-01,7.693121706456786946e-01,7.702317543844311443e-01,7.711618375420379312e-01,7.720990667361679050e-01,7.730401276963033697e-01,7.739815958340926505e-01,7.749200935413154134e-01,7.758522222642076915e-01,7.767746436960905054e-01,7.776839782424694869e-01,7.785769328037918102e-01,7.794502113370919139e-01,7.803005920946770591e-01,7.811249130244038996e-01,7.819200806539976512e-01,7.826830337296081241e-01,7.834108501326670915e-01,7.841006619089457841e-01,7.847497046655869113e-01,7.853553090532037206e-01,7.859149327845489363e-01,7.864261209669881625e-01,7.868865821163868457e-01,7.872941320438137103e-01,7.876467013357535407e-01,7.879423763639209488e-01,7.881793924726061551e-01,7.883560941677829614e-01,7.884710175339126881e-01,7.885228609214712803e-01,7.885104056969711728e-01,7.884326651375732631e-01,7.882887827222400112e-01,7.880780406643111968e-01,7.877999314829614574e-01,7.874540894826017601e-01,7.870403064686913863e-01,7.865585109661614727e-01,7.860088752688700886e-01,7.853916250217614081e-01,7.847072313967212720e-01,7.839562733784620763e-01,7.831395415042564645e-01,7.822578908526515162e-01,7.813124210912980594e-01,7.803042910870320314e-01,7.792348830920770020e-01,7.781056748876218343e-01,7.769182755304079313e-01,7.756744287031857032e-01,7.743760050366446102e-01,7.730249915925113680e-01,7.716234717517679309e-01,7.701736958924351173e-01,7.686779569467901974e-01,7.671386556763215570e-01,7.655582730926849822e-01,7.639394141685486028e-01,7.622846988507870902e-01,7.605968590158806997e-01,7.588786778150314882e-01,7.571329855581810930e-01,7.553626319073876161e-01,7.535705746522473047e-01,7.517597244779022914e-01,7.499330811970663646e-01,7.480936157108351026e-01,7.462443376778398196e-01,7.443882338562920475e-01,7.425283070817131348e-01,7.406675236831520293e-01,7.388088824902986351e-01,7.369552783623631864e-01,7.351096448715833676e-01,7.332748243630906604e-01,7.314536362760850619e-01,7.296488494728532448e-01,7.278631636752644907e-01,7.260992274464606044e-01,7.243596150273932111e-01,7.226468046177544347e-01,7.209632210895939863e-01,7.193111876245606995e-01,7.176929595413461538e-01,7.161106691182529405e-01,7.145663772713213291e-01,7.130620251941561794e-01,7.115994409124904996e-01,7.101803798632764231e-01,7.088064424485435167e-01,7.074791566962602696e-01,7.061999177033563280e-01,7.049700135374550314e-01,7.037906040521880735e-01,7.026627165941542463e-01,7.015873166730475230e-01,7.005651755157871197e-01,6.995970065840336760e-01,6.986833745850995481e-01,6.978247252475004991e-01,6.970214304522207582e-01,6.962736725626935685e-01,6.955815985529608669e-01,6.949451767541563463e-01,6.943643461063476741e-01,6.938388315000113549e-01,6.933683546554337829e-01,6.929525071075598452e-01,6.925907561537246737e-01,6.922825165596213637e-01,6.920270852087219149e-01,6.918236953492725716e-01,6.916714825087320051e-01,6.915695122839291553e-01,6.915168065375317807e-01,6.915122562444593335e-01,6.915547776002742841e-01,6.916431528345339252e-01,6.917761744998963680e-01,6.919525459179561855e-01,6.921709553646140378e-01,6.924300245460799363e-01,6.927283853723747997e-01,6.930646545234062650e-01,6.934373553030794834e-01,6.938450724054865404e-01,6.942863523808884274e-01,6.947597471362659816e-01,6.952638043276669899e-01,6.957970721605800657e-01,6.963581174903455961e-01,6.969455765991893204e-01,6.975579829346790772e-01,6.981940031812382541e-01,6.988523236329080568e-01,6.995316030718492506e-01,7.002306072657319413e-01,7.009481059678341897e-01,7.016829055205536791e-01,7.024339145036992971e-01,7.032000317649681476e-01,7.039802323313761878e-01,7.047735810029664982e-01,7.055791455661648559e-01,7.063960939478290957e-01,7.072236548274759560e-01,7.080611096415548866e-01,7.089077771902122516e-01,7.097631056143833828e-01,7.106265606538911817e-01,7.114976870041479495e-01,7.123761171263714997e-01,7.132614986201701868e-01,7.141536212071278866e-01,7.150522230201648011e-01,7.159572610403819315e-01,7.168685869390085674e-01,7.177862343482643848e-01,7.187102566283397609e-01,7.196407270795329714e-01,7.205778351114073832e-01,7.215217408005514255e-01,7.224727112738569268e-01,7.234310503877501297e-01,7.243970558394074999e-01,7.253711204457766737e-01,7.263536327603981047e-01,7.273449992812517362e-01,7.283456872971565410e-01,7.293561102954383424e-01,7.303767842759174567e-01,7.314081730221037025e-01,7.324507556051487178e-01,7.335050045492803594e-01,7.345714220666582639e-01,7.356504324594007604e-01,7.367425135047378504e-01,7.378480941036739127e-01,7.389675290639388106e-01,7.401012202241713522e-01,7.412494636401825154e-01,7.424125536773299450e-01,7.435907366759206827e-01,7.447841783652711101e-01,7.459930141144047733e-01,7.472173133506152531e-01,7.484570739422626851e-01,7.497122153568541725e-01,7.509826033435385018e-01,7.522679997441307220e-01,7.535681254679977847e-01,7.548825666940277568e-01,7.562108506807470043e-01,7.575524220438887291e-01,7.589065973926822917e-01,7.602726155354732063e-01,7.616496414745396182e-01,7.630367033801315202e-01,7.644327608951172470e-01,7.658365983409529676e-01,7.672470212254099975e-01
4.750427943666414299e-01,4.766861060934186600e-01,4.783073407059468818e-01,4.799035479490724732e-01,4.814717483046830893e-01,4.830090620133617452e-01,4.845126263516415510e-01,4.859796250680920582e-01,4.874072896672912436e-01,4.887929399280593890e-01,4.901338987975935035e-01,4.914276025813187343e-01,4.926715451973404658e-01,4.938632942055402042e-01,4.950005116417156570e-01,4.960808849550162325e-01,4.971022588935174458e-01,4.980625228985849917e-01,4.989596918978896900e-01,4.997918518727661463e-01,5.005572034846996754e-01,5.012540585112589264e-01,5.018808187208881888e-01,5.024360228127147110e-01,5.029182956790814174e-01,5.033264001595783022e-01,5.036592206225070090e-01,5.039157495344582793e-01,5.040951172149451542e-01,5.041965873893368144e-01,5.042195181894335576e-01,5.041634477791663294e-01,5.040280156568005543e-01,5.038130036199441886e-01,5.035183326172653073e-01,5.031440333827466027e-01,5.026903284567475483e-01,5.021575250486601805e-01,5.015460998151465288e-01,5.008566590666210239e-01,5.000899372077282079e-01,4.992468145256422907e-01,4.983283048924346259e-01,4.973355704237777397e-01,4.962698890022085307e-01,4.951326853080959545e-01,4.939255051710626510e-01,4.926500363892276635e-01,4.913080804830964876e-01,4.899015748320457719e-01,4.884325818976336664e-01,4.869032678470454067e-01,4.853159394428001594e-01,4.836730006223204925e-01,4.819769702187574056e-01,4.802304600980769056e-01,4.784362080389788496e-01,4.765970530374073477e-01,4.747158904106245636e-01,4.727957434820413418e-01,4.708397109138518499e-01,4.688509574886778331e-01,4.668327360563300221e-01,4.647883830154407314e-01,4.627212546028737217e-01,4.606348155885649498e-01,4.585325554801404913e-01,4.564180270493112257e-01,4.542947924805849080e-01,4.521664960334733641e-01,4.500367838113579766e-01,4.479093333696171353e-01,4.457878184407722544e-01,4.436759528404696784e-01,4.415774485379387881e-01,4.394959926001855699e-01,4.374352941331881017e-01,4.353990263636641211e-01,4.333908531508797179e-01,4.314143846901339341e-01,4.294732385165718758e-01,4.275709480059950995e-01,4.257110231618066454e-01,4.238969329796419272e-01,4.221320379234277387e-01,4.204196701466506036e-01,4.187630883792989311e-01,4.171654598726146634e-01,4.156298630569687513e-01,4.141593141804189582e-01,4.127566924781544411e-01,4.114248017207417507e-01,4.101663288332777491e-01,4.089838527098580423e-01,4.078798341306271169e-01,4.068566115811907968e-01,4.059163985336918801e-01,4.050612590662392987e-01,4.042931632626099447e-01,4.036138940496374339e-01,4.030251193564683421e-01,4.025283603263636878e-01,4.021249705522838003e-01,4.018161697377062858e-01,4.016030095471911920e-01,4.014863963123836976e-01,4.014670611192661664e-01,4.015455914493808454e-01,4.017223874268964212e-01,4.019977140117603764e-01,4.023716493184113507e-01,4.028441032918212428e-01,4.034148347899380038e-01,4.040834329832685423e-01,4.048493196051228260e-01,4.057117327087169656e-01,4.066697756939930963e-01,4.077223695415899130e-01,4.088682770671012157e-01,4.101061078283131933e-01,4.114343080840135447e-01,4.128511593189066464e-01,4.143548042739935711e-01,4.159432285083572434e-01,4.176142699672791836e-01,4.193656465590760996e-01,4.211948978551917633e-01,4.230994522499811894e-01,4.250766103539619922e-01,4.271235331555419679e-01,4.292372737270540028e-01,4.314147650437931136e-01,4.336528231396705735e-01,4.359481614712171771e-01,4.382974110940315859e-01,4.406970710244458855e-01,4.431436087855187278e-01,4.456333497248269326e-01,4.481625952245937849e-01,4.507275567880757450e-01,4.533243855455840743e-01,4.559491672031197318e-01,4.585979784681866733e-01,4.612668161819307722e-01,4.639516622670460388e-01,4.666484745871403716e-01,4.693531892082964951e-01,4.720617321528872701e-01,4.747700247130807738e-01,4.774739917853818572e-01,4.801695799791937946e-01,4.828527446587693173e-01,4.855194616726873358e-01,4.881657468865152616e-01,4.907876738302039410e-01,4.933813470951634028e-01,4.959429098651852441e-01,4.984686042826160790e-01,5.009547297468605054e-01,5.033976342275003901e-01,5.057937768681750601e-01,5.081397161151014474e-01,5.104320697657153127e-01,5.126675715156437940e-01,5.148430910083469092e-01,5.169555617663139646e-01,5.190020879927230713e-01,5.209798526303364152e-01,5.228861879892090503e-01,5.247185678410132281e-01,5.264745950506928285e-01,5.281520135015982387e-01,5.297487146819175319e-01,5.312627532226934512e-01,5.326923206919726983e-01,5.340357744551199604e-01,5.352916447854055848e-01,5.364586057329862046e-01,5.375355057731918684e-01,5.385213436519957764e-01,5.394153377596216936e-01,5.402168134487921325e-01,5.409253086694660873e-01,5.415405233091215020e-01,5.420623154176751335e-01,5.424907508059310102e-01,5.428260397743470689e-01,5.430685595296185220e-01,5.432188722782994583e-01,5.432777280218609173e-01,5.432459996638282496e-01,5.431247730793381523e-01,5.429152810052026989e-01,5.426188988059965634e-01,5.422371887517982714e-01,5.417718609129067442e-01,5.412247658933918570e-01,5.405979224178263376e-01,5.398934937127698452e-01,5.391137627357887041e-01,5.382611804050253523e-01,5.373382934747814588e-01,5.363478104078942543e-01,5.352925470070318825e-01,5.341754239320509745e-01,5.329994995241250644e-01,5.317679362936383880e-01,5.304839565383631106e-01,5.291509223728551037e-01,5.277722631477125281e-01,5.263514857257820534e-01,5.248921819298791869e-01,5.233980084371793184e-01,5.218726886956777111e-01,5.203199747092885907e-01,5.187436941343118724e-01,5.171477034225722136e-01,5.155359046447931526e-01,5.139121911707660306e-01,5.122805195367036157e-01,5.106448170631270322e-01,5.090090475971734696e-01,5.073771644707213424e-01,5.057531073246432918e-01,5.041407870869660801e-01,5.025441045216489933e-01,5.009669338929306770e-01,4.994130903516405540e-01,4.978863744705941397e-01,4.963905110361294115e-01,4.949291686310423599e-01,4.935059646010473977e-01,4.921244330312344872e-01,4.907880524838764691e-01,4.895001768163784739e-01,4.882641215045907535e-01,4.870830504128370042e-01,4.859600793706222999e-01,4.848981984973324555e-01,4.839002668228358228e-01,4.829690752167237200e-01,4.821072484928784485e-01,4.813173056202511013e-01,4.806016420246518872e-01,4.799625160560728188e-01,4.794020490642287857e-01,4.789222169905563709e-01,4.785248574317896852e-01,4.782116558031523357e-01,4.779841668817995659e-01,4.778437960594862921e-01,4.777917660039527337e-01,4.778291707926082821e-01,4.779569298489781404e-01,4.781758228758546392e-01,4.784864755869831510e-01,4.788893305793942567e-01,4.793846670828913470e-01,4.799726577460543542e-01,4.806532697790000253e-01,4.814263064990969010e-01,4.822914379970159038e-01,4.832481869270529029e-01,4.842958742007377193e-01,4.854336976774888401e-01,4.866607193324171132e-01,4.879758021950902358e-01,4.893777146845672554e-01,4.908650400176932660e-01,4.924362361644836761e-01,4.940896110567601918e-01,4.958233532879853800e-01,4.976355077742218302e-01,4.995239863635404509e-01,5.014865738878395707e-01,5.035209345518389945e-01,5.056246234800647610e-01,5.077950922468834616e-01,5.100296529306437288e-01,5.123255274956309835e-01,5.146798288979990144e-01,5.170896232890241917e-01,5.195518174303036529e-01,5.220632828045858043e-01,5.246208009771442526e-01,5.272210508563319742e-01,5.298607048992370894e-01,5.325363188520911839e-01,5.352443967274119752e-01,5.379814252684114173e-01,5.407438215879872834e-01,5.435279602478318983e-01,5.463301786538591331e-01,5.491468097956476724e-01,5.519741361789852752e-01,5.548084506371969704e-01,5.576460123046580453e-01,5.604830768824398124e-01,5.633159014017122823e-01,5.661407719193605192e-01,5.689539499853754068e-01,5.717517393692668204e-01,5.745304406014624110e-01,5.772864183314664333e-01,5.800160483948459955e-01,5.827157270744183215e-01,5.853819259871935188e-01,5.880111442868363181e-01,5.905999400755301831e-01,5.931449281333329715e-01,5.956427876685114198e-01,5.980902526240126083e-01,6.004841434759162766e-01,6.028213424356275718e-01,6.050988062622969510e-01,6.073135886573317599e-01,6.094628270987868524e-01,6.115437378756690689e-01,6.135536300648841701e-01,6.154899222257935731e-01,6.173501329721521325e-01,6.191318385166416638e-01,6.208327752619657858e-01,6.224507762229343211e-01,6.239837400989618477e-01,6.254297182483626871e-01,6.267868742020645811e-01,6.280534551971698187e-01,6.292278449808911267e-01,6.303085607584455463e-01,6.312941987620012130e-01,6.321835297607616422e-01,6.329753671247603242e-01,6.336687112189097748e-01,6.342626531128948697e-01,6.347564161344767530e-01,6.351493555444840400e-01,6.354408998720931789e-01,6.356306829477397224e-01,6.357183678561182383e-01,6.357038062317841298e-01,6.355869203661747013e-01,6.353677957144693300e-01,6.350466254865049232e-01,6.346236802639085850e-01,6.340993909145045127e-01,6.334742940113610166e-01,6.327490250673399874e-01,6.319243406725714163e-01,6.310010944048478621e-01,6.299802730273439400e-01,6.288629493937495374e-01,6.276503013918007801e-01,6.263436116893896788e-01,6.249442597848395842e-01,6.234537375314110896e-01,6.218735882188854980e-01,6.202055021106971378e-01,6.184512263123552733e-01,6.166126027777170115e-01,6.146915457416372019e-01,6.126900773864444316e-01,6.106102730462165118e-01,6.084542806989108321e-01,6.062243531378905814e-01,6.039227796749334631e-01,6.015519218173230875e-01,5.991142241099445265e-01,5.966121686637710919e-01,5.940483014479737145e-01,5.914252296256481412e-01,5.887456090233170736e-01,5.860121294901063926e-01,5.832275626867710061e-01,5.803946532890678078e-01,5.775162507448337035e-01,5.745952315382818476e-01,5.716344562976725108e-01,5.686368535097148236e-01,5.656053659365490871e-01,5.625429625775750786e-01,5.594526409263125277e-01,5.563373813307355142e-01,5.532002190209170944e-01,5.500441571838597943e-01,5.468722308676294830e-01,5.436874818073852422e-01,5.404929362538594129e-01,5.372916171206846281e-01,5.340865587623032651e-01,5.308807820317009707e-01,5.276772827266161814e-01,5.244790344088072764e-01,5.212890413406450207e-01,5.181102144540588039e-01,5.149455204936913555e-01,5.117978143179314765e-01,5.086700019818867213e-01,5.055649193479390124e-01,5.024853571053886636e-01,4.994340958219221638e-01,4.964138601840415999e-01,4.934273445776766187e-01,4.904771654074615017e-01,4.875659380317970970e-01,4.846961950661118346e-01,4.818704475257456488e-01,4.790911218602579291e-01,4.763605852364241611e-01,4.736811899005911597e-01,4.710551610080340179e-01,4.684847303941513941e-01,4.659720060218404680e-01,4.635190673106896475e-01,4.611278862977530313e-01,4.588004137625695256e-01,4.565384755124509142e-01,4.543438612897718332e-01,4.522182528347348796e-01,4.501632873980673799e-01,4.481804879403082920e-01,4.462713036202589634e-01,4.444371247531366254e-01,4.426792178126697230e-01,4.409988056800962508e-01,4.393969693867664783e-01,4.378747471862858287e-01
4.223938140082760251e-01,4.222854236461659472e-01,4.222401313160096814e-01,4.222575712951063820e-01,4.223372539339307341e-01,4.224786042933811880e-01,4.226809311435164584e-01,4.229434289989595364e-01,4.232652295853327473e-01,4.236453275364919779e-01,4.240826466372164538e-01,4.245760373202254745e-01,4.251242356469462913e-01,4.257259355302898118e-01,4.263797146718960041e-01,4.270841186880850460e-01,4.278376062596766505e-01,4.286385828463654679e-01,4.294854169462851701e-01,4.303763933312695356e-01,4.313097776372569747e-01,4.322837987453325148e-01,4.332966481977033602e-01,4.343464925278414102e-01,4.354314847921184617e-01,4.365497412427432056e-01,4.376994021304776994e-01,4.388785898851851885e-01,4.400854204309762041e-01,4.413180486093807309e-01,4.425746203732184858e-01,4.438532994546292021e-01,4.451522945529010622e-01,4.464698328125437654e-01,4.478041910629847466e-01,4.491536917658897621e-01,4.505166826521164736e-01,4.518915878290880039e-01,4.532768729230319815e-01,4.546710823104775367e-01,4.560728087771721562e-01,4.574807363602487187e-01,4.588935870693562347e-01,4.603102143883970321e-01,4.617295178741345762e-01,4.631504716228879159e-01,4.645721643534175826e-01,4.659937676803909135e-01,4.674145290462103919e-01,4.688337946239697906e-01,4.702510156585267831e-01,4.716657259535632640e-01,4.730775648448608539e-01,4.744862602857686240e-01,4.758916604724746091e-01,4.772936590119432609e-01,4.786922812225340440e-01,4.800876749203254468e-01,4.814800034856102084e-01,4.828695865209018945e-01,4.842568157832908837e-01,4.856421599825935242e-01,4.870261717831824155e-01,4.884095158217625077e-01,4.897928913245732652e-01,4.911771028802145445e-01,4.925630139645825745e-01,4.939515496128766836e-01,4.953437161548941980e-01,4.967405474981150260e-01,4.981431643394916842e-01,4.995526990586530713e-01,5.009703646762978524e-01,5.023973751595649517e-01,5.038349795537044873e-01,5.052844823850030087e-01,5.067471601871269549e-01,5.082243568591426897e-01,5.097173628193041317e-01,5.112275186399911631e-01,5.127561057355666252e-01,5.143044296701185791e-01,5.158737796790513475e-01,5.174653894367012841e-01,5.190804729812478202e-01,5.207202100018329949e-01,5.223857076540393551e-01,5.240780503087689723e-01,5.257982435369378260e-01,5.275472331883390709e-01,5.293258886927941775e-01,5.311349839869906608e-01,5.329752598800454599e-01,5.348472882970548570e-01,5.367516172052819723e-01,5.386886618572276353e-01,5.406587060593238681e-01,5.426619577035030062e-01,5.446985052232852231e-01,5.467683019003412026e-01,5.488711854650982769e-01,5.510068590827802426e-01,5.531748967735847788e-01,5.553747425008578320e-01,5.576056800223835319e-01,5.598668915222259068e-01,5.621573883219813661e-01,5.644760568044492333e-01,5.668216109363167776e-01,5.691926492162400208e-01,5.715876178460602697e-01,5.740048072671833923e-01,5.764423693382192404e-01,5.788983143635006989e-01,5.813705041715254707e-01,5.838566685756694241e-01,5.863544010123999950e-01,5.888611417157032513e-01,5.913742200545268890e-01,5.938908200026581374e-01,5.964080046972723981e-01,5.989227163083306049e-01,6.014317930903719800e-01,6.039319443028537959e-01,6.064197743931932783e-01,6.088918038406107014e-01,6.113444562269101379e-01,6.137740559983176913e-01,6.161768465722881061e-01,6.185490285891234175e-01,6.208866842175554401e-01,6.231858913734633632e-01,6.254426579947260922e-01,6.276529535986358210e-01,6.298126927935284725e-01,6.319178027524052776e-01,6.339641771560200478e-01,6.359476983768326264e-01,6.378642717534563911e-01,6.397098016301245860e-01,6.414802173342780689e-01,6.431714669131604056e-01,6.447795976697744402e-01,6.463006164418871879e-01,6.477306824713443545e-01,6.490659634283794110e-01,6.503027506113491230e-01,6.514373932887224106e-01,6.524663435578702542e-01,6.533861887342533592e-01,6.541936217472803516e-01,6.548854561183229395e-01,6.554586329288204505e-01,6.559102855193573722e-01,6.562376500349835773e-01,6.564381591096494217e-01,6.565093727708801730e-01,6.564490786962529079e-01,6.562552351385602112e-01,6.559259681867040115e-01,6.554596480115919555e-01,6.548548041302885148e-01,6.541101870865410062e-01,6.532247998753318852e-01,6.521978306394179414e-01,6.510286941234366687e-01,6.497170696895241404e-01,6.482628282625890748e-01,6.466661123726413773e-01,6.449272727909561853e-01,6.430469404367304964e-01,6.410259631403831815e-01,6.388654407283281822e-01,6.365667098241618582e-01,6.341313679220877964e-01,6.315612707929525449e-01,6.288584773079500811e-01,6.260253133468157705e-01,6.230643717651589419e-01,6.199784252274214147e-01,6.167705308043700541e-01,6.134439573939511892e-01,6.100022212092072182e-01,6.064490115047190821e-01,6.027882938611943686e-01,5.990242195692775384e-01,5.951611304995827467e-01,5.912036062353425159e-01,5.871563798785114363e-01,5.830243942316396533e-01,5.788127497585023873e-01,5.745267354443914787e-01,5.701717731704875058e-01,5.657534680454550102e-01,5.612775394216955593e-01,5.567498429718950037e-01,5.521763481413212160e-01,5.475631529224556093e-01,5.429164439132734277e-01,5.382424857273037100e-01,5.335476397333497323e-01,5.288382867790046848e-01,5.241209284852079708e-01,5.194020423702498945e-01,5.146881878176455816e-01,5.099858973785231786e-01,5.053017289367931486e-01,5.006422373160747119e-01,4.960139464730435876e-01,4.914233321620269934e-01,4.868768770902742182e-01,4.823809532666187283e-01,4.779418870680251508e-01,4.735659222708623606e-01,4.692591952976880032e-01,4.650277577134904750e-01,4.608775525027502540e-01,4.568143557182307024e-01,4.528438473876210124e-01,4.489715095480923401e-01,4.452027215587586739e-01,4.415426485586821381e-01,4.379963073852228272e-01,4.345684891120795701e-01,4.312638217924687489e-01,4.280866973269873421e-01,4.250413198423547700e-01,4.221316396136062243e-01,4.193614184065738715e-01,4.167341410446350203e-01,4.142530464201018003e-01,4.119211607294691602e-01,4.097412324385588667e-01,4.077157299667311663e-01,4.058468992040007439e-01,4.041366946197688659e-01,4.025867958094198062e-01,4.011986148213330106e-01,3.999732946444402026e-01,3.989116928172309340e-01,3.980143859419706387e-01,3.972816780326852149e-01,3.967135884618090969e-01,3.963098738497425888e-01,3.960700001606156651e-01,3.959931611020277575e-01,3.960782822041815643e-01,3.963240259071690863e-01,3.967287845567832316e-01,3.972906854225823903e-01,3.980076026004991108e-01,3.988771633787275839e-01,3.998967567399648870e-01,4.010635208539711227e-01,4.023743672029071461e-01,4.038259693451052845e-01,4.054148112944361282e-01,4.071371601675562446e-01,4.089890566541726225e-01,4.109663839093958826e-01,4.130648199613344840e-01,4.152798921130287368e-01,4.176069426096286619e-01,4.200411590818118879e-01,4.225776212905522078e-01,4.252112344341851813e-01,4.279368107897394413e-01,4.307490471939523502e-01,4.336425299554876878e-01,4.366117736380603076e-01,4.396512174134513118e-01,4.427552229144496310e-01,4.459181026419055116e-01,4.491341406171008299e-01,4.523975934966041890e-01,4.557026882038310855e-01,4.590436348881226647e-01,4.624146904692129079e-01,4.658100857467878386e-01,4.692241076938558075e-01,4.726510795814956589e-01,4.760853667365438358e-01,4.795214122761066733e-01,4.829536955226181871e-01,4.863768208534308690e-01,4.897854932818529461e-01,4.931744535587522238e-01,4.965386349930526189e-01,4.998730571575913384e-01,5.031728309864825777e-01,5.064332872024683851e-01,5.096498418758198534e-01,5.128181001986482634e-01,5.159337961237457915e-01,5.189928626605125883e-01,5.219913890855976124e-01,5.249256548930211208e-01,5.277921282745136056e-01,5.305874649491645334e-01,5.333085006445963394e-01,5.359523019978125191e-01,5.385161066834127652e-01,5.409973821372234815e-01,5.433937994899530333e-01,5.457032391767779878e-01,5.479237749658196766e-01,5.500537167438680486e-01,5.520915877851734210e-01,5.540361171763835690e-01,5.558862288731296619e-01,5.576411008486803489e-01,5.593000700142400916e-01,5.608627320333874344e-01,5.623288229039198338e-01,5.636983545628528880e-01,5.649714979905234857e-01,5.661486122491423689e-01,5.672302551324051034e-01,5.682171790283213619e-01,5.691103053252050126e-01,5.699107431964424153e-01,5.706197536928090397e-01,5.712387866273036519e-01,5.717694003547808546e-01,5.722133457754073893e-01,5.725725173338520602e-01,5.728489150295515975e-01,5.730446804948619022e-01,5.731620907677938970e-01,5.732035072215383442e-01,5.731713919598029339e-01,5.730683290498516103e-01,5.728969775936396669e-01,5.726600610152222659e-01,5.723603803109004184e-01,5.720008032238506068e-01,5.715842243086851626e-01,5.711136173088273704e-01,5.705919615384169585e-01,5.700222534537864316e-01,5.694075494569067475e-01,5.687508550687289111e-01,5.680552132683654998e-01,5.673236422953461533e-01,5.665591385928507862e-01,5.657646920360425158e-01,5.649432357022317053e-01,5.640976645128473743e-01,5.632308383451806177e-01,5.623455396625173242e-01,5.614444967671592401e-01,5.605303742597729233e-01,5.596057424129970981e-01,5.586730911312058900e-01,5.577348347921968763e-01,5.567933007990549799e-01,5.558506616361096331e-01,5.549090577325997975e-01,5.539704659264320652e-01,5.530367750923111947e-01,5.521097474104590397e-01,5.511910381528521974e-01,5.502821668798465460e-01,5.493845241614168096e-01,5.484993890288708540e-01,5.476278986239480062e-01,5.467710480580038057e-01,5.459297337819480900e-01,5.451046991121173413e-01,5.442965593522182122e-01,5.435057928264395155e-01,5.427327509297122932e-01,5.419776602500929741e-01,5.412406214744719390e-01,5.405215874096681583e-01,5.398204255656708916e-01,5.391368571023575917e-01,5.384704621589997409e-01,5.378207622532369392e-01,5.371871374667829269e-01,5.365688488095750053e-01,5.359650761876807445e-01,5.353749022663956136e-01,5.347972887540040077e-01,5.342311613756405286e-01,5.336753039562769363e-01,5.331284593444243214e-01,5.325893020500523933e-01,5.320564128708984430e-01,5.315283514071357240e-01,5.310035927016453217e-01,5.304805885245772457e-01,5.299577262452297433e-01,5.294333928581924642e-01,5.289059151638837442e-01,5.283736186854507411e-01,5.278348220926227796e-01,5.272878114359027535e-01,5.267309191906859311e-01,5.261624376320916951e-01,5.255806800492766051e-01,5.249840316725246092e-01,5.243708388359360484e-01,5.237395071368325938e-01,5.230884904766928134e-01,5.224162781840557823e-01,5.217214257176433501e-01,5.210025081032612082e-01,5.202582308819462265e-01,5.194872875945769630e-01,5.186885063352115743e-01,5.178607791339513433e-01,5.170030577597486410e-01,5.161143870718888360e-01,5.151939572923489585e-01,5.142409729525203588e-01,5.132547828677508361e-01,5.122348498891886592e-01,5.111806929515768649e-01,5.100919896907207818e-01,5.089684926761480765e-01,5.078100801613850690e-01,5.066167549216851196e-01,5.053885942905192996e-01,5.041258230490812675e-01,5.028287791131778039e-01,5.014979198620114209e-01
7.066317773079306974e-01,7.068197871993342485e-01,7.070608934989239813e-01,7.073531061104696427e-01,7.076944090215235850e-01,7.080828348376562165e-01,7.085163760137596078e-01,7.089930695984016928e-01,7.095109762009943477e-01,7.100681929995029673e-01,7.106628246648708513e-01,7.112930336879876858e-01,7.119570290567063253e-01,7.126530656569637356e-01,7.133794504365351674e-01,7.141345329677739606e-01,7.149167302654724221e-01,7.157245380375480970e-01,7.165564883629410575e-01,7.174112009615811747e-01,7.182873423960990378e-01,7.191836633162469461e-01,7.200990087468699397e-01,7.210322350903297650e-01,7.219823276742184381e-01,7.229483374959747577e-01,7.239293541386553343e-01,7.249245693567997195e-01,7.259332134480928067e-01,7.269546257700482128e-01,7.279881848882198137e-01,7.290333638092373336e-01,7.300896563203287393e-01,7.311566633487425193e-01,7.322339806970826759e-01,7.333213312257379490e-01,7.344184533495805578e-01,7.355251106374844916e-01,7.366411674208680482e-01,7.377664631585915123e-01,7.389009373994902541e-01,7.400445047513634078e-01,7.411971258703258236e-01,7.423587805047682231e-01,7.435295022789313313e-01,7.447092639819010707e-01,7.458981066352879941e-01,7.470960357428608756e-01,7.483030595839642585e-01,7.495192096946560190e-01,7.507444471645615680e-01,7.519787575519454315e-01,7.532220802710807295e-01,7.544743164904906818e-01,7.557353816257088575e-01,7.570050785756575751e-01,7.582832166655941730e-01,7.595695304957409411e-01,7.608637360870372790e-01,7.621654146173412192e-01,7.634741952606540760e-01,7.647895363904193555e-01,7.661108643060703383e-01,7.674375759538696329e-01,7.687689408998081841e-01,7.701041260854171178e-01,7.714422918185279698e-01,7.727824475977080887e-01,7.741235467601113029e-01,7.754644550027179895e-01,7.768039161026101258e-01,7.781406519183898807e-01,7.794732097233660895e-01,7.808001143167490055e-01,7.821197521271391340e-01,7.834304462772956335e-01,7.847304276343828322e-01,7.860178006521827410e-01,7.872906475753020938e-01,7.885469086517923332e-01,7.897844805401814661e-01,7.910011494165047896e-01,7.921946498300735939e-01,7.933626310435814011e-01,7.945026686750376044e-01,7.956122727880260426e-01,7.966889106597554449e-01,7.977299831974571376e-01,7.987328133501268024e-01,7.996947265661372706e-01,8.006129836796250787e-01,8.014848177082818381e-01,8.023074330982656877e-01,8.030779957614291309e-01,8.037936687855044005e-01,8.044516535865949836e-01,8.050490991958295650e-01,8.055831533144686141e-01,8.060510259657618359e-01,8.064499095035722043e-01,8.067770730959334946e-01,8.070297754790920486e-01,8.072053664239203785e-01,8.073012151038874151e-01,8.073147644563366532e-01,8.072435381745822758e-01,8.070851247354756675e-01,8.068372329186062064e-01,8.064976289099476947e-01,8.060642046515661407e-01,8.055349146950604444e-01,8.049079303518388295e-01,8.041814453993950673e-01,8.033538555706084550e-01,8.024236684181331736e-01,8.013895288204918588e-01,8.002502557138788664e-01,7.990048215976490731e-01,7.976523497234659921e-01,7.961921687168914685e-01,7.946237362389462211e-01,7.929467259718455674e-01,7.911609783149211594e-01,7.892665628288910717e-01,7.872636709025309099e-01,7.851527480580900997e-01,7.829344187762009577e-01,7.806095199301961163e-01,7.781790817482280298e-01,7.756443313082557189e-01,7.730067045453873353e-01,7.702678871739120359e-01,7.674297163865364535e-01,7.644942328143190524e-01,7.614637386909053340e-01,7.583406912362801178e-01,7.551277699283991396e-01,7.518278193911628327e-01,7.484439353843279630e-01,7.449793669183389921e-01,7.414375520028576583e-01,7.378221127562000214e-01,7.341368588716465915e-01,7.303857879987303292e-01,7.265730215332344422e-01,7.227028711313365772e-01,7.187797881849923298e-01,7.148083694886606665e-01,7.107933729961615210e-01,7.067396364409745946e-01,7.026521812304414860e-01,6.985360438572008057e-01,6.943964754245393056e-01,6.902387399734337681e-01,6.860682214914024524e-01,6.818903469244859128e-01,6.777106271012631744e-01,6.735345988145158280e-01,6.693678665159746854e-01,6.652160373381477143e-01,6.610847284630279042e-01,6.569795953963623036e-01,6.529062293412891682e-01,6.488702739722664870e-01,6.448772895792939108e-01,6.409327845058777617e-01,6.370422578332263219e-01,6.332110907377608289e-01,6.294446185235710312e-01,6.257480806454656097e-01,6.221265998783519491e-01,6.185851910675357335e-01,6.151287479754131704e-01,6.117620143260309451e-01,6.084896114052983362e-01,6.053159456892963641e-01,6.022453648919217084e-01,5.992818794363936608e-01,5.964294524215398852e-01,5.936917946855421180e-01,5.910723997686576636e-01,5.885745410815135248e-01,5.862013337783333888e-01,5.839555582919497834e-01,5.818398562598748880e-01,5.798565565180683334e-01,5.780077705689504741e-01,5.762953444222246313e-01,5.747208771435515784e-01,5.732856684789340296e-01,5.719907997149558110e-01,5.708370309877863757e-01,5.698248826834469982e-01,5.689545692324611270e-01,5.682260648708536976e-01,5.676390463176836931e-01,5.671928848913174726e-01,5.668867240799820850e-01,5.667193856889436443e-01,5.666894551149316284e-01,5.667952452038318434e-01,5.670347497276739812e-01,5.674057713927110891e-01,5.679057624908142587e-01,5.685320316859282519e-01,5.692815301541507278e-01,5.701510342889316574e-01,5.711370701769770131e-01,5.722359167287326409e-01,5.734436629593795409e-01,5.747561616388945360e-01,5.761690383266722115e-01,5.776778204653107984e-01,5.792777185575501697e-01,5.809638972526347533e-01,5.827312657759956549e-01,5.845746392786638213e-01,5.864886902941044422e-01,5.884679175885672020e-01,5.905067514540551787e-01,5.925995266837519315e-01,5.947404398496484168e-01,5.969236971076288256e-01,5.991433492102947733e-01,6.013934753627671048e-01,6.036680512586041214e-01,6.059611220237227647e-01,6.082666393849993636e-01,6.105786148470816466e-01,6.128910810156513733e-01,6.151980772856969759e-01,6.174937309780221817e-01,6.197722010448988295e-01,6.220277643387882582e-01,6.242547500395714266e-01,6.264476024668779175e-01,6.286009342249022636e-01,6.307093853075086409e-01,6.327678829835512442e-01,6.347713648033750378e-01,6.367150320423518028e-01,6.385942643465000179e-01,6.404045910612725656e-01,6.421417547749811439e-01,6.438017376886133736e-01,6.453807203136199266e-01,6.468751555028346978e-01,6.482816618240108131e-01,6.495971849551486210e-01,6.508188971000358203e-01,6.519442167083647766e-01,6.529708784197972848e-01,6.538968586599245292e-01,6.547204216482535033e-01,6.554401306423036644e-01,6.560548262626335614e-01,6.565636324859943640e-01,6.569660194300207534e-01,6.572617052915166180e-01,6.574507226337271693e-01,6.575334064098287135e-01,6.575104055374458856e-01,6.573826343688071727e-01,6.571513277312662771e-01,6.568179976353788474e-01,6.563844816168888929e-01,6.558528388413948917e-01,6.552254917949437152e-01,6.545050921365533902e-01,6.536945494955378466e-01,6.527970709927278792e-01,6.518161174822202364e-01,6.507553539532203724e-01,6.496187721233935841e-01,6.484104978161724375e-01,6.471349577079454907e-01,6.457967407707839724e-01,6.444006759429732334e-01,6.429517367080793688e-01,6.414551060565663043e-01,6.399161277241879331e-01,6.383403235815027221e-01,6.367332783066391722e-01,6.351008241250681863e-01,6.334487668962205387e-01,6.317831382967767917e-01,6.301099785917568807e-01,6.284354196232685430e-01,6.267656675718049630e-01,6.251069451008610667e-01,6.234655289817658819e-01,6.218476738136512472e-01,6.202596722145204966e-01,6.187077731623560339e-01,6.171981640004741143e-01,6.157370534064710021e-01,6.143305566498274972e-01,6.129846855356153590e-01,6.117054020107620671e-01,6.104985341891634443e-01,6.093697965110833614e-01,6.083247779297340507e-01,6.073688988433625369e-01,6.065074517139755761e-01,6.057455172891530459e-01,6.050880361768907756e-01,6.045397089253128353e-01,6.041050372850942374e-01,6.037882997900101412e-01,6.035935816108740637e-01,6.035246659754571752e-01,6.035851204952363824e-01,6.037782508594576880e-01,6.041070731757358647e-01,6.045743543977778467e-01,6.051825679854456741e-01,6.059338699945668871e-01,6.068301827363791201e-01,6.078730540244524638e-01,6.090637908668784517e-01,6.104033296011879273e-01,6.118923419717605672e-01,6.135311773487830411e-01,6.153198371899493146e-01,6.172580357927173189e-01,6.193451625569120766e-01,6.215802999172092003e-01,6.239621742577201591e-01,6.264892483784272326e-01,6.291596358159474711e-01,6.319711708301355424e-01,6.349213512953226779e-01,6.380074152523163011e-01,6.412262811620493830e-01,6.445745828774939179e-01,6.480486793239225163e-01,6.516446454368698404e-01,6.553583041512267560e-01,6.591852178998132139e-01,6.631206882134509373e-01,6.671598053273274376e-01,6.712974006047001119e-01,6.755281129488041048e-01,6.798463697369007130e-01,6.842463888115599691e-01,6.887222275494760959e-01,6.932677638413980992e-01,6.978767094140100324e-01,7.025426593134496134e-01,7.072590654547777911e-01,7.120192134757865610e-01,7.168163813692021158e-01,7.216437105879114355e-01,7.264942308679439575e-01,7.313609788449879634e-01,7.362369151680087098e-01,7.411149610438235724e-01,7.459880534760507942e-01,7.508490892505573777e-01,7.556909961099758100e-01,7.605067538626647528e-01,7.652893504677106273e-01,7.700318471665557052e-01,7.747273535103910147e-01,7.793691312417956318e-01,7.839504374029828693e-01,7.884647302757806786e-01,7.929055777584462783e-01,7.972666197101915264e-01,8.015417180496643423e-01,8.057249043213948747e-01,8.098103309649874459e-01,8.137923597812778409e-01,8.176655317777989929e-01,8.214246600626488037e-01,8.250646836499571091e-01,8.285808525879295727e-01,8.319685978527651127e-01,8.352235752611366637e-01,8.383417545014495431e-01,8.413193095639160957e-01,8.441527289528090172e-01,8.468387112786046611e-01,8.493742830241339803e-01,8.517567063444216879e-01,8.539835722043563893e-01,8.560527095906311779e-01,8.579623017563738907e-01,8.597107433956933109e-01,8.612967754952063348e-01,8.627194122449381997e-01,8.639780030239161412e-01,8.650720943281962061e-01,8.660016337896661032e-01,8.667667754390216972e-01,8.673680241259492663e-01,8.678061271286913181e-01,8.680821095778701313e-01,8.681972920756763079e-01,8.681532728351277761e-01,8.679518840582118866e-01,8.675952519678472585e-01,8.670857251987034164e-01,8.664259270824581360e-01,8.656186684922886343e-01,8.646670693008059461e-01,8.635744159214098215e-01,8.623442098265577949e-01,8.609801523942118839e-01,8.594861802450162180e-01,8.578663713341215802e-01,8.561250102738873213e-01,8.542664829808782612e-01,8.522954011378786054e-01,8.502165147939328982e-01,8.480346347691859465e-01,8.457547551427220256e-01,8.433819547944196859e-01,8.409213819363600129e-01,8.383783483750241183e-01,8.357581416593259371e-01,8.330661645068039300e-01,8.303078510517388766e-01,8.274887079027967163e-01,8.246142053486090751e-01,8.216898606343814304e-01,8.187212048452093827e-01
5.784442747446513211e-01,5.795780849015198521e-01,5.808457362273133917e-01,5.822431659201662280e-01,5.837659832848770547e-01,5.854095187759110752e-01,5.871688350120197741e-01,5.890387292039607203e-01,5.910137847848087045e-01,5.930883031522554694e-01,5.952564179334314254e-01,5.975120245874449010e-01,5.998488536249260150e-01,6.022604349420292991e-01,6.047401852903824260e-01,6.072813477312429820e-01,6.098770566443640906e-01,6.125203255350060161e-01,6.152041156765946095e-01,6.179212657639087114e-01,6.206646168994701673e-01,6.234269142487711690e-01,6.262009330437787735e-01,6.289794166035309608e-01,6.317551689942060289e-01,6.345209750101801216e-01,6.372696889090163630e-01,6.399942775815022911e-01,6.426877192167722574e-01,6.453431828341689158e-01,6.479538685311168056e-01,6.505131938214904208e-01,6.530146683049707912e-01,6.554520031102029076e-01,6.578190993410112375e-01,6.601100138843107867e-01,6.623190706303059283e-01,6.644408022023395866e-01,6.664699435723403509e-01,6.684015318186403709e-01,6.702308590441652392e-01,6.719534378995426493e-01,6.735651540957826588e-01,6.750621184401824904e-01,6.764407767832326668e-01,6.776978773002529932e-01,6.788304775349758291e-01,6.798360115933896886e-01,6.807121540579569308e-01,6.814570047298386113e-01,6.820689652070680564e-01,6.825467626312609060e-01,6.828894954962003716e-01,6.830966191103144958e-01,6.831678926295039478e-01,6.831034814082994622e-01,6.829038412157502069e-01,6.825698183454101953e-01,6.821025623059907561e-01,6.815035850844123333e-01,6.807747485196887771e-01,6.799181671878545830e-01,6.789363591144521592e-01,6.778321442654784423e-01,6.766085799850000138e-01,6.752691340943997034e-01,6.738174502165454882e-01,6.722575539440980297e-01,6.705936409685144817e-01,6.688302390705342937e-01,6.669720895950176365e-01,6.650241860465894161e-01,6.629916992278406251e-01,6.608800680795460236e-01,6.586948534851253534e-01,6.564418832334879550e-01,6.541270508032994702e-01,6.517564581101247256e-01,6.493363455596780076e-01,6.468730154636523899e-01,6.443729335943925163e-01,6.418426108528677565e-01,6.392886359735018287e-01,6.367176418500778423e-01,6.341363061856458705e-01,6.315513169906662450e-01,6.289693869382841918e-01,6.263971590200761996e-01,6.238412900456915544e-01,6.213083753899638628e-01,6.188049446561953992e-01,6.163374377232088142e-01,6.139121939074242418e-01,6.115354653998648082e-01,6.092133685996992121e-01,6.069518426151432333e-01,6.047567103750099982e-01,6.026335971700533811e-01,6.005879648947828331e-01,5.986250521441118799e-01,5.967499142164117698e-01,5.949673577094776178e-01,5.932819705894684104e-01,5.916980971242311593e-01,5.902198217127705426e-01,5.888509590684164463e-01,5.875950721585181391e-01,5.864554145848156486e-01,5.854349868637268584e-01,5.845364414072539150e-01,5.837622078032030926e-01,5.831143456260829971e-01,5.825946130544352730e-01,5.822044818294606072e-01,5.819451032003841728e-01,5.818173110073826537e-01,5.818215974299247861e-01,5.819581741594147539e-01,5.822269128147732342e-01,5.826273607525639386e-01,5.831587744199505652e-01,5.838201001785524591e-01,5.846099626296347163e-01,5.855266964760670323e-01,5.865683198859608094e-01,5.877325824248739172e-01,5.890169627553691889e-01,5.904186329258456212e-01,5.919344897597746957e-01,5.935612141893817917e-01,5.952952143630602100e-01,5.971326466345849848e-01,5.990694369698424948e-01,6.011013491921106677e-01,6.032238624877369615e-01,6.054323005931004920e-01,6.077218195665594624e-01,6.100873751339582762e-01,6.125237897843038848e-01,6.150257223536679252e-01,6.175877453599550870e-01,6.202042679781279988e-01,6.228696397020972997e-01,6.255780972307298793e-01,6.283238074822300456e-01,6.311009212532258106e-01,6.339034971921004846e-01,6.367256121683975145e-01,6.395613051118005377e-01,6.424046412156598773e-01,6.452496504841204183e-01,6.480904966983334070e-01,6.509212801453467812e-01,6.537362588256222518e-01,6.565296982943992221e-01,6.592959957718486086e-01,6.620296334004038830e-01,6.647252289532277203e-01,6.673774964213685656e-01,6.699813351100112335e-01,6.725317404166372137e-01,6.750239374151644212e-01,6.774532783296449701e-01,6.798153408199000269e-01,6.821058574864876656e-01,6.843207943632586554e-01,6.864563399199070659e-01,6.885088538656161106e-01,6.904749820650496472e-01,6.923515828683415307e-01,6.941357467732064412e-01,6.958248436499238077e-01,6.974164313250692526e-01,6.989084149420292658e-01,7.002988659601645516e-01,7.015861874604912840e-01,7.027690079909975074e-01,7.038462410207942943e-01,7.048170521912023867e-01,7.056808660610113249e-01,7.064373978048763547e-01,7.070865747363751508e-01,7.076286355404701744e-01,7.080640557873786323e-01,7.083935546294857222e-01,7.086181101594333231e-01,7.087389281664582263e-01,7.087574691930882409e-01,7.086754239932006039e-01,7.084946999335706153e-01,7.082173904414631460e-01,7.078458731302009754e-01,7.073826347209825061e-01,7.068304545356549617e-01,7.061921613951455123e-01,7.054708907596233258e-01,7.046698512498693612e-01,7.037924315478391035e-01,7.028421538821781889e-01,7.018226819984879628e-01,7.007377718996454785e-01,6.995912818336370576e-01,6.983872019511550011e-01,6.971295622039035411e-01,6.958224891955918645e-01,6.944701408521958275e-01,6.930767163284359267e-01,6.916464804142568035e-01,6.901836724336695150e-01,6.886925600776305778e-01,6.871773777564423868e-01,6.856424058718156855e-01,6.840918226207692854e-01,6.825297796870242184e-01,6.809603965007514637e-01,6.793877085608357458e-01,6.778156789160835194e-01,6.762481759587365415e-01,6.746889595043135124e-01,6.731417083792718969e-01,6.716099570629614490e-01,6.700971239306394711e-01,6.686064892089451650e-01,6.671411704436789325e-01,6.657041659553416535e-01,6.642982769120900910e-01,6.629261324710262748e-01,6.615902482225064496e-01,6.602928842626184514e-01,6.590361759742381365e-01,6.578220055673511535e-01,6.566521366020997563e-01,6.555280844915440941e-01,6.544511633422893659e-01,6.534225243745893641e-01,6.524430820843130086e-01,6.515135744650457639e-01,6.506344893176926325e-01,6.498061738437626023e-01,6.490287372250190812e-01,6.483020762026153738e-01,6.476259250115785626e-01,6.469998177170447340e-01,6.464230588110857489e-01,6.458948255040275477e-01,6.454140734206270658e-01,6.449795843193154576e-01,6.445899872405859155e-01,6.442437343401407057e-01,6.439391377126725269e-01,6.436743379778178120e-01,6.434473379563061535e-01,6.432560315008309937e-01,6.430981750045273726e-01,6.429713945209585280e-01,6.428732267677971235e-01,6.428011324856683917e-01,6.427524269239005550e-01,6.427244193856861409e-01,6.427143257275573784e-01,6.427192799181021821e-01,6.427364225555988186e-01,6.427628496444464101e-01,6.427955899847341836e-01,6.428317394553516584e-01,6.428683394299875564e-01,6.429024568435133258e-01,6.429312179820046991e-01,6.429517410804512778e-01,6.429612134576211391e-01,6.429568421212792373e-01,6.429359614938140455e-01,6.428959677977971188e-01,6.428343188733560698e-01,6.427486043306841479e-01,6.426364884779076636e-01,6.424957984272492428e-01,6.423244396182710148e-01,6.421204782525600230e-01,6.418821386351720726e-01,6.416077696841386846e-01,6.412959018929913491e-01,6.409452121579926054e-01,6.405545563551886534e-01,6.401229590230573807e-01,6.396496530703721373e-01,6.391340314048191695e-01,6.385757083811431922e-01,6.379744453146058980e-01,6.373302490796222131e-01,6.366432892084243900e-01,6.359139777185980336e-01,6.351428697182661676e-01,6.343307885603404195e-01,6.334787122482663513e-01,6.325878188711895334e-01,6.316595139052054719e-01,6.306953902978101878e-01,6.296972192563332626e-01,6.286669833761544535e-01,6.276068201044231465e-01,6.265190619126868032e-01,6.254062351802338604e-01,6.242710274849335716e-01,6.231162591839716214e-01,6.219449598687428749e-01,6.207602318661171736e-01,6.195653884180815085e-01,6.183638268902609259e-01,6.171591107678432442e-01,6.159548517507754672e-01,6.147548240439649758e-01,6.135628428855425254e-01,6.123828453208272071e-01,6.112187869718871402e-01,6.100747527280868665e-01,6.089547957499675812e-01,6.078630744675117548e-01,6.068036993807524038e-01,6.057808308687608889e-01,6.047986283044469724e-01,6.038611945618748145e-01,6.029726757500806222e-01,6.021370845425558782e-01,6.013584483477676379e-01,6.006407036967683633e-01,5.999876873635647812e-01,5.994031944919092636e-01,5.988908515293515089e-01,5.984542253582815219e-01,5.980967201622580109e-01,5.978215916779181516e-01,5.976319697200714876e-01,5.975308177924997244e-01,5.975208991334572950e-01,5.976048096723747260e-01,5.977849609985159685e-01,5.980635478632322366e-01,5.984425576853279471e-01,5.989237460737317775e-01,5.995086633560131606e-01,6.001985813458736718e-01,6.009945760756039146e-01,6.018974280714372016e-01,6.029077296849452150e-01,6.040257063035510132e-01,6.052514299341398285e-01,6.065846524147008312e-01,6.080248548913310680e-01,6.095712419664247594e-01,6.112227727232141250e-01,6.129781102791256320e-01,6.148356149591390762e-01,6.167934566474098101e-01,6.188494295497918296e-01,6.210011207735296468e-01,6.232458574559095466e-01,6.255806693481305025e-01,6.280023346114053107e-01,6.305073864069544731e-01,6.330921216814027197e-01,6.357525684719158576e-01,6.384845415370637989e-01,6.412836032400076602e-01,6.441451566158262754e-01,6.470643040847174898e-01,6.500360559150308859e-01,6.530551410607406959e-01,6.561161955581078509e-01,6.592136102469180470e-01,6.623416578906602403e-01,6.654945097986677549e-01,6.686661203414027144e-01,6.718504208356909091e-01,6.750412107709342635e-01,6.782321492287961551e-01,6.814169059007053608e-01,6.845890404318042410e-01,6.877421195119010067e-01,6.908696065285966359e-01,6.939650365042000502e-01,6.970218951356457193e-01,7.000336903309255510e-01,7.029940073882160467e-01,7.058964401860678972e-01,7.087346563228810181e-01,7.115024424808450432e-01,7.141936268513841002e-01,7.168021918219042998e-01,7.193222483769997622e-01,7.217480135053619961e-01,7.240739273922539576e-01,7.262945378599809931e-01,7.284045958987914737e-01,7.303990936203174078e-01,7.322731874425909560e-01,7.340222879400530864e-01,7.356420192883678100e-01,7.371282983594784621e-01,7.384772699464360324e-01,7.396853476663247662e-01,7.407492214299642441e-01,7.416659411564058280e-01,7.424327740729964598e-01,7.430473568455043809e-01,7.435075550193736005e-01,7.438116631768917353e-01,7.439582552566199602e-01,7.439461950764075793e-01,7.437747631164313145e-01,7.434435445879232773e-01,7.429524258600196385e-01,7.423017310518769118e-01,7.414920353020789667e-01,7.405243224337166863e-01,7.393999033112780284e-01,7.381204135044775461e-01,7.366878614912544254e-01,7.351045862322405089e-01,7.333732120629088413e-01,7.314967666917491229e-01,7.294785490084788604e-01,7.273222335579112574e-01,7.250316908965861451e-01,7.226112343120189019e-01,7.200653412458971614e-01,7.173988789417066192e-01
5.980283679503193284e-01,6.002559482891222098e-01,6.025580657784082028e-01,6.049318904380708295e-01,6.073743717615350812e-01,6.098824076412142636e-01,6.124527107239879919e-01,6.150819187015058587e-01,6.177665444526811989e-01,6.205030103653308426e-01,6.232876093414513319e-01,6.261165605615311991e-01,6.289859779924923400e-01,6.318919040586977731e-01,6.348302764669149223e-01,6.377969953760387334e-01,6.407878480093822660e-01,6.437986074569010952e-01,6.468249482176250398e-01,6.498625328333393902e-01,6.529069391548125711e-01,6.559537355793396696e-01,6.589984683626843864e-01,6.620366438356575234e-01,6.650637553330759344e-01,6.680752895819617176e-01,6.710667230260960459e-01,6.740335620759237978e-01,6.769712951589315075e-01,6.798754635424907322e-01,6.827415948731340167e-01,6.855652815121234811e-01,6.883421522916373103e-01,6.910678711008868547e-01,6.937381855148941900e-01,6.963488644641008252e-01,6.988957928087272675e-01,7.013748912445910699e-01,7.037821981487798473e-01,7.061138178424403167e-01,7.083659709955779649e-01,7.105349714491545621e-01,7.126172425465483462e-01,7.146093381926182930e-01,7.165078966943866368e-01,7.183097479417790421e-01,7.200118115572661237e-01,7.216111473981012825e-01,7.231049878981256063e-01,7.244907253273527026e-01,7.257658354671110423e-01,7.269280407722209514e-01,7.279752029951438441e-01,7.289053247011526571e-01,7.297166045410853341e-01,7.304074495379137000e-01,7.309763960257974480e-01,7.314221818104797990e-01,7.317437604917088612e-01,7.319402534845187436e-01,7.320109671802365048e-01,7.319554197339622759e-01,7.317733058329993767e-01,7.314645575698900393e-01,7.310292815352371631e-01,7.304677607503938797e-01,7.297805357667346282e-01,7.289682913467574465e-01,7.280319506554395748e-01,7.269726191146018701e-01,7.257916094026378717e-01,7.244904276269505949e-01,7.230707706791400513e-01,7.215345738010049415e-01,7.198838937327727283e-01,7.181210236859176810e-01,7.162484296651889792e-01,7.142687750499564503e-01,7.121848734985027907e-01,7.099997605914855070e-01,7.077166124176494932e-01,7.053387643999583512e-01,7.028697519889044454e-01,7.003132275573155097e-01,6.976730157540182997e-01,6.949531057011766322e-01,6.921576164650146135e-01,6.892907565090606870e-01,6.863569325691188938e-01,6.833606404883476593e-01,6.803064885332509304e-01,6.771992004593200276e-01,6.740436122296989963e-01,6.708446019880911493e-01,6.676072132052837116e-01,6.643365166111840914e-01,6.610376305291311150e-01,6.577157970476825710e-01,6.543762679227700385e-01,6.510243450085789751e-01,6.476654074969411257e-01,6.443047732727222865e-01,6.409478892567352926e-01,6.376000978009137565e-01,6.342668525298769122e-01,6.309535453958647899e-01,6.276655317490721364e-01,6.244081762488039589e-01,6.211868076054986032e-01,6.180066935469334943e-01,6.148730826065060828e-01,6.117911282524620686e-01,6.087659195301877713e-01,6.058025058786137285e-01,6.029058025647927588e-01,6.000806743819958600e-01,5.973318493094263992e-01,5.946639719365029997e-01,5.920815527771517983e-01,5.895889709684368762e-01,5.871905150046927702e-01,5.848902840896136324e-01,5.826922521171344904e-01,5.806002347031611333e-01,5.786179188001288054e-01,5.767487656381820038e-01,5.749961123979063782e-01,5.733631118040635188e-01,5.718527051946830086e-01,5.704676762484676145e-01,5.692106309553702781e-01,5.680839108307125240e-01,5.670897194891555415e-01,5.662300208409538627e-01,5.655066009947115058e-01,5.649209888985550210e-01,5.644745482533920500e-01,5.641684007558460667e-01,5.640034371174859062e-01,5.639803326944230477e-01,5.640995593662426755e-01,5.643613642205131953e-01,5.647657461780039023e-01,5.653124973961999311e-01,5.660011791129330172e-01,5.668311421924764337e-01,5.678014879826902561e-01,5.689111282049725826e-01,5.701587330808193244e-01,5.715427724009620736e-01,5.730614777109712676e-01,5.747128863292592094e-01,5.764948332712731549e-01,5.784049219150632082e-01,5.804405706255207908e-01,5.825989905496338217e-01,5.848772159687217753e-01,5.872720797548454108e-01,5.897802201153732327e-01,5.923981221233012295e-01,5.951220901914162642e-01,5.979482606271665501e-01,6.008725664597399652e-01,6.038908805028644355e-01,6.069988385501795536e-01,6.101919794521564189e-01,6.134657226596662571e-01,6.168153359401365998e-01,6.202359438851682283e-01,6.237226335393937227e-01,6.272703068128706594e-01,6.308738417756637462e-01,6.345280102149826185e-01,6.382274724228215179e-01,6.419668637681013035e-01,6.457407265706959221e-01,6.495435937854660002e-01,6.533698918410055789e-01,6.572141086674514465e-01,6.610705780093439898e-01,6.649337347254672403e-01,6.687979495291367371e-01,6.726576333305565036e-01,6.765071292015474302e-01,6.803408903722837353e-01,6.841533596609659096e-01,6.879390099033318995e-01,6.916923727666127730e-01,6.954080308875739691e-01,6.990806127839956918e-01,7.027048448941849434e-01,7.062755162427140077e-01,7.097875148880312679e-01,7.132358286771862677e-01,7.166155162237393128e-01,7.199217845452683395e-01,7.231499359785172887e-01,7.262953906889919597e-01,7.293537175855806520e-01,7.323206411122152870e-01,7.351919896942875621e-01,7.379637578954322263e-01,7.406321091642371623e-01,7.431933566826423032e-01,7.456439759023316682e-01,7.479806335615893920e-01,7.502001610825200784e-01,7.522995649043967559e-01,7.542760384919582339e-01,7.561269728928701195e-01,7.578499684837379791e-01,7.594427756261363793e-01,7.609033840379966218e-01,7.622299676847066330e-01,7.634208865636733510e-01,7.644747442200729992e-01,7.653903195890918720e-01,7.661666114542688977e-01,7.668028175587586759e-01,7.672983580050970476e-01,7.676528466862467814e-01,7.678661231003406362e-01,7.679381896872693458e-01,7.678693462263462832e-01,7.676599923695878180e-01,7.673108054431810876e-01,7.668226029833459245e-01,7.661964774642546772e-01,7.654336612322305555e-01,7.645355935599432717e-01,7.635039296182821733e-01,7.623404667990039130e-01,7.610472181311732642e-01,7.596263755382639538e-01,7.580803001997503676e-01,7.564115419626049608e-01,7.546227665007269048e-01,7.527168795593012218e-01,7.506968569741778730e-01,7.485658813583087046e-01,7.463272755333011377e-01,7.439845016629021979e-01,7.415411210666963404e-01,7.390008690155582816e-01,7.363675774136901886e-01,7.336451948438296178e-01,7.308377622505909388e-01,7.279494885550374939e-01,7.249845805375235708e-01,7.219473990040288225e-01,7.188423538105402910e-01,7.156739592414601558e-01,7.124467478721012714e-01,7.091653782371261094e-01,7.058344864267478425e-01,7.024588037248359340e-01,6.990430739248139069e-01,6.955920847908899640e-01,6.921106253770742400e-01,6.886035259685807652e-01,6.850756066910403952e-01,6.815316863601836861e-01,6.779765875631457162e-01,6.744151184265518850e-01,6.708520526945268569e-01,6.672921533512657932e-01,6.637401175808196330e-01,6.602006500644531650e-01,6.566783493678187700e-01,6.531778163021207950e-01,6.497035162197213332e-01,6.462599268240023509e-01,6.428514158733671380e-01,6.394822608916368445e-01,6.361566695364860857e-01,6.328787392957734292e-01,6.296525107669141974e-01,6.264818658599758949e-01,6.233706183375848919e-01,6.203224759827306034e-01,6.173409930187342409e-01,6.144296550023891079e-01,6.115917521035716398e-01,6.088305100084483445e-01,6.061489789508187620e-01,6.035501155486100444e-01,6.010366963023594522e-01,5.986113719491451546e-01,5.962766319687823335e-01,5.940348592773091463e-01,5.918882318847369373e-01,5.898388154386222659e-01,5.878884973030598093e-01,5.860390349636719343e-01,5.842919893906091122e-01,5.826487914156749381e-01,5.811107168897109432e-01,5.796788591880603914e-01,5.783541713307743803e-01,5.771374178928975196e-01,5.760292541272497013e-01,5.750301019713112138e-01,5.741402933758552596e-01,5.733599677066113509e-01,5.726891037675696516e-01,5.721275176369321480e-01,5.716749152481270801e-01,5.713307621671644965e-01,5.710944743299015691e-01,5.709652331524257551e-01,5.709421308849692567e-01,5.710240800504449155e-01,5.712098509415290959e-01,5.714981011502373587e-01,5.718873160582655935e-01,5.723758656397824884e-01,5.729619993874910389e-01,5.736438112881857565e-01,5.744193032437382440e-01,5.752863065266800024e-01,5.762426134429259328e-01,5.772858253351822455e-01,5.784135011369931911e-01,5.796230347083001222e-01,5.809117826570040499e-01,5.822769352531086406e-01,5.837156660934362806e-01,5.852250098706770487e-01,5.868019559005849262e-01,5.884433737659687802e-01,5.901460873268488116e-01,5.919068664687824333e-01,5.937223991359670272e-01,5.955893233635515260e-01,5.975042274212545301e-01,5.994636363387003675e-01,6.014640639323808324e-01,6.035019515359429931e-01,6.055737407150105778e-01,6.076758159218320632e-01,6.098045624570710421e-01,6.119563585598288835e-01,6.141275513423172239e-01,6.163144686358357216e-01,6.185134565196602763e-01,6.207208895663552939e-01,6.229330958175285371e-01,6.251464761695565420e-01,6.273573933172701400e-01,6.295622742432112062e-01,6.317575731263462835e-01,6.339397379861900772e-01,6.361053020633916644e-01,6.382508267990041340e-01,6.403728976591545052e-01,6.424681651707564445e-01,6.445333705767073429e-01,6.465652481226606962e-01,6.485606472299005887e-01,6.505164804593399630e-01,6.524297017883402550e-01,6.542973698376546299e-01,6.561166125729306353e-01,6.578846392106743046e-01,6.595987543390100516e-01,6.612563344137299959e-01,6.628548962644554843e-01,6.643919678966405673e-01,6.658652579827092355e-01,6.672725404202261013e-01,6.686117077126791930e-01,6.698807444717761461e-01,6.710777463077978178e-01,6.722009428072037718e-01,6.732486634439592832e-01,6.742193434198064939e-01,6.751115378988938875e-01,6.759239550233907545e-01,6.766553997355111427e-01,6.773047604013742173e-01,6.778711399188268594e-01,6.783537000124301164e-01,6.787517437460909298e-01,6.790647017791742179e-01,6.792921234062238023e-01,6.794337134309108572e-01,6.794892924330357964e-01,6.794587934287591446e-01,6.793422903548307357e-01,6.791399968665744469e-01,6.788522500488660683e-01,6.784794969096472617e-01,6.780223233747375566e-01,6.774814498095454995e-01,6.768577191946676397e-01,6.761520871903128338e-01,6.753656486664215697e-01,6.744996050019486100e-01,6.735553038108192947e-01,6.725341831807373216e-01,6.714378057851567716e-01,6.702678522755607382e-01,6.690261385543402328e-01,6.677145510610992263e-01,6.663350930976895681e-01,6.648899014357786408e-01,6.633811772559080611e-01,6.618112676938048278e-01,6.601825710882315290e-01,6.584976072125460211e-01,6.567589752650203616e-01,6.549693710332051833e-01,6.531315601665727000e-01,6.512484046021626005e-01,6.493228210429882186e-01,6.473578196169853527e-01,6.453564897696490998e-01,6.433219409805913669e-01,6.412573862590761342e-01,6.391660712472109207e-01,6.370513012486951343e-01,6.349164276967919074e-01,6.327648363944688992e-01,6.305999779905703262e-01,6.284253025438507612e-01,6.262443206407188878e-01,6.240605495044951878e-01
1.276286352004664393e-01,1.287581665407279696e-01,1.299543949909720275e-01,1.312131234621809750e-01,1.325300967096460225e-01,1.339009757651292432e-01,1.353213793141608834e-01,1.367868652763534199e-01,1.382929802587795076e-01,1.398352257574618507e-01,1.414091050682953210e-01,1.430101059466716562e-01,1.446337488849722408e-01,1.462755599309878418e-01,1.479310903305457447e-01,1.495959455849545094e-01,1.512657743179609549e-01,1.529362951740440013e-01,1.546032854813474688e-01,1.562626086770047273e-01,1.579102151564411582e-01,1.595421630385503442e-01,1.611546045147148887e-01,1.627438032517632971e-01,1.643061617383634043e-01,1.658381919083470324e-01,1.673365610646901647e-01,1.687980576174132330e-01,1.702196277928018642e-01,1.715983805954444386e-01,1.729315661304322571e-01,1.742166075137405457e-01,1.754510857488578157e-01,1.766327730978830834e-01,1.777595918496449878e-01,1.788296537072519565e-01,1.798412408282934749e-01,1.807928208508625678e-01,1.816830401188744004e-01,1.825107275683779673e-01,1.832748904817559921e-01,1.839747233829169548e-01,1.846095867711058380e-01,1.851790437352284491e-01,1.856828071806359004e-01,1.861207834426588936e-01,1.864930407561951886e-01,1.867998253256109020e-01,1.870415364475260800e-01,1.872187488966421676e-01,1.873321688530416584e-01,1.873826853240008472e-01,1.873713131017201716e-01,1.872992136208709857e-01,1.871676839724051300e-01,1.869781489424420240e-01,1.867321558768374190e-01,1.864313683250465870e-01,1.860775561131374212e-01,1.856725946715186981e-01,1.852184534435526442e-01,1.847171855368118232e-01,1.841709170322160805e-01,1.835818578626504660e-01,1.829522856788006746e-01,1.822845040875698541e-01,1.815809007556391241e-01,1.808438688139740735e-01,1.800758564192896927e-01,1.792793267503760557e-01,1.784567558732320647e-01,1.776106232766290483e-01,1.767434201791725501e-01,1.758576153799446540e-01,1.749556709044086111e-01,1.740400195731768851e-01,1.731130611536791930e-01,1.721771673373720668e-01,1.712346428728671599e-01,1.702877740430185360e-01,1.693387556835058427e-01,1.683897353027266341e-01,1.674427926908307329e-01,1.664999224897190655e-01,1.655630402057572947e-01,1.646339780892255855e-01,1.637144821952852547e-01,1.628061974988337102e-01,1.619106721489325662e-01,1.610293469041155778e-01,1.601635715293518170e-01,1.593145763279139593e-01,1.584834860453316341e-01,1.576713144978463266e-01,1.568789617526985536e-01,1.561072153661376694e-01,1.553567423800864267e-01,1.546281038464610014e-01,1.539217394405426320e-01,1.532379811408909054e-01,1.525770351542273806e-01,1.519390096493155318e-01,1.513238978011184621e-01,1.507315906495104996e-01,1.501618603646785732e-01,1.496143923341632931e-01,1.490887602088478425e-01,1.485844493806576516e-01,1.481008521345031081e-01,1.476372766984877238e-01,1.471929408702119524e-01,1.467669891906130675e-01,1.463584951628590092e-01,1.459664642153523095e-01,1.455898374590189892e-01,1.452274931097931043e-01,1.448782725327452670e-01,1.445409654529615784e-01,1.442143241380775820e-01,1.438970724073158070e-01,1.435878991968171092e-01,1.432854848018778327e-01,1.429884899096121043e-01,1.426955802583746435e-01,1.424054169090792077e-01,1.421166639205460047e-01,1.418280025277116885e-01,1.415381389659624012e-01,1.412458084567307925e-01,1.409497753603311809e-01,1.406488407721516731e-01,1.403418699823956728e-01,1.400277590349988110e-01,1.397054725587403290e-01,1.393740398975046313e-01,1.390325676202326388e-01,1.386802206520948155e-01,1.383162501148862134e-01,1.379399976911954429e-01,1.375508924181015336e-01,1.371484444348336496e-01,1.367322732206826263e-01,1.363020995100006627e-01,1.358577339477108070e-01,1.353991092297588128e-01,1.349262527202893802e-01,1.344393094130109656e-01,1.339385368024074430e-01,1.334242994213121203e-01,1.328970888233714231e-01,1.323574960341845630e-01,1.318062345652436795e-01,1.312441262401790321e-01,1.306721226855501738e-01,1.300912647305977332e-01,1.295027243435501463e-01,1.289077621253501560e-01,1.283077670248805313e-01,1.277042073223278729e-01,1.270986748748133277e-01,1.264928458155052948e-01,1.258884933108226079e-01,1.252874689816217968e-01,1.246917282439640590e-01,1.241032872232963186e-01,1.235242434530692685e-01,1.229567611182455222e-01,1.224030705595078317e-01,1.218654506479126959e-01,1.213462366138520210e-01,1.208478021220555504e-01,1.203725636789139963e-01,1.199229555466670427e-01,1.195014398384975640e-01,1.191104935868673581e-01,1.187526033597852415e-01,1.184302448947803232e-01,1.181458917395138974e-01,1.179019980224649128e-01,1.177009935772589111e-01,1.175452754986222870e-01,1.174372027947667985e-01,1.173790736404727586e-01,1.173731425115004945e-01,1.174215939368875028e-01,1.175265434202415055e-01,1.176900121150382950e-01,1.179139566548389334e-01,1.182002108200770479e-01,1.185505302066113958e-01,1.189665458061312381e-01,1.194497826670336549e-01,1.200016298793170344e-01,1.206233608706570037e-01,1.213161040044061223e-01,1.220808539585907376e-01,1.229184554497379650e-01,1.238296033172355121e-01,1.248148365037206609e-01,1.258745301833867347e-01,1.270089031699964399e-01,1.282180049694935375e-01,1.295017155133800502e-01,1.308597333358593462e-01,1.322915964338590988e-01,1.337966452631651204e-01,1.353740766372896198e-01,1.370228761577297338e-01,1.387418585961709416e-01,1.405296758660918577e-01,1.423847860308850022e-01,1.443054807294493480e-01,1.462898613594455499e-01,1.483358806646492278e-01,1.504413043174037401e-01,1.526037346509904746e-01,1.548206151729511482e-01,1.570892252023848024e-01,1.594066909296144585e-01,1.617699956449725474e-01,1.641759694886447130e-01,1.666213187926332273e-01,1.691026000935989815e-01,1.716162597616037733e-01,1.741586209137652719e-01,1.767258973527938148e-01,1.793142013523662814e-01,1.819195594806723992e-01,1.845378916396460678e-01,1.871650677445200750e-01,1.897968764071250869e-01,1.924290521514883112e-01,1.950572717490930419e-01,1.976771986616493726e-01,2.002844348994722856e-01,2.028745971934264314e-01,2.054432740361904208e-01,2.079860642513325364e-01,2.104985853508186122e-01,2.129764693303541900e-01,2.154153863585589468e-01,2.178110608580948737e-01,2.201592625271823755e-01,2.224558349636615029e-01,2.246967001874297376e-01,2.268778583851391029e-01,2.289954201971192427e-01,2.310455970311859897e-01,2.330247281305970752e-01,2.349292620863550618e-01,2.367558089635127538e-01,2.385011048529943611e-01,2.401620568672116485e-01,2.417357232989701399e-01,2.432193546709342791e-01,2.446103531119782903e-01,2.459063339022854733e-01,2.471050970700604532e-01,2.482046362273889473e-01,2.492031678759931146e-01,2.500991196547320272e-01,2.508911236992169558e-01,2.515780552017177207e-01,2.521589956027766033e-01,2.526332845480522837e-01,2.530004676142068587e-01,2.532603517595984344e-01,2.534129625490093018e-01,2.534585757856337440e-01,2.533977218326909919e-01,2.532311435021367685e-01,2.529598473320929242e-01,2.525850744701602646e-01,2.521083076521491995e-01,2.515312471272377892e-01,2.508558631740228639e-01,2.500843272213915669e-01,2.492190458453270030e-01,2.482626576217164538e-01,2.472180021806597294e-01,2.460881421882928910e-01,2.448763502844620854e-01,2.435860830310556668e-01,2.422209996154488787e-01,2.407849516792715250e-01,2.392819461680596727e-01,2.377161713902115614e-01,2.360919837335552218e-01,2.344138590019052559e-01,2.326864429931929101e-01,2.309145002390179946e-01,2.291028984577819505e-01,2.272566277395972612e-01,2.253807884094000957e-01,2.234805311654605442e-01,2.215610974442242254e-01,2.196277974764345164e-01,2.176859736158802960e-01,2.157410047150575827e-01,2.137983122654368573e-01,2.118633052368629754e-01,2.099413982864998252e-01,2.080380006881428212e-01,2.061584643722876031e-01,2.043081438589680332e-01,2.024923035152293160e-01,2.007161527476466756e-01,1.989848248839194145e-01,1.973033578859554327e-01,1.956766956595309692e-01,1.941096428976769039e-01,1.926068936465455961e-01,1.911730087450111137e-01,1.898123787942293528e-01,1.885292475174631111e-01,1.873276740160080278e-01,1.862115406862598077e-01,1.851845417130989768e-01,1.842501638188883128e-01,1.834116759383418449e-01,1.826721424939181937e-01,1.820343729818315326e-01,1.815009731576713303e-01,1.810742904901805894e-01,1.807564208707827247e-01,1.805492119834550269e-01,1.804542449061659060e-01,1.804728390046023978e-01,1.806060351572674749e-01,1.808546262055750753e-01,1.812191057734993394e-01,1.816996963729032299e-01,1.822963480647331047e-01,1.830087163212974766e-01,1.838361935864936125e-01,1.847778863123912541e-01,1.858326143044647105e-01,1.869989302602397263e-01,1.882751079517319681e-01,1.896591447000406661e-01,1.911487932534693124e-01,1.927415097218758422e-01,1.944345174513809893e-01,1.962247702578048258e-01,1.981089957368326604e-01,2.000836546792631732e-01,2.021449976803953719e-01,2.042890471734861990e-01,2.065116018236684559e-01,2.088082609429380843e-01,2.111744271874359535e-01,2.136053102457719788e-01,2.160959440519737706e-01,2.186412017449917145e-01,2.212358034204665591e-01,2.238743206382425299e-01,2.265511916043151108e-01,2.292607467840609980e-01,2.319972022861311045e-01,2.347546940808871441e-01,2.375272604690576439e-01,2.403088800955894278e-01,2.430934945735335195e-01,2.458749830391951663e-01,2.486472166667852979e-01,2.514040501915837944e-01,2.541393382337471252e-01,2.568469567463342318e-01,2.595208115928326342e-01,2.621548524934746438e-01,2.647430886243188897e-01,2.672795958639065939e-01,2.697585431734950134e-01,2.721741930702820667e-01,2.745209253858379994e-01,2.767932314484986556e-01,2.789857640276832140e-01,2.810933056401335728e-01,2.831107979698117005e-01,2.850333703978990552e-01,2.868563222735422413e-01,2.885751586677099412e-01,2.901855871963573974e-01,2.916835244953254747e-01,2.930651130127160386e-01,2.943267386043315059e-01,2.954650086630536410e-01,2.964767948249970586e-01,2.973592236367456065e-01,2.981096702491954353e-01,2.987257896701981386e-01,2.992055229068426581e-01,2.995470598407651841e-01,2.997488858645019350e-01,2.998097789396036994e-01,2.997288045221665476e-01,2.995053039277839058e-01,2.991389170746010517e-01,2.986295940774080782e-01,2.979775431264112262e-01,2.971832941623635538e-01,2.962476545894893731e-01,2.951717124483596022e-01,2.939568640530321741e-01,2.926047618042491583e-01,2.911173498762920642e-01,2.894968546690918632e-01,2.877457536445200414e-01,2.858667916762938632e-01,2.838629810201233061e-01,2.817375755348999755e-01,2.794940610583779850e-01,2.771361807284880019e-01,2.746678758216011818e-01,2.720933224940418893e-01,2.694169030055235670e-01,2.666431840841922973e-01,2.637769242323089736e-01,2.608230669915396760e-01,2.577867082218200934e-01,2.546730905878951678e-01,2.514876139355397555e-01,2.482357999434760265e-01,2.449232789363708918e-01,2.415557936688389751e-01,2.381391647553726121e-01,2.346793104840925459e-01
2.044303138875382397e-01,2.057750708567967768e-01,2.070757866998457208e-01,2.083301772894158299e-01,2.095360347124809453e-01,2.106911771923675736e-01,2.117934887774090003e-01,2.128409049565375133e-01,2.138314315046782321e-01,2.147631255092486424e-01,2.156341173591039551e-01,2.164426180050793291e-01,2.171868980036656127e-01,2.178653212894934577e-01,2.184763142757813748e-01,2.190184081935757365e-01,2.194902130122131367e-01,2.198904202273018749e-01,2.202178307838879301e-01,2.204713299858125364e-01,2.206499115579778070e-01,2.207526576919536243e-01,2.207787653287388574e-01,2.207275366949760786e-01,2.205983850144762615e-01,2.203908253370559234e-01,2.201044869872229026e-01,2.197391108565733830e-01,2.192945725540477175e-01,2.187708335976424889e-01,2.181680078650116983e-01,2.174862933007305210e-01,2.167260414103088506e-01,2.158876982318509719e-01,2.149718395852466546e-01,2.139791753115855844e-01,2.129105117506552847e-01,2.117668042939158946e-01,2.105490999040153244e-01,2.092585921516381953e-01,2.078965815068694600e-01,2.064644891031309770e-01,2.049638527752652151e-01,2.033963250688590463e-01,2.017636798742137305e-01,2.000677964537486697e-01,1.983106681922304215e-01,1.964943914558479054e-01,1.946211767334583287e-01,1.926933309554697549e-01,1.907132673322562144e-01,1.886834931485435740e-01,1.866066000197640351e-01,1.844852899288439152e-01,1.823223321114831874e-01,1.801205960773534787e-01,1.778830082227203790e-01,1.756125932030004888e-01,1.733124315407041649e-01,1.709856662424020513e-01,1.686355138405780107e-01,1.662652384385282511e-01,1.638781557140170653e-01,1.614776284087717506e-01,1.590670559390499617e-01,1.566498771635473075e-01,1.542295652744773149e-01,1.518096033625467578e-01,1.493935012025838505e-01,1.469847841358856710e-01,1.445869716865267884e-01,1.422036029895289710e-01,1.398381954911770697e-01,1.374942605370959026e-01,1.351752881987486610e-01,1.328847579700375148e-01,1.306261041721883953e-01,1.284027367315409840e-01,1.262180190447552142e-01,1.240752670350855486e-01,1.219777411124735589e-01,1.199286522056425969e-01,1.179311361949143544e-01,1.159882611135547442e-01,1.141030175754103870e-01,1.122783212900883010e-01,1.105169831406084269e-01,1.088217458175462921e-01,1.071952324252006122e-01,1.056399772492116473e-01,1.041584004436458960e-01,1.027528092231970863e-01,1.014253928563017826e-01,1.001782324965455467e-01,9.901326548498273761e-02,9.793231065643923094e-02,9.693705174234457100e-02,9.602904028320699559e-02,9.520967127599813673e-02,9.448022850701676134e-02,9.384181707643188264e-02,9.329541483106329469e-02,9.284184662475478134e-02,9.248178037217577585e-02,9.221572943058710392e-02,9.204406667675962828e-02,9.196698179118210914e-02,9.198454089784681431e-02,9.209662605978737038e-02,9.230297580931438872e-02,9.260315946152662681e-02,9.299660651901438257e-02,9.348257424118328052e-02,9.406016969001446126e-02,9.472834542959816806e-02,9.548590553256745828e-02,9.633149406519939117e-02,9.726361810615212489e-02,9.828062277773376432e-02,9.938072332114800123e-02,1.005619838663582427e-01,1.018223442491184433e-01,1.031595898401122535e-01,1.045714017476434277e-01,1.060553073091117654e-01,1.076087353570390481e-01,1.092289820593462246e-01,1.109132368981662897e-01,1.126585864953303096e-01,1.144620039161520358e-01,1.163203712717172378e-01,1.182304808895075637e-01,1.201890341906547005e-01,1.221926629763245981e-01,1.242379104026197500e-01,1.263212696757836095e-01,1.284391580203887440e-01,1.305879512524025510e-01,1.327639662523769637e-01,1.349634862192891083e-01,1.371827616877824840e-01,1.394180098405660706e-01,1.416654375153611201e-01,1.439212283572392503e-01,1.461815681846607151e-01,1.484426376532791414e-01,1.507006333112244634e-01,1.529517651015022128e-01,1.551922673966484034e-01,1.574183921046117263e-01,1.596264489501282857e-01,1.618127656227544009e-01,1.639737557530139000e-01,1.661058575327160336e-01,1.682055858081240585e-01,1.702695353803676537e-01,1.722943592050336370e-01,1.742768104665395612e-01,1.762137211311044505e-01,1.781020221221103206e-01,1.799387646052729717e-01,1.817210681167224229e-01,1.834461886080744342e-01,1.851115024794282582e-01,1.867145025574805939e-01,1.882527997352078930e-01,1.897241611198090538e-01,1.911264597234367812e-01,1.924577273515905851e-01,1.937161281018356385e-01,1.948999913798223071e-01,1.960077707108903167e-01,1.970380921324904611e-01,1.979897321378354669e-01,1.988616116183297700e-01,1.996528369320540730e-01,2.003626438572278790e-01,2.009904493238332535e-01,2.015358417636430866e-01,2.019985483587097008e-01,2.023784765198932967e-01,2.026756915961739347e-01,2.028904257561621460e-01,2.030230751748543783e-01,2.030741949573187377e-01,2.030445034293706374e-01,2.029348717280195225e-01,2.027463362741690478e-01,2.024800834805980942e-01,2.021374540405304898e-01,2.017199363982374594e-01,2.012291619749781435e-01,2.006669203443049165e-01,2.000351252623382703e-01,1.993358295014849013e-01,1.985712198998444145e-01,1.977436092947713331e-01,1.968554362678585079e-01,1.959092412331077115e-01,1.949077028718869120e-01,1.938535791976515321e-01,1.927497462408205298e-01,1.915991767565245474e-01,1.904049278270940060e-01,1.891701332627083454e-01,1.878980154054398777e-01,1.865918639192040152e-01,1.852550318391163187e-01,1.838909329543386983e-01,1.825030249317794173e-01,1.810948217944396144e-01,1.796698615381798481e-01,1.782317228369308948e-01,1.767840065622649226e-01,1.753303224433081231e-01,1.738742965224566728e-01,1.724195551052530029e-01,1.709697276505419694e-01,1.695284217772974333e-01,1.680992290847989068e-01,1.666857172244557705e-01,1.652914272193243828e-01,1.639198467510192270e-01,1.625744322096588923e-01,1.612585872407123477e-01,1.599756454293632668e-01,1.587288817951848785e-01,1.575215082514335729e-01,1.563566508484540707e-01,1.552373539136283342e-01,1.541665728491256049e-01,1.531471691363464338e-01,1.521819112245141048e-01,1.512734569735409984e-01,1.504243619630614426e-01,1.496370543360328043e-01,1.489138574514214941e-01,1.482569675680855681e-01,1.476684516171480888e-01,1.471502615622418131e-01,1.467041910469072674e-01,1.463319235210486791e-01,1.460349810726503106e-01,1.458147632790578185e-01,1.456725132037464676e-01,1.456093356823218721e-01,1.456261737071142259e-01,1.457238441306588916e-01,1.459029928753205196e-01,1.461641253834417564e-01,1.465075914644325961e-01,1.469335959957002169e-01,1.474421854192260739e-01,1.480332530656149614e-01,1.487065416373762605e-01,1.494616524788591194e-01,1.502980306034803759e-01,1.512149670240764410e-01,1.522116252594348518e-01,1.532870112433108167e-01,1.544399898462509857e-01,1.556692854819168026e-01,1.569734984822444834e-01,1.583510801328000539e-01,1.598003627840746399e-01,1.613195439615877635e-01,1.629067037609738533e-01,1.645597955098676846e-01,1.662766653880127787e-01,1.680550395569437583e-01,1.698925509998406025e-01,1.717867200968165864e-01,1.737349629660658867e-01,1.757346194849215837e-01,1.777829342305737026e-01,1.798770589736122250e-01,1.820140951438821708e-01,1.841910449038293429e-01,1.864048575183583911e-01,1.886524200855047850e-01,1.909305582373098664e-01,1.932360556196217605e-01,1.955656539722568921e-01,1.979160496222082122e-01,2.002839073475429776e-01,2.026658746993870719e-01,2.050585651616837202e-01,2.074585919779104448e-01,2.098625448137743377e-01,2.122670216526620357e-01,2.146686198995145511e-01,2.170639420039103262e-01,2.194496059827232282e-01,2.218222503143696123e-01,2.241785379370434539e-01,2.265151641814658889e-01,2.288288522194492358e-01,2.311163782079589113e-01,2.333745542149768815e-01,2.356002435093532965e-01,2.377903742212167937e-01,2.399419120737024957e-01,2.420519236137032015e-01,2.441175066989177411e-01,2.461358614387426091e-01,2.481042435346429986e-01,2.500200060605394237e-01,2.518805778942016516e-01,2.536834694921905053e-01,2.554263102658190787e-01,2.571067890763214514e-01,2.587227080698447645e-01,2.602719859226340082e-01,2.617526095853197066e-01,2.631627004708020912e-01,2.645004716473594031e-01,2.657642560838859858e-01,2.669524816805088352e-01,2.680637056409092556e-01,2.690965884612553927e-01,2.700499076737519211e-01,2.709225619434488253e-01,2.717135623174076753e-01,2.724220292768791962e-01,2.730472098745952980e-01,2.735884721895078253e-01,2.740452829171863280e-01,2.744172363806163806e-01,2.747040645448804996e-01,2.749055767483472024e-01,2.750217228757093069e-01,2.750525567833270180e-01,2.749982501945983926e-01,2.748590758986968474e-01,2.746354398993010038e-01,2.743278312889478876e-01,2.739368526449759145e-01,2.734632252122051188e-01,2.729077572405269603e-01,2.722713639259167206e-01,2.715550531310071403e-01,2.707599328020875995e-01,2.698872085689776323e-01,2.689381688334189779e-01,2.679141972326693488e-01,2.668167481160594323e-01,2.656473771341205103e-01,2.644077051647582555e-01,2.630994395986865353e-01,2.617243529097987853e-01,2.602842880406998627e-01,2.587811465120350984e-01,2.572169309874635656e-01,2.555936457129912576e-01,2.539134013493722919e-01,2.521783384753867319e-01,2.503906579783934383e-01,2.485525893845063616e-01,2.466664300448911107e-01,2.447345060165692088e-01,2.427591695353193690e-01,2.407428299870765231e-01,2.386879052217391051e-01,2.365968427362777071e-01,2.344721314830612857e-01,2.323162687980826757e-01,2.301317535496849864e-01,2.279211219810291233e-01,2.256869065384305706e-01,2.234316592539381252e-01,2.211579274646693349e-01,2.188682647033317608e-01,2.165652148342012140e-01,2.142513278790146858e-01,2.119291382246813460e-01,2.096011829244414371e-01,2.072699666272407593e-01,2.049380061759600580e-01,2.026077646145189037e-01,2.002817198855031122e-01,1.979623110104473116e-01,1.956519449353258111e-01,1.933530138966491341e-01,1.910678899626318261e-01,1.887988802561664514e-01,1.865482854073147456e-01,1.843183680260463697e-01,1.821113474147376121e-01,1.799293997855754279e-01,1.777746754427668163e-01,1.756492610793802811e-01,1.735552148454578281e-01,1.714945434090101861e-01,1.694692138289623229e-01,1.674811210962879604e-01,1.655321440851650894e-01,1.636240776303709288e-01,1.617586873763016131e-01,1.599376657048536821e-01,1.581626702733488488e-01,1.564352819256126237e-01,1.547570486710412030e-01,1.531294344703019172e-01,1.515538556421752447e-01,1.500316753858046415e-01,1.485641885716416644e-01,1.471526231108553906e-01,1.457981622876393657e-01,1.445019044926416918e-01,1.432649044651036485e-01,1.420881334818555330e-01,1.409725171606782956e-01,1.399189044878865196e-01,1.389280793557426952e-01,1.380007667595989918e-01,1.371376116677480161e-01,1.363392050559615043e-01,1.356060684290551488e-01,1.349386426530141403e-01,1.343373202685777812e-01,1.338024102558876549e-01,1.333341620637873703e-01,1.329327555119799720e-01,1.325982881214299858e-01,1.323308090044538754e-01,1.321302901437058086e-01,1.319966250856754175e-01
1.183628202963270259e-01,1.192040912228023858e-01,1.200373028783025126e-01,1.208615124527506191e-01,1.216757687900637541e-01,1.224791249740348614e-01,1.232706349163126824e-01,1.240493547914396227e-01,1.248143432308730233e-01,1.255646645801384020e-01,1.262993872936034601e-01,1.270175858876753661e-01,1.277183459344670979e-01,1.284007596828146136e-01,1.290639249194633909e-01,1.297069574616501741e-01,1.303289767009781497e-01,1.309291285102468227e-01,1.315065582978564573e-01,1.320604361064199594e-01,1.325899442649497162e-01,1.330942845328768609e-01,1.335726771327432061e-01,1.340243612174973065e-01,1.344486005486497937e-01,1.348446732941625814e-01,1.352118928663531283e-01,1.355495848339305365e-01,1.358571050948783610e-01,1.361338400715365604e-01,1.363791953145246927e-01,1.365926125958165371e-01,1.367735616545389665e-01,1.369215369128355952e-01,1.370360744341928561e-01,1.371167338195623253e-01,1.371631102453127193e-01,1.371748396375466195e-01,1.371515833885814106e-01,1.370930452568258073e-01,1.369989633747193403e-01,1.368691158698043531e-01,1.367033173273990987e-01,1.365014214756797850e-01,1.362633202298271229e-01,1.359889449391446514e-01,1.356782777958594477e-01,1.353313284397055782e-01,1.349481560996081964e-01,1.345288598186616669e-01,1.340735798645955601e-01,1.335825026343269994e-01,1.330558561349484969e-01,1.324939093919273170e-01,1.318969792645587336e-01,1.312654180303291507e-01,1.305996318200873807e-01,1.299000660238984473e-01,1.291671950152928905e-01,1.284015619013965936e-01,1.276037345682774493e-01,1.267743266134960800e-01,1.259139980669537751e-01,1.250234462657008605e-01,1.241034080998563716e-01,1.231546677200264367e-01,1.221780426539578746e-01,1.211743908418515953e-01,1.201446096763987004e-01,1.190896348510544489e-01,1.180104381126537982e-01,1.169080218436817781e-01,1.157834309927440741e-01,1.146377405073426697e-01,1.134720528426685221e-01,1.122875101564618089e-01,1.110852780720747585e-01,1.098665521412141438e-01,1.086325526917880369e-01,1.073845299540532733e-01,1.061237591433892430e-01,1.048515321249562510e-01,1.035691624135311878e-01,1.022779867755201910e-01,1.009793593072044471e-01,9.967464512800715271e-02,9.836522363581430561e-02,9.705249273693138112e-02,9.573785049635169520e-02,9.442271686906898720e-02,9.310850647364783683e-02,9.179664131523766757e-02,9.048854877769726968e-02,8.918565486714738477e-02,8.788938282128730406e-02,8.660115187897644839e-02,8.532238016017207327e-02,8.405447541449639903e-02,8.279883271496668584e-02,8.155684158189219213e-02,8.032987150620791994e-02,7.911928008248553246e-02,7.792640350587679010e-02,7.675256588408649328e-02,7.559905851299902890e-02,7.446716010711744438e-02,7.335811050826365753e-02,7.227313557260683918e-02,7.121342258847390694e-02,7.018012862189892953e-02,6.917438323907615372e-02,6.819727324053673212e-02,6.724985195147671624e-02,6.633313694619120959e-02,6.544809916760704893e-02,6.459567511249558747e-02,6.377675488878806198e-02,6.299218467095156482e-02,6.224275969100865474e-02,6.152923837341145452e-02,6.085232028815148325e-02,6.021266251390997720e-02,5.961086725252157104e-02,5.904748715633106881e-02,5.852302027485480757e-02,5.803791559167550268e-02,5.759255930335529378e-02,5.718728989716383854e-02,5.682238825095439066e-02,5.649808049370335511e-02,5.621453294980729987e-02,5.597185808406090340e-02,5.577010917485365760e-02,5.560928586795561152e-02,5.548932400906542162e-02,5.541011033408260039e-02,5.537147039853622388e-02,5.537317211660219840e-02,5.541492809949422754e-02,5.549639824854386838e-02,5.561717879536767772e-02,5.577682375189668695e-02,5.597481961111091392e-02,5.621060899572470626e-02,5.648357918183893184e-02,5.679306382084345350e-02,5.713835188955635608e-02,5.751867625616424035e-02,5.793323116866418848e-02,5.838115271539910667e-02,5.886154233649479317e-02,5.937345217778104700e-02,5.991589345600407956e-02,6.048783913184457850e-02,6.108822312284910988e-02,6.171593863815003078e-02,6.236984944850969270e-02,6.304878116126555465e-02,6.375153123446308800e-02,6.447686804658614435e-02,6.522353198880258274e-02,6.599024036566192297e-02,6.677568315826730438e-02,6.757853704494032332e-02,6.839745221434558042e-02,6.923107141779731577e-02,7.007801280183616199e-02,7.093689501757925731e-02,7.180632028730357663e-02,7.268488450333357442e-02,7.357118084159317006e-02,7.446380197413227098e-02,7.536133440796972949e-02,7.626237500281626835e-02,7.716552291304622224e-02,7.806938089196072128e-02,7.897256720775987227e-02,7.987370607537572220e-02,8.077144301784375258e-02,8.166443200594113161e-02,8.255135265073841599e-02,8.343090191929601607e-02,8.430179733655332464e-02,8.516278667818198700e-02,8.601264548939636934e-02,8.685016710656720540e-02,8.767419002399412520e-02,8.848358091448266238e-02,8.927723313598123767e-02,9.005408794610236800e-02,9.081311866560888568e-02,9.155333853421222801e-02,9.227380053667158522e-02,9.297360156341770432e-02,9.365188759072123892e-02,9.430783763871990188e-02,9.494069032327656643e-02,9.554972329872360448e-02,9.613426134972088977e-02,9.669368879097549330e-02,9.722742626876318406e-02,9.773495457098263506e-02,9.821580302452773137e-02,9.866955423078867249e-02,9.909583955898368379e-02,9.949434866750733741e-02,9.986481837691794927e-02,1.002070381354426276e-01,1.005208606506285685e-01,1.008061793158660929e-01,1.010629435597088788e-01,1.012911622436256098e-01,1.014908821211631118e-01,1.016622194742998475e-01,1.018053305329089109e-01,1.019204196956946668e-01,1.020077522060115205e-01,1.020676282428393672e-01,1.021004071700538085e-01,1.021064912785245443e-01,1.020863300394912049e-01,1.020404116580549275e-01,1.019692765693379494e-01,1.018735050474671722e-01,1.017537105897739352e-01,1.016105523529484966e-01,1.014447325474654715e-01,1.012569787252517034e-01,1.010480569034384324e-01,1.008187655491063484e-01,1.005699407261172740e-01,1.003024385043828903e-01,1.000171425073251852e-01,9.971496932794916834e-02,9.939685411912044244e-02,9.906375091803110156e-02,9.871663967479701873e-02,9.835651255940511262e-02,9.798437975804827338e-02,9.760125966451915769e-02,9.720819089315986539e-02,9.680621464088458306e-02,9.639638000646395810e-02,9.597974198045519656e-02,9.555735909026839836e-02,9.513028860031201572e-02,9.469958263593244996e-02,9.426630106033102863e-02,9.383149132304280382e-02,9.339619059872772411e-02,9.296143093116518430e-02,9.252823190384155960e-02,9.209759883451566764e-02,9.167052110510269525e-02,9.124797566338188615e-02,9.083091283192859522e-02,9.042027312641183479e-02,9.001696208344060757e-02,8.962187196335982819e-02,8.923586046769239888e-02,8.885976632101627581e-02,8.849439484459452332e-02,8.814052135876095095e-02,8.779889418781135213e-02,8.747022504026505385e-02,8.715519018901098092e-02,8.685443614240385968e-02,8.656857400989158291e-02,8.629817282163150527e-02,8.604376605285805890e-02,8.580585059664823377e-02,8.558488097351080182e-02,8.538127938983486320e-02,8.519541748188164121e-02,8.502763190028084228e-02,8.487822000503300601e-02,8.474743149449734392e-02,8.463547770472239218e-02,8.454253559371810445e-02,8.446872516554330967e-02,8.441413509999282083e-02,8.437881495406164556e-02,8.436276241329819514e-02,8.436594314428438879e-02,8.438827743276976212e-02,8.442964586307297181e-02,8.448989261442683973e-02,8.456881827730977630e-02,8.466619036326754333e-02,8.478172987235861602e-02,8.491513241635932630e-02,8.506604672840889503e-02,8.523409810628372607e-02,8.541886259021151673e-02,8.561989739764264140e-02,8.583671885031816939e-02,8.606882244588585917e-02,8.631566293700514148e-02,8.657667066423162250e-02,8.685125527878836960e-02,8.713879209437730422e-02,8.743863855670273855e-02,8.775012719496606828e-02,8.807257034199902912e-02,8.840526168703512211e-02,8.874747222585133155e-02,8.909846478184554885e-02,8.945747939079520816e-02,8.982374675145127219e-02,9.019648403523099212e-02,9.057490235936885292e-02,9.095820099009888082e-02,9.134557001270730836e-02,9.173620008480705412e-02,9.212927863439052123e-02,9.252398430732348966e-02,9.291950161634592031e-02,9.331502069098472629e-02,9.370971750174351966e-02,9.410279526868947642e-02,9.449344734780343313e-02,9.488087646674386866e-02,9.526430078019292036e-02,9.564294993369644449e-02,9.601605818564676320e-02,9.638287714609868051e-02,9.674267556298855875e-02,9.709473261000967081e-02,9.743835072635109729e-02,9.777285225962288606e-02,9.809756994155066634e-02,9.841186886461844585e-02,9.871513001807573351e-02,9.900676103228853164e-02,9.928618918455540954e-02,9.955287329167666899e-02,9.980629312583234880e-02,1.000459573561587462e-01,1.002714040861503314e-01,1.004821963816543429e-01,1.006779318270712431e-01,1.008582321519150976e-01,1.010227509971035192e-01,1.011711771821407480e-01,1.013032226881835501e-01,1.014186417651908589e-01,1.015172094332209285e-01,1.015987412857247696e-01,1.016630803666317417e-01,1.017101050088812936e-01,1.017397231907553878e-01,1.017518804827993312e-01,1.017465536428165812e-01,1.017237436631266700e-01,1.016834933083607256e-01,1.016258770225800800e-01,1.015509970822884300e-01,1.014589858382651533e-01,1.013500114241308175e-01,1.012242717716711482e-01,1.010819953453377107e-01,1.009234347366904372e-01,1.007488782238374209e-01,1.005586406876591704e-01,1.003530631711257864e-01,1.001325187192219218e-01,9.989739887907753135e-02,9.964812797323541194e-02,9.938515237722425621e-02,9.910894135516709613e-02,9.881999084437399772e-02,9.851881396277796521e-02,9.820594861744495752e-02,9.788195481312551849e-02,9.754740910252192310e-02,9.720290464449062029e-02,9.684905940196281149e-02,9.648649846395204732e-02,9.611586969969256045e-02,9.573783233752987398e-02,9.535305494409580807e-02,9.496222609019340510e-02,9.456604248225268516e-02,9.416520363028657581e-02,9.376043205493715671e-02,9.335244519372444538e-02,9.294197243851083645e-02,9.252975211323663518e-02,9.211651842745706420e-02,9.170301364343011463e-02,9.128999023424345938e-02,9.087818552685857088e-02,9.046835403022177036e-02,9.006123691367458328e-02,8.965757595897980159e-02,8.925811383087464690e-02,8.886359052553335913e-02,8.847473313536338702e-02,8.809227156542315251e-02,8.771692307014924972e-02,8.734939987708056908e-02,8.699040093590074130e-02,8.664062389726147340e-02,8.630074987426239463e-02,8.597144915968991941e-02,8.565338131452890358e-02,8.534719234539750454e-02,8.505351232608383827e-02,8.477296115027947720e-02,8.450613785239219355e-02,8.425363335609428739e-02,8.401601085788641676e-02,8.379382762725418043e-02,8.358761499744972456e-02,8.339788626227234714e-02,8.322514354568515127e-02,8.306986025559875975e-02,8.293248816749165808e-02,8.281346795680182005e-02,8.271320878187576886e-02,8.263210600927269056e-02,8.257052952634243159e-02,8.252882499587096965e-02,8.250732079387400331e-02,8.250631124203217093e-02,8.252607947165081781e-02,8.256687628262210366e-02
1.875125196047841003e-01,1.891929082266851359e-01,1.908561920890279873e-01,1.924987126456906839e-01,1.941168195299356469e-01,1.957068904636574402e-01,1.972653190741115725e-01,1.987885471934824344e-01,2.002730383421965077e-01,2.017153144837899315e-01,2.031119414406841184e-01,2.044595686780586175e-01,2.057548837753290227e-01,2.069946804925852646e-01,2.081758033067974689e-01,2.092952165879528037e-01,2.103499507734267193e-01,2.113371628730620622e-01,2.122540994183993168e-01,2.130981325750924138e-01,2.138667474729916695e-01,2.145575658284176734e-01,2.151683195427998019e-01,2.156969039873473104e-01,2.161413287453255727e-01,2.164997804538413839e-01,2.167705710263470309e-01,2.169521736596186912e-01,2.170432367998127998e-01,2.170425469543705022e-01,2.169490722079397138e-01,2.167619631175055905e-01,2.164805032299853549e-01,2.161042078543087830e-01,2.156327065284372735e-01,2.150658572280039482e-01,2.144036716868268355e-01,2.136463578645137196e-01,2.127942900441394947e-01,2.118480428747072652e-01,2.108083613202123563e-01,2.096761753796669292e-01,2.084525997000956365e-01,2.071389208572561869e-01,2.057366149450894355e-01,2.042473335415112279e-01,2.026728863176902040e-01,2.010152813434862573e-01,1.992766744893865738e-01,1.974594023277450872e-01,1.955659559578463991e-01,1.935989834428017142e-01,1.915612858727952228e-01,1.894558218617508893e-01,1.872856905873425959e-01,1.850541226470131251e-01,1.827644945199926318e-01,1.804202978208449826e-01,1.780251571563442048e-01,1.755827978377803300e-01,1.730970724501396107e-01,1.705719133260706899e-01,1.680113620448903389e-01,1.654195416620871106e-01,1.628006480350064622e-01,1.601589567989881169e-01,1.574988019566272712e-01,1.548245756470465750e-01,1.521407138974357753e-01,1.494516906991858185e-01,1.467620065178179556e-01,1.440761877094077770e-01,1.413987767032471310e-01,1.387343055313653706e-01,1.360873169748097189e-01,1.334623247561966541e-01,1.308638336082228459e-01,1.282963098157190729e-01,1.257641748545595128e-01,1.232718106206379671e-01,1.208235353548498536e-01,1.184235986217279241e-01,1.160761814799562280e-01,1.137853796348026608e-01,1.115552046377989021e-01,1.093895493442042927e-01,1.072922195682274038e-01,1.052668996544916385e-01,1.033171504030756110e-01,1.014464103046872068e-01,9.965797132570772265e-02,9.795499660859079138e-02,9.634048456297517049e-02,9.481729451577336487e-02,9.338811256846796249e-02,9.205547158252425088e-02,9.082171498377349106e-02,8.968902656191417300e-02,8.865940554648497895e-02,8.773465860475311573e-02,8.691641440753965220e-02,8.620610746484178022e-02,8.560497305578891603e-02,8.511405155656209809e-02,8.473418214316907893e-02,8.446600358201773739e-02,8.430996025577791597e-02,8.426628266898855690e-02,8.433499632904528642e-02,8.451592540169544643e-02,8.480868742205487087e-02,8.521271039306102524e-02,8.572719722461943914e-02,8.635116727235227219e-02,8.708342744627257936e-02,8.792260316391811714e-02,8.886710912187328892e-02,8.991517900247762707e-02,9.106485533684770262e-02,9.231399632438076763e-02,9.366028431659687015e-02,9.510121691768855245e-02,9.663412649248460939e-02,9.825619334036202190e-02,9.996441030883586321e-02,1.017556387020223940e-01,1.036265819814081723e-01,1.055738048352684033e-01,1.075937376669780787e-01,1.096826847604890492e-01,1.118368244864220845e-01,1.140522324261859649e-01,1.163248653897828444e-01,1.186505901519906148e-01,1.210251873803485645e-01,1.234443526364994853e-01,1.259037049729140600e-01,1.283988115134749586e-01,1.309251648230918552e-01,1.334782340110842458e-01,1.360534224259776492e-01,1.386461302007110097e-01,1.412517263314758409e-01,1.438655629740983877e-01,1.464829970376618773e-01,1.490993915181338669e-01,1.517101214787735519e-01,1.543105882425085118e-01,1.568962204361320778e-01,1.594625015004924040e-01,1.620049519077861322e-01,1.645191526327972886e-01,1.670007543529285210e-01,1.694454888660182901e-01,1.718491592887356478e-01,1.742076641724341624e-01,1.765169944657491718e-01,1.787732560776426893e-01,1.809726627726958026e-01,1.831115561099908584e-01,1.851863880363895654e-01,1.871937511221477834e-01,1.891303758939842372e-01,1.909931420947344749e-01,1.927790682849300774e-01,1.944853408314272392e-01,1.961092885818458698e-01,1.976484197178758340e-01,1.991003977315005946e-01,2.004630807767357192e-01,2.017344670055487010e-01,2.029127639838787245e-01,2.039963430126408572e-01,2.049837655321929408e-01,2.058737712998758573e-01,2.066652974434046441e-01,2.073574554649089685e-01,2.079495607619722963e-01,2.084411137725484808e-01,2.088317847029031726e-01,2.091214562818087264e-01,2.093101879464399628e-01,2.093982355984929933e-01,2.093860318509141172e-01,2.092741891446834035e-01,2.090635070118475325e-01,2.087549739337034305e-01,2.083497341599106489e-01,2.078491297867520460e-01,2.072546442818662682e-01,2.065679519440064837e-01,2.057908801173835012e-01,2.049254019710987640e-01,2.039736600895002416e-01,2.029379379179454546e-01,2.018206648314848917e-01,2.006244020958225516e-01,1.993518468266223809e-01,1.980058198401764002e-01,1.965892601870727063e-01,1.951052254579608569e-01,1.935568750351975287e-01,1.919474745858911757e-01,1.902803727675921319e-01,1.885590237654848622e-01,1.867869385760697887e-01,1.849677134787398869e-01,1.831050149157316398e-01,1.812025602186728146e-01,1.792641163211090571e-01,1.772934958645898118e-01,1.752945568381293617e-01,1.732711703163683781e-01,1.712272414237476503e-01,1.691666814667313057e-01,1.670934154966511875e-01,1.650113635433587689e-01,1.629244410655715791e-01,1.608365536267332696e-01,1.587515710115342815e-01,1.566733592979117073e-01,1.546057131613456093e-01,1.525524296921429435e-01,1.505172205936143592e-01,1.485037651548597737e-01,1.465156701693050290e-01,1.445564858615524251e-01,1.426296878154401093e-01,1.407386688191588353e-01,1.388867392685409763e-01,1.370771348196510309e-01,1.353129741597723645e-01,1.335973057232661132e-01,1.319330531860347377e-01,1.303230485969616159e-01,1.287700010491607816e-01,1.272765273642887107e-01,1.258451010150478666e-01,1.244780911174198784e-01,1.231777403922729580e-01,1.219461724969299055e-01,1.207853681355180731e-01,1.196971924731585202e-01,1.186833675149566308e-01,1.177454934242607026e-01,1.168850299660666864e-01,1.161032988023033841e-01,1.154014906378717648e-01,1.147806614912676298e-01,1.142417210869516725e-01,1.137854569448756292e-01,1.134125061432303683e-01,1.131233772681332350e-01,1.129184474418525735e-01,1.127979549481303995e-01,1.127620120453062397e-01,1.128105933204192335e-01,1.129435475975485992e-01,1.131606008190436941e-01,1.134613494049563076e-01,1.138452721349580143e-01,1.143117167467371520e-01,1.148599300214222518e-01,1.154890443351881818e-01,1.161980645042317295e-01,1.169858990097987911e-01,1.178513615713848162e-01,1.187931420298254936e-01,1.198098551734332606e-01,1.209000104559079247e-01,1.220620374113887824e-01,1.232942632945199790e-01,1.245949480156297723e-01,1.259622714697405943e-01,1.273943433782080414e-01,1.288891873635537866e-01,1.304447901362245088e-01,1.320590459812989725e-01,1.337298178133977666e-01,1.354549061181561653e-01,1.372320561013871953e-01,1.390589851040914537e-01,1.409333507349830317e-01,1.428527971774825323e-01,1.448149268226145980e-01,1.468172986374503830e-01,1.488574801536274306e-01,1.509329909551043736e-01,1.530413550528750000e-01,1.551800701376400970e-01,1.573466413441982625e-01,1.595385436563833970e-01,1.617532784662587542e-01,1.639883411246572942e-01,1.662412315008813257e-01,1.685094437745724982e-01,1.707905161173928210e-01,1.730819749665075680e-01,1.753813740835777901e-01,1.776862950848406841e-01,1.799943312596370970e-01,1.823031060095912093e-01,1.846102789679671119e-01,1.869135287077288987e-01,1.892105657679761799e-01,1.914991562700249506e-01,1.937770764982000016e-01,1.960421554262316568e-01,1.982922654991195743e-01,2.005253054253335054e-01,2.027392290854176105e-01,2.049320363311010196e-01,2.071017689619715496e-01,2.092464981839595728e-01,2.113643728348656436e-01,2.134535659707889610e-01,2.155123096921499060e-01,2.175388821797200611e-01,2.195316119530993093e-01,2.214888808448972068e-01,2.234091173798397334e-01,2.252907866846510787e-01,2.271324395781037786e-01,2.289326390392001920e-01,2.306900330150565281e-01,2.324032907486835720e-01,2.340711433433869948e-01,2.356923789165848160e-01,2.372658228084149057e-01,2.387903741377747358e-01,2.402649431977865735e-01,2.416885123605758690e-01,2.430601240749310221e-01,2.443788494210237250e-01,2.456438119205824333e-01,2.468541802728839996e-01,2.480091840593298957e-01,2.491080843843923864e-01,2.501502003475525870e-01,2.511348776677180261e-01,2.520615277354018025e-01,2.529296048941319097e-01,2.537385932036071989e-01,2.544880327808158871e-01,2.551775130426666149e-01,2.558066513431233591e-01,2.563751220407211595e-01,2.568826306083428213e-01,2.573289487764949812e-01,2.577138545161384298e-01,2.580372044395194409e-01,2.582988722161367878e-01,2.584988008915238833e-01,2.586369382952735108e-01,2.587133118624758699e-01,2.587279705250296602e-01,2.586810200649207747e-01,2.585725950094189818e-01,2.584028764008001189e-01,2.581721082527814737e-01,2.578805447842238974e-01,2.575285170745531538e-01,2.571163770263825699e-01,2.566445383503367372e-01,2.561134426218684701e-01,2.555235908719084015e-01,2.548755355434252357e-01,2.541698481999746795e-01,2.534071839074472643e-01,2.525882138487861028e-01,2.517136783167555070e-01,2.507843491531413505e-01,2.498010667791728534e-01,2.487646929668139995e-01,2.476761662236745543e-01,2.465364601051386328e-01,2.453466067324764077e-01,2.441076825229099301e-01,2.428208077695368783e-01,2.414871744777163931e-01,2.401080081560009183e-01,2.386845800534857232e-01,2.372182436204400280e-01,2.357103739953051724e-01,2.341624012571546232e-01,2.325758169448961521e-01,2.309521560473443424e-01,2.292930089603689159e-01,2.276000055833259927e-01,2.258748413241779551e-01,2.241192412603573436e-01,2.223350032544998134e-01,2.205239370395997434e-01,2.186879339819566281e-01,2.168289099858254909e-01,2.149488257456491913e-01,2.130496926320365469e-01,2.111335576428141625e-01,2.092025074259300510e-01,2.072586706435935733e-01,2.053041974719653495e-01,2.033413006669252121e-01,2.013721859324012209e-01,1.993991229935394849e-01,1.974243883777415665e-01,1.954502969558268299e-01,1.934791793497500356e-01,1.915133790458160012e-01,1.895552667280805403e-01,1.876072236804123550e-01,1.856716388559632169e-01,1.837509163214396668e-01,1.818474519257806954e-01,1.799636569517329976e-01,1.781019260321050901e-01,1.762646642911377681e-01,1.744542456675509667e-01,1.726730517260830211e-01,1.709234299399653434e-01,1.692077209381863678e-01,1.675282270472398249e-01,1.658872271921342234e-01,1.642869729816523738e-01,1.627296720420420006e-01,1.612174905226674559e-01,1.597525437042463525e-01,1.583369170942393045e-01
4.468321924185396088e-01,4.461813004585060694e-01,4.455766134955208013e-01,4.450186408480755196e-01,4.445079421453950186e-01,4.440451672755951207e-01,4.436310274379120511e-01,4.432662859647966691e-01,4.429518181995915627e-01,4.426885058997788169e-01,4.424773352021995065e-01,4.423193478556790015e-01,4.422156121568802667e-01,4.421672879449023430e-01,4.421755604663721306e-01,4.422416649955969170e-01,4.423668806892711025e-01,4.425525185506863357e-01,4.427999351943207595e-01,4.431104849929257683e-01,4.434855575848039577e-01,4.439265732654620877e-01,4.444349200073049455e-01,4.450120251764701496e-01,4.456593003592596025e-01,4.463781264321070030e-01,4.471699028234221163e-01,4.480359581817836556e-01,4.489776299798752812e-01,4.499961872616285996e-01,4.510928699881802117e-01,4.522688499827548503e-01,4.535252589066506301e-01,4.548631249772445706e-01,4.562834381180372323e-01,4.577870854941910594e-01,4.593748741636030641e-01,4.610474962847690983e-01,4.628055600067950137e-01,4.646495636145717700e-01,4.665798717740921031e-01,4.685967334480726776e-01,4.707002912202992162e-01,4.728905027107341841e-01,4.751672526275555475e-01,4.775302371576929383e-01,4.799789925582576555e-01,4.825129397418821964e-01,4.851313207058270405e-01,4.878332118085307867e-01,4.906175215198003148e-01,4.934830060144291264e-01,4.964282390979382065e-01,4.994516485295434349e-01,5.025514276892439902e-01,5.057256466749591173e-01,5.089721813326119060e-01,5.122887361385598526e-01,5.156728217598535169e-01,5.191217967801040611e-01,5.226328379771311150e-01,5.262029348111727511e-01,5.298289272613974088e-01,5.335074655819915801e-01,5.372350513149988238e-01,5.410080196539738262e-01,5.448225567464870522e-01,5.486746669994996273e-01,5.525602543780174791e-01,5.564750447098362196e-01,5.604146155408645802e-01,5.643744516232932495e-01,5.683499175971323814e-01,5.723362365975807053e-01,5.763285235069222079e-01,5.803218166847869952e-01,5.843110457291128546e-01,5.882910722332295173e-01,5.922566753940621265e-01,5.962025659289335033e-01,6.001234048064023607e-01,6.040138464356104020e-01,6.078684466105535034e-01,6.116817691589198080e-01,6.154483917646124125e-01,6.191628514156896079e-01,6.228197150891915390e-01,6.264135805908874755e-01,6.299390272245087852e-01,6.333907673472343181e-01,6.367634905546103452e-01,6.400519865143455833e-01,6.432511098988252796e-01,6.463558163818911018e-01,6.493611599637831855e-01,6.522622881938607842e-01,6.550545113869421510e-01,6.577332408157749999e-01,6.602940372918476575e-01,6.627325929463975251e-01,6.650448331727685236e-01,6.672267685053779873e-01,6.692746602713487425e-01,6.711849457789844653e-01,6.729542215863216770e-01,6.745793680808580550e-01,6.760574257544286203e-01,6.773856713965018539e-01,6.785616516670458509e-01,6.795830937494902191e-01,6.804480058820593369e-01,6.811546464557730607e-01,6.817015021409247311e-01,6.820873741900083109e-01,6.823112748401853889e-01,6.823725051671587494e-01,6.822706291977350679e-01,6.820055091349672693e-01,6.815772492859079046e-01,6.809862490331135554e-01,6.802331733615309961e-01,6.793189761652468350e-01,6.782448683461359540e-01,6.770123476841086729e-01,6.756231686906989387e-01,6.740793747877902309e-01,6.723832668146862979e-01,6.705373932404392612e-01,6.685445618921929123e-01,6.664078635649439697e-01,6.641305870012129686e-01,6.617162954363234872e-01,6.591687671195315401e-01,6.564920035728606384e-01,6.536902308334837652e-01,6.507678939393745088e-01,6.477296056884559450e-01,6.445801884291647577e-01,6.413246459231228824e-01,6.379681401583333633e-01,6.345160076779974290e-01,6.309736965103719397e-01,6.273468420166996573e-01,6.236411765517121397e-01,6.198624971916858462e-01,6.160167866206649467e-01,6.121100570633636329e-01,6.081484052083960812e-01,6.041379874932915062e-01,6.000849989938780160e-01,5.959956878290146864e-01,5.918762975757517752e-01,5.877330947071457423e-01,5.835723226763029903e-01,5.794002176067472032e-01,5.752229612575459061e-01,5.710467106576999630e-01,5.668775425924781342e-01,5.627214527159394297e-01,5.585843691926618559e-01,5.544720978564515734e-01,5.503903296373507947e-01,5.463446507710272293e-01,5.423404829913228697e-01,5.383831169220539836e-01,5.344776551906881279e-01,5.306290633503867316e-01,5.268420901259406319e-01,5.231213078599875610e-01,5.194710794858885539e-01,5.158955470463058024e-01,5.123986383538169376e-01,5.089840561425791332e-01,5.056552598516297348e-01,5.024154628306536363e-01,4.992676282943410149e-01,4.962144628530644197e-01,4.932584146673265613e-01,4.904016567176963104e-01,4.876461018491540234e-01,4.849933917593486354e-01,4.824448693243958419e-01,4.800016117238453672e-01,4.776644483426160104e-01,4.754338662643375901e-01,4.733101366628520434e-01,4.712931950456936692e-01,4.693827442839800246e-01,4.675782008312553972e-01,4.658786866786136516e-01,4.642830843018620479e-01,4.627900107274612873e-01,4.613978122646692492e-01,4.601045764945558281e-01,4.589081697083894906e-01,4.578061839038714553e-01,4.567960176104118308e-01,4.558748166935000512e-01,4.550395268536404081e-01,4.542868626694563927e-01,4.536133828252701394e-01,4.530154231911495688e-01,4.524891603959795838e-01,4.520306105323160795e-01,4.516356307162187056e-01,4.512999260304247362e-01,4.510190827573121175e-01,4.507885946073018624e-01,4.506038055407910470e-01,4.504599946686632106e-01,4.503523741376637690e-01,4.502760750587742056e-01,4.502261882119183989e-01,4.501977678544498152e-01,4.501858304203569805e-01,4.501854327411000112e-01,4.501915664542501250e-01,4.501993127909531545e-01,4.502037516946867934e-01,4.502000144344642241e-01,4.501832846472471616e-01,4.501488816639734880e-01,4.500921275700628943e-01,4.500085129016993535e-01,4.498936150152566538e-01,4.497431450082595705e-01,4.495529628119648291e-01,4.493190727738686219e-01,4.490376368652956307e-01,4.487050215947408494e-01,4.483177585544643184e-01,4.478725727236497756e-01,4.473664187110755752e-01,4.467964380521876055e-01,4.461600200211532918e-01,4.454547935653387913e-01,4.446785870335977497e-01,4.438295511837355711e-01,4.429060080492038809e-01,4.419065893014343382e-01,4.408301833686236737e-01,4.396759627854470165e-01,4.384433291835144741e-01,4.371319922720901530e-01,4.357419680696580921e-01,4.342734877639656821e-01,4.327271272411967740e-01,4.311036837932171184e-01,4.294043009481741668e-01,4.276303496970447759e-01,4.257834989462624398e-01,4.238657057607285727e-01,4.218791588358172251e-01,4.198263679530424564e-01,4.177100656941734047e-01,4.155332602883000104e-01,4.132991951349490045e-01,4.110113641153494979e-01,4.086735142448166824e-01,4.062896091732899340e-01,4.038638272236687587e-01,4.014005687667156486e-01,3.989044307591499972e-01,3.963801766151022754e-01,3.938327946747988695e-01,3.912674171542630530e-01,3.886893188379099140e-01,3.861039547217201551e-01,3.835168920462659337e-01,3.809337996229915091e-01,3.783604924671669645e-01,3.758028409328251218e-01,3.732668092433144569e-01,3.707584235958815699e-01,3.682837546001546669e-01,3.658489173914263870e-01,3.634600571275442005e-01,3.611232852344998800e-01,3.588447447634666720e-01,3.566305342094407416e-01,3.544867351719128701e-01,3.524193358651953600e-01,3.504342908589236916e-01,3.485374613498092300e-01,3.467346182111175623e-01,3.450314099525714218e-01,3.434333504792663194e-01,3.419458559386817087e-01,3.405741309539243589e-01,3.393232680813329516e-01,3.381981616766620569e-01,3.372035046327864216e-01,3.363437976113365924e-01,3.356233243976201597e-01,3.350461506784283006e-01,3.346161001837040794e-01,3.343367442923151356e-01,3.342114108975340336e-01,3.342431638154454987e-01,3.344347834077766590e-01,3.347887862474355214e-01,3.353073806603925622e-01,3.359925143945353687e-01,3.368457917585432893e-01,3.378685403409110166e-01,3.390617777840329028e-01,3.404262054969675044e-01,3.419622307228444846e-01,3.436698899915537342e-01,3.455489486663385068e-01,3.475988405101331780e-01,3.498186703964583644e-01,3.522072311393997790e-01,3.547630000291678853e-01,3.574841284584428514e-01,3.603684470667237738e-01,3.634135241058777388e-01,3.666165679910938779e-01,3.699744904875535423e-01,3.734839532789365757e-01,3.771412785624987385e-01,3.809425462004419893e-01,3.848835281680116904e-01,3.889597484039849506e-01,3.931664641006891170e-01,3.974987078400164520e-01,4.019512229251261948e-01,4.065185749698780326e-01,4.111950952729543363e-01,4.159748953406172123e-01,4.208518957099544600e-01,4.258198410903000219e-01,4.308723047446014198e-01,4.360027067410618407e-01,4.412043084968017004e-01,4.464702403628417748e-01,4.517935397587237167e-01,4.571671131281256906e-01,4.625837763341793529e-01,4.680362972836407121e-01,4.735173657410705061e-01,4.790196074262109693e-01,4.845356391994549705e-01,4.900580775349429041e-01,4.955794728815428596e-01,5.010924634054629845e-01,5.065896592331653459e-01,5.120637186184175960e-01,5.175073816687212336e-01,5.229134392097639639e-01,5.282747370973656098e-01,5.335842623191193734e-01,5.388350913394974739e-01,5.440204247694238049e-01,5.491335757396479389e-01,5.541680274181418620e-01,5.591174284506663650e-01,5.639755656797896810e-01,5.687364347088440519e-01,5.733942035439900664e-01,5.779432729012322634e-01,5.823781991786277645e-01,5.866938115297031242e-01,5.908851359916430512e-01,5.949474463217350184e-01,5.988762553790298870e-01,6.026673469458769805e-01,6.063167277947981715e-01,6.098206877732372799e-01,6.131757784140279277e-01,6.163788016845042073e-01,6.194268963569525832e-01,6.223174173196234227e-01,6.250480117882607489e-01,6.276166500346999078e-01,6.300215039644505577e-01,6.322611264658425378e-01,6.343342965822793555e-01,6.362400756821403602e-01,6.379778251390607613e-01,6.395472081302547851e-01,6.409480901002072573e-01,6.421806979606619059e-01,6.432454697556185819e-01,6.441431450445087581e-01,6.448746901324439174e-01,6.454413708097506142e-01,6.458446540151859816e-01,6.460862988206893531e-01,6.461682599177419606e-01,6.460927526192308257e-01,6.458622083571724515e-01,6.454792538105265098e-01,6.449467333397761459e-01,6.442676967151291789e-01,6.434453533414924431e-01,6.424831463548735799e-01,6.413846224525844297e-01,6.401535166740931482e-01,6.387937212161651779e-01,6.373092566634933620e-01,6.357042607395445577e-01,6.339830031515061304e-01,6.321498425186589110e-01,6.302092413561947160e-01,6.281657746157469635e-01,6.260240365661866591e-01,6.237887089821687603e-01,6.214645314799448483e-01,6.190562757399323823e-01,6.165687505220345255e-01,6.140067723159257085e-01,6.113751730460194045e-01,6.086787861493671015e-01,6.059224197769832454e-01,6.031108601803555347e-01,6.002488935019413274e-01,5.973412412285425965e-01,5.943925509624954362e-01,5.914074449415070989e-01,5.883904928107653864e-01,5.853461589639732399e-01,5.822788261137754606e-01,5.791927713167820402e-01,5.760922565133838047e-01,5.729813189157408893e-01,5.698639902413593639e-01
2.880432692487652213e-01,2.867563057205115284e-01,2.855134918961367285e-01,2.843148214999321466e-01,2.831601663150786208e-01,2.820493156069733831e-01,2.809819197498356624e-01,2.799575453927629076e-01,2.789756369251049639e-01,2.780355927995064036e-01,2.771366558284864001e-01,2.762780342092654440e-01,2.754588268259756667e-01,2.746780625887139671e-01,2.739347133879163620e-01,2.732276568687717067e-01,2.725557364684167427e-01,2.719177261472544571e-01,2.713123600202395624e-01,2.707383232729781986e-01,2.701942725373104870e-01,2.696788240291753680e-01,2.691905636899153409e-01,2.687280912429365065e-01,2.682899516187833844e-01,2.678747133922748658e-01,2.674809382091706267e-01,2.671071886329040579e-01,2.667520397347813987e-01,2.664140907327343655e-01,2.660919637321710329e-01,2.657843056235573709e-01,2.654898023128821061e-01,2.652071822321462324e-01,2.649352129945110601e-01,2.646727209162305083e-01,2.644185823572538507e-01,2.641717360669579850e-01,2.639311921945466377e-01,2.636960196869272410e-01,2.634653633523493244e-01,2.632384537120338042e-01,2.630145836834271167e-01,2.627931523537437863e-01,2.625736196724220428e-01,2.623555603437837114e-01,2.621386136736146844e-01,2.619225293537418842e-01,2.617071450662868948e-01,2.614923866588717005e-01,2.612782931254707952e-01,2.610649886685269538e-01,2.608526931950471694e-01,2.606417231621367958e-01,2.604324939712416298e-01,2.602255220888531340e-01,2.600214032163088440e-01,2.598208353186710617e-01,2.596246135549031830e-01,2.594336010111815694e-01,2.592487694627661488e-01,2.590711511637971420e-01,2.589018802127556196e-01,2.587421645436459028e-01,2.585932607402929295e-01,2.584565197018311444e-01,2.583333533508135327e-01,2.582252272342751565e-01,2.581336666988161554e-01,2.580602419693452387e-01,2.580065842042858493e-01,2.579743491441969239e-01,2.579652322608566029e-01,2.579809534901951751e-01,2.580232817575594528e-01,2.580939505141305323e-01,2.581947682794540899e-01,2.583275022778039887e-01,2.584939506061232906e-01,2.586958646012006979e-01,2.589350248542005017e-01,2.592131707229261006e-01,2.595320065563131440e-01,2.598932419440920238e-01,2.602985013159951344e-01,2.607493938494734875e-01,2.612474714317892799e-01,2.617942227951324252e-01,2.623910864781376362e-01,2.630394163779344874e-01,2.637405120651973300e-01,2.644955704292237253e-01,2.653057260634285597e-01,2.661720163596808519e-01,2.670953701077121156e-01,2.680766289254324919e-01,2.691165395795534487e-01,2.702157157375946750e-01,2.713746968629513479e-01,2.725938729375422809e-01,2.738735250363296680e-01,2.752138129107158937e-01,2.766147888720191239e-01,2.780763495405026986e-01,2.795982855540096179e-01,2.811802496442856181e-01,2.828217737600738357e-01,2.845222258206444588e-01,2.862808812215505427e-01,2.880968522943820331e-01,2.899691397617015776e-01,2.918965986494584386e-01,2.938779637082568064e-01,2.959118165320915317e-01,2.979966409662814786e-01,3.001307676795250678e-01,3.023124311003081433e-01,3.045397136731453624e-01,3.068106081938339891e-01,3.091229596357388254e-01,3.114745444109195405e-01,3.138629974542005430e-01,3.162858464919747203e-01,3.187405564269313318e-01,3.212244854139758576e-01,3.237348802780968260e-01,3.262689368233733789e-01,3.288237577431060155e-01,3.313963728735697667e-01,3.339837650758875065e-01,3.365828462325745618e-01,3.391904779804059689e-01,3.418034867846040381e-01,3.444186460940109606e-01,3.470327271459903162e-01,3.496424466917569807e-01,3.522445336196015631e-01,3.548356888701731937e-01,3.574126404108834421e-01,3.599720841710565278e-01,3.625107670308181373e-01,3.650254436548030501e-01,3.675128988980790878e-01,3.699699679538466235e-01,3.723935093591046464e-01,3.747804664143441489e-01,3.771278160011884428e-01,3.794326112266279138e-01,3.816919824214684565e-01,3.839031449268562324e-01,3.860634079684511777e-01,3.881701602102430870e-01,3.902208881845095068e-01,3.922132150118345373e-01,3.941448527610769137e-01,3.960136583073243788e-01,3.978175797797288693e-01,3.995547194345172581e-01,4.012233033571006025e-01,4.028217063782674745e-01,4.043484466949214817e-01,4.058021793021968637e-01,4.071817103927673487e-01,4.084860240040089074e-01,4.097142225603927490e-01,4.108655936526099395e-01,4.119395840484554316e-01,4.129357860793863022e-01,4.138539838947609684e-01,4.146940909339404957e-01,4.154562027429763993e-01,4.161405890983155831e-01,4.167476723985230058e-01,4.172780194761639971e-01,4.177323960511724055e-01,4.181116904719467398e-01,4.184169893152402953e-01,4.186494846248070556e-01,4.188105547641176041e-01,4.189017185223035122e-01,4.189246271259935983e-01,4.188810943463064929e-01,4.187730518112344757e-01,4.186025660372827972e-01,4.183718134649033193e-01,4.180831392462671658e-01,4.177389471317731195e-01,4.173417875664405807e-01,4.168942837001978208e-01,4.163991746706548480e-01,4.158592849952993942e-01,4.152775006526294721e-01,4.146568026816905284e-01,4.140002332847129152e-01,4.133108981878542143e-01,4.125919316789077307e-01,4.118465247768391402e-01,4.110779029373817783e-01,4.102893126496278131e-01,4.094840206079535805e-01,4.086653070314277270e-01,4.078364295761346403e-01,4.070006728812977093e-01,4.061612761923011350e-01,4.053214536542333324e-01,4.044844110826362193e-01,4.036532892218682167e-01,4.028311830793133708e-01,4.020211286451544908e-01,4.012261143296720900e-01,4.004490078123165153e-01,3.996926559658501854e-01,3.989597706567552526e-01,3.982529973595780870e-01,3.975748414149775645e-01,3.969277427633320365e-01,3.963139934807886622e-01,3.957357784350269969e-01,3.951951414387798178e-01,3.946940082935276317e-01,3.942341640210531017e-01,3.938172253144540669e-01,3.934446992001112142e-01,3.931179118364729885e-01,3.928380500156676280e-01,3.926061280548825971e-01,3.924230196926144498e-01,3.922894160996985291e-01,3.922058443329003996e-01,3.921726761667996275e-01,3.921900969042521057e-01,3.922581439715761564e-01,3.923766674920658448e-01,3.925453652790080183e-01,3.927637563301704104e-01,3.930311860380563127e-01,3.933468448485271662e-01,3.937097643202493447e-01,3.941188064399467339e-01,3.945726649649805573e-01,3.950699127306071534e-01,3.956089263286598490e-01,3.961879753470834986e-01,3.968051584387511377e-01,3.974584519807960459e-01,3.981457006532056475e-01,3.988646250263963022e-01,3.996127977934849640e-01,4.003877119897789605e-01,4.011867448255745372e-01,4.020071553898465488e-01,4.028461240332801840e-01,4.037007475737466877e-01,4.045680385444981875e-01,4.054449245604130891e-01,4.063283096579468623e-01,4.072150121966566783e-01,4.081018054724348532e-01,4.089854375184024948e-01,4.098626266869427881e-01,4.107300820436695643e-01,4.115844659043207954e-01,4.124224908081748908e-01,4.132408358340978194e-01,4.140362171532649405e-01,4.148053533530753345e-01,4.155450388848342946e-01,4.162520792386037449e-01,4.169233510665181219e-01,4.175557666850073235e-01,4.181463335165332973e-01,4.186921165522591304e-01,4.191902883761042808e-01,4.196380942084563248e-01,4.200329079392550735e-01,4.203721827952728307e-01,4.206535144692951644e-01,4.208745875155507354e-01,4.210332683108521379e-01,4.211275111739345989e-01,4.211554342207268764e-01,4.211153190529877688e-01,4.210055809202716270e-01,4.208247922946064534e-01,4.205717037361387245e-01,4.202452056765884625e-01,4.198444109189138351e-01,4.193685391164411191e-01,4.188170711328516038e-01,4.181895777952807647e-01,4.174858732524789895e-01,4.167059385823624340e-01,4.158499329320097804e-01,4.149181973205920415e-01,4.139112920623538860e-01,4.128299067409886836e-01,4.116749700548193447e-01,4.104475523408443460e-01,4.091489206632653031e-01,4.077805246215174817e-01,4.063440018712630164e-01,4.048411369125913817e-01,4.032738893779885814e-01,4.016444031677386395e-01,3.999549666556849736e-01,3.982080277864643580e-01,3.964061919485664109e-01,3.945522130890871670e-01,3.926489522493289974e-01,3.906994545059687685e-01,3.887068643763805786e-01,3.866744403679773234e-01,3.846055619122518143e-01,3.825037119790045126e-01,3.803724714223426506e-01,3.782155104581299554e-01,3.760365705011758375e-01,3.738394846831654683e-01,3.716281259534326975e-01,3.694064304074891059e-01,3.671783821516714785e-01,3.649479996130381432e-01,3.627193254657856136e-01,3.604964037742068861e-01,3.582833143367479822e-01,3.560841239309921469e-01,3.539028644608782637e-01,3.517435752635192370e-01,3.496102538589151987e-01,3.475068458226617252e-01,3.454372770978821339e-01,3.434053715687983566e-01,3.414149201223047880e-01,3.394696254422954751e-01,3.375730855700247446e-01,3.357288322810297876e-01,3.339402723506140203e-01,3.322107093754133600e-01,3.305433355287498709e-01,3.289412071379536617e-01,3.274072304366590913e-01,3.259442004293564010e-01,3.245547433150544059e-01,3.232413350898509785e-01,3.220062934451550785e-01,3.208517790346368526e-01,3.197797453480054619e-01,3.187920312612574358e-01,3.178902269558800397e-01,3.170757896866701619e-01,3.163499659930202879e-01,3.157138138358496771e-01,3.151681988046369787e-01,3.147137879308889441e-01,3.143510605363416532e-01,3.140802901726560403e-01,3.139015445572573282e-01,3.138147082956265765e-01,3.138194514161413706e-01,3.139152436874553809e-01,3.141013840039193483e-01,3.143769397128407528e-01,3.147408122722239465e-01,3.151916885918979450e-01,3.157280888150084674e-01,3.163483309755285577e-01,3.170505629997197317e-01,3.178327529743023017e-01,3.186926914986443760e-01,3.196280164233101240e-01,3.206361857593633680e-01,3.217145196840289212e-01,3.228601802582754532e-01,3.240701748273546734e-01,3.253414021410599433e-01,3.266706150271019293e-01,3.280544396441662514e-01,3.294894032152766439e-01,3.309719182559255346e-01,3.324983006274736530e-01,3.340647891008628467e-01,3.356675149518639767e-01,3.373025882043588775e-01,3.389659928423631174e-01,3.406537090622217545e-01,3.423616438435120313e-01,3.440856951145913611e-01,3.458217167020420368e-01,3.475655426851543828e-01,3.493130177998849950e-01,3.510599815856502159e-01,3.528022770909122752e-01,3.545357804111144984e-01,3.562563927719882839e-01,3.579600615015716691e-01,3.596427681205979221e-01,3.613005642429037434e-01,3.629295650725215538e-01,3.645259407266459584e-01,3.660859769267230668e-01,3.676060442233405334e-01,3.690825767774323918e-01,3.705121362234541360e-01,3.718914244306518180e-01,3.732172142683570781e-01,3.744864370888670857e-01,3.756961553156217271e-01,3.768435426996250004e-01,3.779259497906195531e-01,3.789408661586816662e-01,3.798859203267945794e-01,3.807589185445266478e-01,3.815578220775524554e-01,3.822807524738970897e-01,3.829260053516658768e-01,3.834920399232046861e-01,3.839775108378087332e-01,3.843812416087442063e-01,3.847022062750418137e-01,3.849395833897865105e-01,3.850927318802935262e-01,3.851611833382977967e-01,3.851446369639717759e-01,3.850429755834721690e-01,3.848562847983941215e-01,3.845847950028385975e-01,3.842289071240465592e-01
1.569631109568727645e-01,1.553864768906550731e-01,1.539269024747421388e-01,1.525864859453197886e-01,1.513671210746614926e-01,1.502704788263140023e-01,1.492980237567584911e-01,1.484509995246270642e-01,1.477304249680685133e-01,1.471370969645678928e-01,1.466715866993407724e-01,1.463342289434501620e-01,1.461251461503607907e-01,1.460442212668368045e-01,1.460911088917427603e-01,1.462652344767517987e-01,1.465658100944683406e-01,1.469918033495172249e-01,1.475419584640814408e-01,1.482148125127991933e-01,1.490086685929688792e-01,1.499216283339508404e-01,1.509515620835382710e-01,1.520961498088681807e-01,1.533528555063096155e-01,1.547189514023515899e-01,1.561915110661304118e-01,1.577674240922129212e-01,1.594433909298166863e-01,1.612159431754673633e-01,1.630814453375882822e-01,1.650360901737978336e-01,1.670759271843949567e-01,1.691968483825246061e-01,1.713946183475303087e-01,1.736648631839833312e-01,1.760030908408508343e-01,1.784046952357057625e-01,1.808649693348799437e-01,1.833791075309787189e-01,1.859422193735838502e-01,1.885493376905348073e-01,1.911954411916282348e-01,1.938754374406096437e-01,1.965841911612800086e-01,1.993165335622083534e-01,2.020672761200082990e-01,2.048312006507977678e-01,2.076031005496303261e-01,2.103777586577841863e-01,2.131499782975814217e-01,2.159145902007779116e-01,2.186664626164617764e-01,2.214004900703218925e-01,2.241116412588881335e-01,2.267949517066600029e-01,2.294455055985528680e-01,2.320585065412477388e-01,2.346292035829974365e-01,2.371529969984652597e-01,2.396253675843875441e-01,2.420419161653021012e-01,2.443983821118476396e-01,2.466906328547349148e-01,2.489146668135610307e-01,2.510666563757285030e-01,2.531429082222961813e-01,2.551399112669562319e-01,2.570543082162551896e-01,2.588829249248551512e-01,2.606227744205365515e-01,2.622710386267445570e-01,2.638251068140139988e-01,2.652825648218991583e-01,2.666411824270035202e-01,2.678989524523556764e-01,2.690540593621443821e-01,2.701048985542803260e-01,2.710500835969571476e-01,2.718884427590546604e-01,2.726190054708004240e-01,2.732410265733272170e-01,2.737539878362216239e-01,2.741575558625259368e-01,2.744516438972658401e-01,2.746363726315180775e-01,2.747120590895288927e-01,2.746792472655998352e-01,2.745386965125526935e-01,2.742913645546377066e-01,2.739384100750142936e-01,2.734812034332693154e-01,2.729212991140055333e-01,2.722604566368277412e-01,2.715006166268949528e-01,2.706439151087415840e-01,2.696926460773572121e-01,2.686492944128107130e-01,2.675165084646687896e-01,2.662970933122383865e-01,2.649940037155336658e-01,2.636103557912202189e-01,2.621494067920775439e-01,2.606145340402404309e-01,2.590092450865862372e-01,2.573371613158070281e-01,2.556020406501464670e-01,2.538077010641511810e-01,2.519580938401133618e-01,2.500572339043889980e-01,2.481092197174948888e-01,2.461182199906890855e-01,2.440884560908941070e-01,2.420242083216622986e-01,2.399298012214926834e-01,2.378095818047969712e-01,2.356679313070701998e-01,2.335092447000977345e-01,2.313379252564917443e-01,2.291583737326411685e-01,2.269749755067782815e-01,2.247921152679771273e-01,2.226141207321969961e-01,2.204453171879588724e-01,2.182899615296494400e-01,2.161522700411622200e-01,2.140363998667206280e-01,2.119464346393115373e-01,2.098863852674138220e-01,2.078601945735127632e-01,2.058716926196966779e-01,2.039246340945540248e-01,2.020226565993760992e-01,2.001693014212692634e-01,1.983679828584998805e-01,1.966220072615525449e-01,1.949345541788141400e-01,1.933086547659794707e-01,1.917472346446143783e-01,1.902530537181078008e-01,1.888287400253560178e-01,1.874767728351572904e-01,1.861994751991449815e-01,1.849990214672420641e-01,1.838774360710381250e-01,1.828365610632047000e-01,1.818780969912561496e-01,1.810035734647567063e-01,1.802143653603396345e-01,1.795116670473250187e-01,1.788965230565051356e-01,1.783697890045478907e-01,1.779321782602189816e-01,1.775842248023052072e-01,1.773263010815625540e-01,1.771586243359917767e-01,1.770812320158784425e-01,1.770940039897655471e-01,1.771966746422111716e-01,1.773888116701378970e-01,1.776698239364787602e-01,1.780389888515227781e-01,1.784954151845659642e-01,1.790380728060755322e-01,1.796657967631610231e-01,1.803772823328943786e-01,1.811710899078539105e-01,1.820456559693777177e-01,1.829992859134254024e-01,1.840301706887271793e-01,1.851363898934909602e-01,1.863159154484003432e-01,1.875666056966205919e-01,1.888862227703705099e-01,1.902724523149156022e-01,1.917228719812150983e-01,1.932349858160555822e-01,1.948062258075435593e-01,1.964339564350348899e-01,1.981154607332727968e-01,1.998479874507769205e-01,2.016287198667687519e-01,2.034547916898232500e-01,2.053233093492782269e-01,2.072313314478692881e-01,2.091759015355854345e-01,2.111540353227291389e-01,2.131627231120818144e-01,2.151989588479293891e-01,2.172597249475300141e-01,2.193420010818227517e-01,2.214427762407807920e-01,2.235590534188591216e-01,2.256878487595061489e-01,2.278261941228925391e-01,2.299711584289492738e-01,2.321198389314909905e-01,2.342693657022706377e-01,2.364169100903443232e-01,2.385596863299014880e-01,2.406949622956562618e-01,2.428200542373544213e-01,2.449323314111112315e-01,2.470292349675831667e-01,2.491082551449410043e-01,2.511669561545154528e-01,2.532029718231560977e-01,2.552139970610233233e-01,2.571978179271894316e-01,2.591522810209179739e-01,2.610753248895968937e-01,2.629649570115319968e-01,2.648192705888245402e-01,2.666364374092564105e-01,2.684147273479833284e-01,2.701524818800201122e-01,2.718481367515471203e-01,2.735002051005166468e-01,2.751073038814329519e-01,2.766681089957331863e-01,2.781814149274113857e-01,2.796460741512861725e-01,2.810610607073693590e-01,2.824253863145300691e-01,2.837381946522343212e-01,2.849986933685778601e-01,2.862061643996327009e-01,2.873599972165344352e-01,2.884596264087453954e-01,2.895045942310677800e-01,2.904945122153753667e-01,2.914290751052469597e-01,2.923080350262882154e-01,2.931312299824713752e-01,2.938985706780922191e-01,2.946100222371155208e-01,2.952656253472045744e-01,2.958654879408850746e-01,2.964097812124127374e-01,2.968987191510152890e-01,2.973325894980858863e-01,2.977117352948894236e-01,2.980365441413899141e-01,2.983074672796039439e-01,2.985249936547214045e-01,2.986896512587161601e-01,2.988020290980998861e-01,2.988627421104839699e-01,2.988724634346396902e-01,2.988318730688506175e-01,2.987417299728907794e-01,2.986027856980407180e-01,2.984158434167422103e-01,2.981817175632250350e-01,2.979012795808395064e-01,2.975753932159145854e-01,2.972049682196362119e-01,2.967909313742640443e-01,2.963342107470420261e-01,2.958357912441633708e-01,2.952966382895108044e-01,2.947177514641738383e-01,2.941001393892958005e-01,2.934448270601802133e-01,2.927528564628796848e-01,2.920252597869761324e-01,2.912631118862274993e-01,2.904674688945997341e-01,2.896394290109088887e-01,2.887800568608969165e-01,2.878904538618703435e-01,2.869717273193235219e-01,2.860249866514561479e-01,2.850513417328862653e-01,2.840519242180921111e-01,2.830278696823487206e-01,2.819802999833390666e-01,2.809103764552363103e-01,2.798192495081845421e-01,2.787080782996947392e-01,2.775780237245972226e-01,2.764302661972771191e-01,2.752659918631861213e-01,2.740863865221844220e-01,2.728926656238279680e-01,2.716860172373559146e-01,2.704676756508609392e-01,2.692388715611795380e-01,2.680008402783319865e-01,2.667548258854411380e-01,2.655021038527981547e-01,2.642439317848420677e-01,2.629816038002476541e-01,2.617164161595256777e-01,2.604496809207754726e-01,2.591827109099340554e-01,2.579168510573063844e-01,2.566534334534189554e-01,2.553938357925346070e-01,2.541394125674170112e-01,2.528915647746909912e-01,2.516516761979231687e-01,2.504211710492797449e-01,2.492014565729888109e-01,2.479939718593781317e-01,2.468001517469319006e-01,2.456214611284370519e-01,2.444593484797815131e-01,2.433153056190650310e-01,2.421907899334517777e-01,2.410872864157959095e-01,2.400062965936000936e-01,2.389493009062992057e-01,2.379178004002053259e-01,2.369132875524310455e-01,2.359372611022242106e-01,2.349912014147207961e-01,2.340766024759407538e-01,2.331949473853362764e-01,2.323476969179606166e-01,2.315363173785186801e-01,2.307622484694769327e-01,2.300269350657714595e-01,2.293317692975334887e-01,2.286781488062857859e-01,2.280674401045737210e-01,2.275009804813268588e-01,2.269800837626025913e-01,2.265060236509085223e-01,2.260800471079845997e-01,2.257033537035087467e-01,2.253770974575282915e-01,2.251024103602113635e-01,2.248803534904743606e-01,2.247119422016033430e-01,2.245981479599496455e-01,2.245398720073466525e-01,2.245379624867039070e-01,2.245931942126248582e-01,2.247062929523909180e-01,2.248778942138655590e-01,2.251085767188646947e-01,2.253988253815119580e-01,2.257490695801072644e-01,2.261596313443113015e-01,2.266307728893482976e-01,2.271626385201935827e-01,2.277553126027540009e-01,2.284087755457964997e-01,2.291229031284986173e-01,2.298974861854813090e-01,2.307322169795131828e-01,2.316266709051920114e-01,2.325803416080897135e-01,2.335926060840773089e-01,2.346627339844582771e-01,2.357898967292622328e-01,2.369731456358869781e-01,2.382114380021516931e-01,2.395036140588788498e-01,2.408483883434636430e-01,2.422444008056409415e-01,2.436901489705393109e-01,2.451840357682702753e-01,2.467243506398592578e-01,2.483092753638164729e-01,2.499368947621046777e-01,2.516051700282777581e-01,2.533119677848814644e-01,2.550550419636881672e-01,2.568320639819942630e-01,2.586405977718581051e-01,2.604780983060568933e-01,2.623419557711081374e-01,2.642294399469952149e-01,2.661377646114676532e-01,2.680640198916132699e-01,2.700052614799798301e-01,2.719584395826770695e-01,2.739204488224661338e-01,2.758881075126937699e-01,2.778581750591413435e-01,2.798273487927739334e-01,2.817922943200708574e-01,2.837496039226570788e-01,2.856958505699614959e-01,2.876275577100073644e-01,2.895412392303006177e-01,2.914333506127776974e-01,2.933003662390805122e-01,2.951387231760916330e-01,2.969448802595171522e-01,2.987152782091543890e-01,3.004463666626540075e-01,3.021346251876775302e-01,3.037765467836796573e-01,3.053686520838295726e-01,3.069075087513010169e-01,3.083897092325146860e-01,3.098119139176238046e-01,3.111708306816607927e-01,3.124632374821667558e-01,3.136859749210495485e-01,3.148359776202556137e-01,3.159102482938645484e-01,3.169058864901238559e-01,3.178200938663977015e-01,3.186501722165235306e-01,3.193935334388272596e-01,3.200477106911294722e-01,3.206103676078753684e-01,3.210792722992742432e-01,3.214523605706037235e-01,3.217276833254508195e-01,3.219034500618244143e-01,3.219780121046115773e-01,3.219498880749540048e-01,3.218177438252557976e-01,3.215804311467151400e-01,3.212369318962700615e-01,3.207864430545355194e-01,3.202283157578254547e-01,3.195620787509907412e-01,3.187874493803922737e-01,3.179043219388289487e-01,3.169127810330472639e-01,3.158131011732263627e-01
6.369948287905209672e-02,6.358415980557395597e-02,6.346664361216067252e-02,6.334723911604074609e-02,6.322624622303339714e-02,6.310396877308220576e-02,6.298071016860874727e-02,6.285677373987340333e-02,6.273245745145177021e-02,6.260806028025253656e-02,6.248387399025395056e-02,6.236018863369239412e-02,6.223728551049419189e-02,6.211544389305394265e-02,6.199493322157570430e-02,6.187601634494015179e-02,6.175894598349896542e-02,6.164396636215005443e-02,6.153131301106361944e-02,6.142120877666910200e-02,6.131386445608866254e-02,6.120948388437591481e-02,6.110825372346962575e-02,6.101034565139598631e-02,6.091592575652379771e-02,6.082514005800675888e-02,6.073811942987576706e-02,6.065498652186910450e-02,6.057584236134365419e-02,6.050077530383300012e-02,6.042985936905922312e-02,6.036315010921569635e-02,6.030068743752522997e-02,6.024250268306996503e-02,6.018859866047276269e-02,6.013897243628485434e-02,6.009360120351644324e-02,6.005244789255591992e-02,6.001545954116999787e-02,5.998256438555707448e-02,5.995368032966585936e-02,5.992870753538397099e-02,5.990753509920171416e-02,5.989003369342588839e-02,5.987606017457675067e-02,5.986546601953596225e-02,5.985807827516737012e-02,5.985371972123467582e-02,5.985220016648391123e-02,5.985331637798115001e-02,5.985685622489828051e-02,5.986259897953090381e-02,5.987031158512852447e-02,5.987975532917337584e-02,5.989068351429651521e-02,5.990284210050978581e-02,5.991597285256394095e-02,5.992980819919644514e-02,5.994408204623079273e-02,5.995851767775244034e-02,5.997284380831015282e-02,5.998678183402739866e-02,6.000005254465416715e-02,6.001238074130647859e-02,6.002348689914862451e-02,6.003309608615998993e-02,6.004093657488977082e-02,6.004673457098295281e-02,6.005022845806250870e-02,6.005115825034588323e-02,6.004926773434538650e-02,6.004430916645842747e-02,6.003604277144613394e-02,6.002423652813593941e-02,6.000866503193265367e-02,5.998911821715052772e-02,5.996539152903428843e-02,5.993729173683830236e-02,5.990464157289394909e-02,5.986726753042472676e-02,5.982501889783008175e-02,5.977774896476981820e-02,5.972533135036478535e-02,5.966765092198139664e-02,5.960460940418742942e-02,5.953611819377518932e-02,5.946210978117969642e-02,5.938252590810604026e-02,5.929733378042996439e-02,5.920650427050128117e-02,5.911003334472267334e-02,5.900792842448403241e-02,5.890021494919941980e-02,5.878693058298162938e-02,5.866813611406176271e-02,5.854390115434861958e-02,5.841431451416632253e-02,5.827947828346771719e-02,5.813951217058820065e-02,5.799454765087053848e-02,5.784473294699994661e-02,5.769022866417996415e-02,5.753121268526228266e-02,5.736786991287248089e-02,5.720040207035154145e-02,5.702902099061453456e-02,5.685395445053297719e-02,5.667543369194486674e-02,5.649370430959592404e-02,5.630901973544445022e-02,5.612164471507696123e-02,5.593184854386512583e-02,5.573990977882691683e-02,5.554611219637273223e-02,5.535074383888252680e-02,5.515409941081078626e-02,5.495647615798009838e-02,5.475817489580167563e-02,5.455949787942383777e-02,5.436074774567398876e-02,5.416222606686831031e-02,5.396423699393695927e-02,5.376707924328520682e-02,5.357105045714646852e-02,5.337644607949384307e-02,5.318355311365072224e-02,5.299265696828427824e-02,5.280403277413982938e-02,5.261795188037031445e-02,5.243467580252592769e-02,5.225445785258502063e-02,5.207753947636579311e-02,5.190415420554077286e-02,5.173452232320401023e-02,5.156885450971853552e-02,5.140734327774426626e-02,5.125017378902132353e-02,5.109751437774926602e-02,5.094951669440465902e-02,5.080632091926585298e-02,5.066804879490813956e-02,5.053480499035226114e-02,5.040668171970849598e-02,5.028374896336771510e-02,5.016606299037691674e-02,5.005365966324662463e-02,4.994655924814858650e-02,4.984476175932108649e-02,4.974824983624163283e-02,4.965698667397976801e-02,4.957092023845459383e-02,4.948997585669021038e-02,4.941406305695460882e-02,4.934307341181625589e-02,4.927687929148488744e-02,4.921533553756723967e-02,4.915827939556718235e-02,4.910553076374672005e-02,4.905689515236361792e-02,4.901215738595656596e-02,4.897109093068054836e-02,4.893344992486369643e-02,4.889897791766241453e-02,4.886740011078905682e-02,4.883843295592478484e-02,4.881177590260893373e-02,4.878711873573249314e-02,4.876414148479875366e-02,4.874251114656397155e-02,4.872188598726864828e-02,4.870191730002705610e-02,4.868224945370019929e-02,4.866251519908624396e-02,4.864234980650243567e-02,4.862137849538912537e-02,4.859922250186569231e-02,4.857550368100061605e-02,4.854984149300325263e-02,4.852185626648346239e-02,4.849116583483130405e-02,4.845739363644931824e-02,4.842016436467889290e-02,4.837910936200154333e-02,4.833386136153297596e-02,4.828406204585133921e-02,4.822936233329407768e-02,4.816941732000772081e-02,4.810389567430511937e-02,4.803247639635795097e-02,4.795484682482890892e-02,4.787071181991727625e-02,4.777978822374032847e-02,4.768180646879570384e-02,4.757651384288053703e-02,4.746367762139638152e-02,4.734307475003125126e-02,4.721450484750177451e-02,4.707779108415337255e-02,4.693276948852586478e-02,4.677929982047074331e-02,4.661726451367388668e-02,4.644656383881205081e-02,4.626712345204393728e-02,4.607889151091369012e-02,4.588184042925329276e-02,4.567596166998773993e-02,4.546127701440795532e-02,4.523783012328370934e-02,4.500568450455281339e-02,4.476493672487569936e-02,4.451570352817034448e-02,4.425812611306035455e-02,4.399237237887681368e-02,4.371863259680552199e-02,4.343712220411530267e-02,4.314808279530693569e-02,4.285177938884848770e-02,4.254849883981860065e-02,4.223855340448645634e-02,4.192227607693729124e-02,4.160002338807113759e-02,4.127217576868176530e-02,4.093912953586092973e-02,4.060130523995127139e-02,4.025914395536248080e-02,3.991310041574924056e-02,3.956365166279846718e-02,3.921129204728690532e-02,3.885653056889828982e-02,3.849988795968215666e-02,3.814190831446026553e-02,3.778313939745001071e-02,3.742414359440411620e-02,3.706549429009517449e-02,3.670777854590671213e-02,3.635158456612636035e-02,3.599751219300256766e-02,3.564616445961121122e-02,3.529815011124629032e-02,3.495408434678509701e-02,3.461457769411908914e-02,3.428024373954961790e-02,3.395169974913130051e-02,3.362955506327006128e-02,3.331441508556654690e-02,3.300688362793591929e-02,3.270756004600225419e-02,3.241702871846872253e-02,3.213587437165400101e-02,3.186466147129732307e-02,3.160395133523832834e-02,3.135428886564003981e-02,3.111620379886617660e-02,3.089021323664041876e-02,3.067681641642733617e-02,3.047649269419044210e-02,3.028970780569102683e-02,3.011690298194035290e-02,2.995849995192349097e-02,2.981489947873873850e-02,2.968647648289797145e-02,2.957358685390486588e-02,2.947655638293192673e-02,2.939568933088142211e-02,2.933126018456743214e-02,2.928352042865256522e-02,2.925269249474213989e-02,2.923896806663916700e-02,2.924251349730650623e-02,2.926346449756649440e-02,2.930192682823133665e-02,2.935797759274191496e-02,2.943166506819621525e-02,2.952300071138322379e-02,2.963197331649733424e-02,2.975854020628094024e-02,2.990261982386899220e-02,3.006411236059286854e-02,3.024287810126252349e-02,3.043875498102114122e-02,3.065154355657243035e-02,3.088102206652255585e-02,3.112693713571391962e-02,3.138900253246777045e-02,3.166691319498457502e-02,3.196032904324407758e-02,3.226888425290945495e-02,3.259219307686658795e-02,3.292983858464477998e-02,3.328138264929323548e-02,3.364636287374397211e-02,3.402429347806066456e-02,3.441466950015488468e-02,3.481696460621629824e-02,3.523063280086709270e-02,3.565511223846581229e-02,3.608982003344961970e-02,3.653416160883683067e-02,3.698752741006348238e-02,3.744929151424360170e-02,3.791882133654114057e-02,3.839546826188853373e-02,3.887857901187018878e-02,3.936749165739989592e-02,3.986153539014269942e-02,4.036003635163314812e-02,4.086231839747968969e-02,4.136769942583554127e-02,4.187550139878051803e-02,4.238504212456793013e-02,4.289564694259948713e-02,4.340663906269364575e-02,4.391734997730379481e-02,4.442711646567614608e-02,4.493528268894579625e-02,4.544120359209721099e-02,4.594424152205418138e-02,4.644377165421088860e-02,4.693918226932174143e-02,4.742987394919383898e-02,4.791526784724782495e-02,4.839479283967026979e-02,4.886790192176843073e-02,4.933406480460472698e-02,4.979276874985094636e-02,5.024352297594354005e-02,5.068585817440809244e-02,5.111932798670874856e-02,5.154350693547377765e-02,5.195799482702910532e-02,5.236241539770654374e-02,5.275641699478777341e-02,5.313967447015608553e-02,5.351188719169009539e-02,5.387278358378806697e-02,5.422211621119202990e-02,5.455966678292885341e-02,5.488524383711682747e-02,5.519868232721605872e-02,5.549984867543313743e-02,5.578863289388331925e-02,5.606495435125834897e-02,5.632875818058932088e-02,5.658002265288831351e-02,5.681874579020762539e-02,5.704495945465255791e-02,5.725871799559349717e-02,5.746010037338557253e-02,5.764922066068016437e-02,5.782620699677474413e-02,5.799121872011953754e-02,5.814443333121934593e-02,5.828606075234871176e-02,5.841632873497342587e-02,5.853548214070116579e-02,5.864379523288445334e-02,5.874155703610026841e-02,5.882907720274230950e-02,5.890668328596466302e-02,5.897472236287251701e-02,5.903355319585869287e-02,5.908355266953169843e-02,5.912511282848220001e-02,5.915863554003390756e-02,5.918453471152226864e-02,5.920323808663421894e-02,5.921517878285546127e-02,5.922079971789950131e-02,5.922055038688580492e-02,5.921488764039551517e-02,5.920426956332820040e-02,5.918916076169714047e-02,5.917002579446063726e-02,5.914733060776233842e-02,5.912153928321953189e-02,5.909311909666094265e-02,5.906252797637860652e-02,5.903022210523294067e-02,5.899665430180961456e-02,5.896227199351335158e-02,5.892751169296037150e-02,5.889280067142017849e-02,5.885856119337523618e-02,5.882520220211693435e-02,5.879312302575019633e-02,5.876270273851121051e-02,5.873432011816822479e-02,5.870832665234356623e-02,5.868506992638599512e-02,5.866487553312881020e-02,5.864804859578787166e-02,5.863488660702724509e-02,5.862566141315068979e-02,5.862063004230923940e-02,5.862003019464218090e-02,5.862407963006985301e-02,5.863297642623740286e-02,5.864689859679064060e-02,5.866600079464204254e-02,5.869042172612672775e-02,5.872027780110034706e-02,5.875566024230688411e-02,5.879664495956229281e-02,5.884328403675934127e-02,5.889560666330452554e-02,5.895362598817973504e-02,5.901732950176752368e-02,5.908668732502737192e-02,5.916164780095834602e-02,5.924214033009610192e-02,5.932807124080784894e-02,5.941933417080016988e-02,5.951579753000812295e-02,5.961731617570441982e-02,5.972372536643349994e-02,5.983484378417644467e-02,5.995047351229610549e-02,6.007040275153305298e-02,6.019440467614174672e-02,6.032223379514668749e-02,6.045363718111253226e-02,6.058834711150185709e-02,6.072608555317061257e-02,6.086656153204737102e-02,6.100947527052363872e-02,6.115452133078237706e-02,6.130138206197330991e-02
8.268509071661543641e-02,8.269436301726990068e-02,8.271803041057243511e-02,8.275645343073131932e-02,8.280997347449796375e-02,8.287892546319565457e-02,8.296362291076528339e-02,8.306436274876265180e-02,8.318143204776654032e-02,8.331508602389049722e-02,8.346556945403278693e-02,8.363310128497371265e-02,8.381787432063075860e-02,8.402006050019213135e-02,8.423980428894846384e-02,8.447722304261542914e-02,8.473240063996197169e-02,8.500540734469749782e-02,8.529626092990071073e-02,8.560496332001728270e-02,8.593147817873610095e-02,8.627573358383272550e-02,8.663762532923126314e-02,8.701701213305518268e-02,8.741371819319518344e-02,8.782753188532700650e-02,8.825819725274772209e-02,8.870542440057668787e-02,8.916888723395353933e-02,8.964821774634749996e-02,9.014300554096252305e-02,9.065280345179271837e-02,9.117712412223415164e-02,9.171544289769745228e-02,9.226718576370852853e-02,9.283174973662410012e-02,9.340848377558402804e-02,9.399670042956509430e-02,9.459567827235425275e-02,9.520464508369569367e-02,9.582279699846647791e-02,9.644930120278467911e-02,9.708327227901492051e-02,9.772379770979838787e-02,9.836993131315231731e-02,9.902068731173066518e-02,9.967505241098166546e-02,1.003319811949789364e-01,1.009903906998514539e-01,1.016491815600553683e-01,1.023072167989895892e-01,1.029633403702977512e-01,1.036163659679485982e-01,1.042650913612184760e-01,1.049082895630436413e-01,1.055447157743933384e-01,1.061731090151898788e-01,1.067922011303618079e-01,1.074006945582012817e-01,1.079972972458359964e-01,1.085807001760543816e-01,1.091495960262839626e-01,1.097026672859475888e-01,1.102386007834559867e-01,1.107560780608491113e-01,1.112537929078937227e-01,1.117304418375963254e-01,1.121847292096082027e-01,1.126153705118331794e-01,1.130210968770950369e-01,1.134006602334563102e-01,1.137528228660318053e-01,1.140763753979504302e-01,1.143701306087274855e-01,1.146329274809180648e-01,1.148636383206304012e-01,1.150611622877928397e-01,1.152244374805470872e-01,1.153524353634936550e-01,1.154441671044015710e-01,1.154986911029341062e-01,1.155151021078247436e-01,1.154925505113947037e-01,1.154302226125670378e-01,1.153273649738198320e-01,1.151832749720827220e-01,1.149973054035531572e-01,1.147688633699282673e-01,1.144974172971086890e-01,1.141824907067013894e-01,1.138236766848999826e-01,1.134206272859829001e-01,1.129730623016595437e-01,1.124807564798635390e-01,1.119435737657823032e-01,1.113614288322845036e-01,1.107343079753199122e-01,1.100622710388044351e-01,1.093454614018782717e-01,1.085840671495769127e-01,1.077783730286601821e-01,1.069287267448028045e-01,1.060355453665644959e-01,1.050993261147396413e-01,1.041206397329722255e-01,1.031001225617272921e-01,1.020384885557248517e-01,1.009365190055638434e-01,9.979508095174058346e-02,9.861509159575199135e-02,9.739755459788217162e-02,9.614353279758612592e-02,9.485416309488081676e-02,9.353064276496392271e-02,9.217424435924065351e-02,9.078629091220458136e-02,8.936817854243617187e-02,8.792136008268473801e-02,8.644734771025351650e-02,8.494770454647948554e-02,8.342405287953816306e-02,8.187806841397556046e-02,8.031147244277597741e-02,7.872603958350550546e-02,7.712358154701429158e-02,7.550595924223495181e-02,7.387506611677134571e-02,7.223283901514256089e-02,7.058124292568920821e-02,6.892227424551716775e-02,6.725796292303976021e-02,6.559035605431323690e-02,6.392152540244097625e-02,6.225356108270898442e-02,6.058856764176963339e-02,5.892866116224340645e-02,5.727596621508548175e-02,5.563261107080792744e-02,5.400072952455131636e-02,5.238244716935135104e-02,5.077988757355227784e-02,4.919516708664613269e-02,4.763039031933324202e-02,4.608764077987936164e-02,4.456898944620963504e-02,4.307648282744446638e-02,4.161214157361234345e-02,4.017795460578391792e-02,3.877588366204725440e-02,3.740785349738576238e-02,3.607575250951297607e-02,3.478142241365383969e-02,3.352666309816129675e-02,3.231323084141835694e-02,3.114282593607412344e-02,3.001709921834607234e-02,2.893764386711442441e-02,2.790599621974367353e-02,2.692363380780709442e-02,2.599196719447512127e-02,2.511234210704249223e-02,2.428604043770728194e-02,2.351426968914055796e-02,2.279817237907188002e-02,2.213881039520610230e-02,2.153717734879953549e-02,2.099418581749825166e-02,2.051067250466543160e-02,2.008739850813220928e-02,1.972504109594482719e-02,1.942419360861774233e-02,1.918537524245455053e-02,1.900901667297965128e-02,1.889546868176858810e-02,1.884499543716080389e-02,1.885778565378567334e-02,1.893392962084766359e-02,1.907345105815061101e-02,1.927627554938299639e-02,1.954225536033853822e-02,1.987115269807895532e-02,2.026265814731667558e-02,2.071637140682352010e-02,2.123181216338497143e-02,2.180842813196665758e-02,2.244557818131961632e-02,2.314255694634619748e-02,2.389857476782164883e-02,2.471276956001470029e-02,2.558421059204108242e-02,2.651189365569304318e-02,2.749474447218828305e-02,2.853162886438427581e-02,2.962134025197615469e-02,3.076261334857523580e-02,3.195412665798251506e-02,3.319449552387330332e-02,3.448228758829904178e-02,3.581600852141217373e-02,3.719412295401969965e-02,3.861504215038833593e-02,4.007713828760637448e-02,4.157873829477279348e-02,4.311813317274271889e-02,4.469357821191520530e-02,4.630329683891613868e-02,4.794547678280114411e-02,4.961828897822702367e-02,5.131987085586438291e-02,5.304834817329116131e-02,5.480182337735857445e-02,5.657838796042998636e-02,5.837611808097140087e-02,6.019308700163987502e-02,6.202736021859082960e-02,6.387700191046169484e-02,6.574007406569215561e-02,6.761464409710554735e-02,6.949879234461640853e-02,7.139059462666617895e-02,7.328815545021112599e-02,7.518958280025313246e-02,7.709301201007616455e-02,7.899658705372271383e-02,8.089848589821302394e-02,8.279691172230821405e-02,8.469008341667393081e-02,8.657626970319942661e-02,8.845375255901487266e-02,9.032086504790150239e-02,9.217596898150272333e-02,9.401746567198329685e-02,9.584379848942546631e-02,9.765345549983960038e-02,9.944496695494382810e-02,1.012169115132591224e-01,1.029679078385104807e-01,1.046966328950869191e-01,1.064018130040539495e-01,1.080822216646654260e-01,1.097366838965507935e-01,1.113640807648909048e-01,1.129633508615487669e-01,1.145334818388314413e-01,1.160735194470396137e-01,1.175825640704610126e-01,1.190597753914341556e-01,1.205043655028462252e-01,1.219156071794670754e-01,1.232928273952801912e-01,1.246354100393313735e-01,1.259427947467023634e-01,1.272144825129392920e-01,1.284500223506183092e-01,1.296490244778662759e-01,1.308111546429574779e-01,1.319361252098552317e-01,1.330237119211212515e-01,1.340737335585373557e-01,1.350860685023723140e-01,1.360606385858342260e-01,1.369974223897536814e-01,1.378964428837940459e-01,1.387577646359546835e-01,1.395815113915177264e-01,1.403678374701985698e-01,1.411169550780972115e-01,1.418290989812600877e-01,1.425045568052472900e-01,1.431436574010638285e-01,1.437467609147185243e-01,1.443142541810722712e-01,1.448465743661191962e-01,1.453441772543135613e-01,1.458075608560696346e-01,1.462372378769637438e-01,1.466337566333079101e-01,1.469976860433655219e-01,1.473296267286598182e-01,1.476301848768560299e-01,1.479000016720896649e-01,1.481397224162391835e-01,1.483500237253347620e-01,1.485315820006381793e-01,1.486850949357162999e-01,1.488112678787030796e-01,1.489108197304349901e-01,1.489844633900551107e-01,1.490329395021681713e-01,1.490569696276903278e-01,1.490572961402881202e-01,1.490346515992116982e-01,1.489897836270701326e-01,1.489234138523621853e-01,1.488362788658379177e-01,1.487291050976791706e-01,1.486026167636422535e-01,1.484575320752754835e-01,1.482945566246856028e-01,1.481143879518291850e-01,1.479177164264121880e-01,1.477052207534051975e-01,1.474775697112640782e-01,1.472354100370567298e-01,1.469793881625606202e-01,1.467101299000696524e-01,1.464282414108471209e-01,1.461343275904733729e-01,1.458289586309718666e-01,1.455127087671734820e-01,1.451861147412561448e-01,1.448497181410968726e-01,1.445040193728753253e-01,1.441495259981175336e-01,1.437867092341192365e-01,1.434160274739474106e-01,1.430379266727921928e-01,1.426528289061669286e-01,1.422611411495008360e-01,1.418632530170366168e-01,1.414595323560067786e-01,1.410503392183011240e-01,1.406360068356682924e-01,1.402168571087029081e-01,1.397931920038449072e-01,1.393653004889303382e-01,1.389334573665902961e-01,1.384979156105239084e-01,1.380589223831995282e-01,1.376167067539446343e-01,1.371714757713236865e-01,1.367234409177156829e-01,1.362727841617474289e-01,1.358196862610440980e-01,1.353643160497446374e-01,1.349068233073318079e-01,1.344473567977241268e-01,1.339860500874296700e-01,1.335230348065829520e-01,1.330584243696755486e-01,1.325923324166275452e-01,1.321248613517928550e-01,1.316561139416994319e-01,1.311861774991052443e-01,1.307151394240045894e-01,1.302430861048499977e-01,1.297700915141063449e-01,1.292962324515565808e-01,1.288215820955135316e-01,1.283462128284652559e-01,1.278701873888205831e-01,1.273935757411466807e-01,1.269164427499723802e-01,1.264388561259599530e-01,1.259608791931768890e-01,1.254825775962899737e-01,1.250040179473719260e-01,1.245252667053305395e-01,1.240463913183430800e-01,1.235674619050948359e-01,1.230885551586002741e-01,1.226097314727592341e-01,1.221310793153410762e-01,1.216526699664182559e-01,1.211745834980027525e-01,1.206969040893902667e-01,1.202197118789364583e-01,1.197430923055438634e-01,1.192671380762596184e-01,1.187919364257535304e-01,1.183175865515235098e-01,1.178441762026741363e-01,1.173718049199619501e-01,1.169005712223481902e-01,1.164305777940109893e-01,1.159619217681068237e-01,1.154947088392585947e-01,1.150290362836755148e-01,1.145650210054041523e-01,1.141027513160356027e-01,1.136423429087520948e-01,1.131838902668280550e-01,1.127275087206033172e-01,1.122732942986875287e-01,1.118213478151660750e-01,1.113717708873245005e-01,1.109246575706147597e-01,1.104801093463557704e-01,1.100382162501727518e-01,1.095990661534575472e-01,1.091627524911610997e-01,1.087293533076443830e-01,1.082989524695272543e-01,1.078716237120699584e-01,1.074474365106871665e-01,1.070264634165227630e-01,1.066087628720817915e-01,1.061943957544679018e-01,1.057834021662164281e-01,1.053758384101814022e-01,1.049717452423658409e-01,1.045711529482741819e-01,1.041740952775316725e-01,1.037805898298565371e-01,1.033906553652570032e-01,1.030043041993650571e-01,1.026215408685741820e-01,1.022423577809915135e-01,1.018667553409116910e-01,1.014947178943452211e-01,1.011262313579754379e-01,1.007612579131508812e-01,1.003997775170302059e-01,1.000417493107042116e-01,9.968713832241349326e-02,9.933589393151930069e-02,9.898796861709766026e-02,9.864330323865531935e-02,9.830184886255967369e-02,9.796353804610818949e-02,9.762830849026615798e-02,9.729609170901219739e-02,9.696682051008841119e-02,9.664042464154576351e-02,9.631682920818679383e-02,9.599596293076682885e-02,9.567775508657254402e-02
1.919991997184833099e-01,1.927217293620536731e-01,1.934267427129964523e-01,1.941124590417728502e-01,1.947770778761970800e-01,1.954188026590729932e-01,1.960358244298468222e-01,1.966263401618903450e-01,1.971885475379675512e-01,1.977206821053198726e-01,1.982209657424057747e-01,1.986876532236883097e-01,1.991190381097857898e-01,1.995134442196902225e-01,1.998692146018106464e-01,2.001847584957544279e-01,2.004585213631348561e-01,2.006890027166448875e-01,2.008747611115600795e-01,2.010144206187115812e-01,2.011066571272398240e-01,2.011502362330535587e-01,2.011439870376974803e-01,2.010868238614403336e-01,2.009777336274406467e-01,2.008157972888846843e-01,2.006001915086133569e-01,2.003301715992872600e-01,2.000050999851222255e-01,1.996244373023059737e-01,1.991877384535997997e-01,1.986946730279607332e-01,1.981450111897136157e-01,1.975386234718369272e-01,1.968755042713417336e-01,1.961557488397839000e-01,1.953795706049973602e-01,1.945472907031912391e-01,1.936593448191926137e-01,1.927162871813518918e-01,1.917187715354743416e-01,1.906675812308269158e-01,1.895636058494288567e-01,1.884078379465950193e-01,1.872013961582867370e-01,1.859454920147654011e-01,1.846414553407462467e-01,1.832907181238646599e-01,1.818948099488607861e-01,1.804553703827799505e-01,1.789741247003951707e-01,1.774529045253304405e-01,1.758936193619683175e-01,1.742982787195292427e-01,1.726689709541342765e-01,1.710078567169241448e-01,1.693171845654597163e-01,1.675992638578599481e-01,1.658564780765238167e-01,1.640912643122234005e-01,1.623061241657831610e-01,1.605036104178395040e-01,1.586863116648229988e-01,1.568568627108021252e-01,1.550179408603158115e-01,1.531722489107912033e-01,1.513225075511133721e-01,1.494714599039832226e-01,1.476218635425013137e-01,1.457764795264175628e-01,1.439380736566124863e-01,1.421094025089782442e-01,1.402932027100483037e-01,1.384922078926626998e-01,1.367091288343548205e-01,1.349466298344430826e-01,1.332073568853788248e-01,1.314939129515793059e-01,1.298088445797618007e-01,1.281546543002486105e-01,1.265337857311256142e-01,1.249486210457941976e-01,1.234014662905073278e-01,1.218945678361049584e-01,1.204300811447515385e-01,1.190100913110937603e-01,1.176365807603755448e-01,1.163114525154072265e-01,1.150365123316567095e-01,1.138134655602601325e-01,1.126439078827373846e-01,1.115293352024791379e-01,1.104711368655736103e-01,1.094705801352323093e-01,1.085288235386860506e-01,1.076469061713054010e-01,1.068257486240151988e-01,1.060661480116273647e-01,1.053687807044190045e-01,1.047341985297295941e-01,1.041628206035492693e-01,1.036549562649611150e-01,1.032107716523564256e-01,1.028303214543007382e-01,1.025135220747550452e-01,1.022601740998405756e-01,1.020699503976716521e-01,1.019423988052529789e-01,1.018769473444213619e-01,1.018729028552447929e-01,1.019294551469476090e-01,1.020456818350941458e-01,1.022205379145766091e-01,1.024528805142616711e-01,1.027414463340811657e-01,1.030848817556401509e-01,1.034817275983511004e-01,1.039304241120124206e-01,1.044293157956668466e-01,1.049766766957802161e-01,1.055706809145196406e-01,1.062094319120115704e-01,1.068909572375647543e-01,1.076132086292557466e-01,1.083740845884874626e-01,1.091714240676921605e-01,1.100030028583243308e-01,1.108665543909749251e-01,1.117597745394359049e-01,1.126803199953619189e-01,1.136258157475786429e-01,1.145938607761794320e-01,1.155820396330396183e-01,1.165879195885953790e-01,1.176090583043288840e-01,1.186430253442053440e-01,1.196873787905436276e-01,1.207396968067887127e-01,1.217975746642628171e-01,1.228586235154191242e-01,1.239204867894084516e-01,1.249808385962938168e-01,1.260373954608054736e-01,1.270879128448716699e-01,1.281302017103703450e-01,1.291621207135381089e-01,1.301815926322311412e-01,1.311865960889817828e-01,1.321751906882029370e-01,1.331454986696873344e-01,1.340957270968735626e-01,1.350241505392320851e-01,1.359291420813797946e-01,1.368091513444849860e-01,1.376627300537243415e-01,1.384885126635936325e-01,1.392852389457331641e-01,1.400517407359148925e-01,1.407869536432112822e-01,1.414899222387065447e-01,1.421597841220532399e-01,1.427957886715479907e-01,1.433972925093175421e-01,1.439637613297432006e-01,1.444947646797970775e-01,1.449899769110583880e-01,1.454491975484337452e-01,1.458723086519689849e-01,1.462593169414370675e-01,1.466103291699496214e-01,1.469255600663074424e-01,1.472053201518815080e-01,1.474500238229880245e-01,1.476601899953151886e-01,1.478364264635695646e-01,1.479794403941905589e-01,1.480900278461837472e-01,1.481690733198380017e-01,1.482175408438002606e-01,1.482364836428905208e-01,1.482270351786843243e-01,1.481903897447821583e-01,1.481278129699472867e-01,1.480406494162830877e-01,1.479302883663822787e-01,1.477981853312784755e-01,1.476458397442170778e-01,1.474747990333137027e-01,1.472866542550784474e-01,1.470830291410303581e-01,1.468655880648892520e-01,1.466360046710671883e-01,1.463959856688365480e-01,1.461472480494715454e-01,1.458915175014063870e-01,1.456305235894857497e-01,1.453660043467071283e-01,1.450996699271479562e-01,1.448332431322156277e-01,1.445684134860811265e-01,1.443068544514442830e-01,1.440502039552308267e-01,1.438000861766232652e-01,1.435580589005391872e-01,1.433256660531497806e-01,1.431043833915145447e-01,1.428956513239608705e-01,1.427008399656806426e-01,1.425212651542391018e-01,1.423581763835391478e-01,1.422127600024391536e-01,1.420861235820494450e-01,1.419793038326123691e-01,1.418932530908755263e-01,1.418288554532535495e-01,1.417868870450458840e-01,1.417680558484559483e-01,1.417729771629752111e-01,1.418021685731719328e-01,1.418560592490754335e-01,1.419349844383257508e-01,1.420391786866236628e-01,1.421687842316872452e-01,1.423238402902131106e-01,1.425042918706979911e-01,1.427099811201843482e-01,1.429406660230428394e-01,1.431959867013574694e-01,1.434755029995325448e-01,1.437786667045217182e-01,1.441048412318166327e-01,1.444532960922672860e-01,1.448232124301694068e-01,1.452136783630753603e-01,1.456236905105733337e-01,1.460521687922260170e-01,1.464979469981857740e-01,1.469597821638478075e-01,1.474363600401288887e-01,1.479262842057635641e-01,1.484281017018581339e-01,1.489402872937594935e-01,1.494612572864238431e-01,1.499893691531181683e-01,1.505229430598688523e-01,1.510602330388475800e-01,1.515994633702979488e-01,1.521388170821107721e-01,1.526764465577507279e-01,1.532104731199955827e-01,1.537389979714395283e-01,1.542601118488508838e-01,1.547718842679020324e-01,1.552723868830483134e-01,1.557596813887729137e-01,1.562318446050032505e-01,1.566869547836592658e-01,1.571231059377395101e-01,1.575384227344661658e-01,1.579310509022686659e-01,1.582991564344008728e-01,1.586409577095376777e-01,1.589547096961052564e-01,1.592387104152680199e-01,1.594913165293390112e-01,1.597109352900135948e-01,1.598960339412402731e-01,1.600451595011312678e-01,1.601569075095234385e-01,1.602299627595289155e-01,1.602630857434949596e-01,1.602551186406687700e-01,1.602049860558373284e-01,1.601117071059045827e-01,1.599743858322734136e-01,1.597922363034488258e-01,1.595645524095350987e-01,1.592907423517730403e-01,1.589703022157414047e-01,1.586028526555089135e-01,1.581881043069773007e-01,1.577258854820704770e-01,1.572161246433162185e-01,1.566588667213494324e-01,1.560542642005441627e-01,1.554025796996129638e-01,1.547041899308742030e-01,1.539595821072531345e-01,1.531693439240947585e-01,1.523341779938313378e-01,1.514549014402277183e-01,1.505324294671831764e-01,1.495677885945449204e-01,1.485620981750290781e-01,1.475165854587239256e-01,1.464325815798880048e-01,1.453114992902628522e-01,1.441548582773074794e-01,1.429642617046656961e-01,1.417413868570264746e-01,1.404880202519115107e-01,1.392060013291170906e-01,1.378972585130699147e-01,1.365637912115424402e-01,1.352076523721552903e-01,1.338309711846237260e-01,1.324359287679328367e-01,1.310247495996736400e-01,1.295997201265935150e-01,1.281631548037632518e-01,1.267174114254384920e-01,1.252648775490504129e-01,1.238079678640353620e-01,1.223491196641021961e-01,1.208907773447851636e-01,1.194354022876995131e-01,1.179854566731396298e-01,1.165433989482662080e-01,1.151116863255828848e-01,1.136927588218161894e-01,1.122890301486275527e-01,1.109029062336297500e-01,1.095367560363194465e-01,1.081929106396961188e-01,1.068736671602629890e-01,1.055812696767228637e-01,1.043179240359857762e-01,1.030857714647537837e-01,1.018868975358016432e-01,1.007233209482363695e-01,9.959699932448419502e-02,9.850980820912288993e-02,9.746355472883258542e-02,9.645995324391071213e-02,9.550064696387434993e-02,9.458718493348609868e-02,9.372102500271843606e-02,9.290353165382377043e-02,9.213597684812438460e-02,9.141952484632173692e-02,9.075524434402043594e-02,9.014409835785219816e-02,8.958695035829034037e-02,8.908455089386883852e-02,8.863754079420781140e-02,8.824645710586821734e-02,8.791173060177788490e-02,8.763367717478633134e-02,8.741249956118377074e-02,8.724829807011748317e-02,8.714105938177751920e-02,8.709066578035162820e-02,8.709688455882420854e-02,8.715938840281758915e-02,8.727773274947654703e-02,8.745138133898143484e-02,8.767968740762527302e-02,8.796191259036438559e-02,8.829721718825471466e-02,8.868466940831595813e-02,8.912325141342446189e-02,8.961185016175363116e-02,9.014927864901427224e-02,9.073426134209863769e-02,9.136544446439077982e-02,9.204141342807155290e-02,9.276066853357629871e-02,9.352165933643780127e-02,9.432276856873736404e-02,9.516232709234279108e-02,9.603861064946216108e-02,9.694984898623922043e-02,9.789423689215456803e-02,9.886992340499702048e-02,9.987503262163059670e-02,1.009076606603998422e-01,1.019658773218265480e-01,1.030477466028436595e-01,1.041513064882940987e-01,1.052746013499921973e-01,1.064156679616984902e-01,1.075725472066956512e-01,1.087432878432602890e-01,1.099259554851242104e-01,1.111186310158332052e-01,1.123194168977279250e-01,1.135264498720977150e-01,1.147378879405166474e-01,1.159519383007576870e-01,1.171668377410239742e-01,1.183808747272024620e-01,1.195923856620673964e-01,1.207997559419300010e-01,1.220014296550227390e-01,1.231959141316393835e-01,1.243817738220025920e-01,1.255576412833019906e-01,1.267222196623512542e-01,1.278742820311797312e-01,1.290126681007777165e-01,1.301363080917648241e-01,1.312442010283676463e-01,1.323354230489106054e-01,1.334091411020939255e-01,1.344645888265888767e-01,1.355010981954970772e-01,1.365180743151962750e-01,1.375150138923123544e-01,1.384914897554183066e-01,1.394471672177086674e-01,1.403817895832116525e-01,1.412951781265806284e-01,1.421872551787816130e-01,1.430580043783314659e-01,1.439074984259375856e-01,1.447358845594534094e-01,1.455433990604733108e-01,1.463303281591722127e-01,1.470970486917479170e-01,1.478440094469032628e-01,1.485717151515818790e-01,1.492807423821949642e-01,1.499717164346963116e-01,1.506453402307953715e-01,1.513023603180295440e-01,1.519435661871155197e-01,1.525698082388445842e-01
3.426720607602818935e-01,3.441074041036739639e-01,3.455835198665734298e-01,3.470995530621433511e-01,3.486545491863159985e-01,3.502474340381400708e-01,3.518770505236997748e-01,3.535421177322738973e-01,3.552412789470677512e-01,3.569730453422422789e-01,3.587358265760036136e-01,3.605279463890917468e-01,3.623476037545539374e-01,3.641928964888347942e-01,3.660618339546365951e-01,3.679523045838517525e-01,3.698621171167084665e-01,3.717889764317626189e-01,3.737304971147111798e-01,3.756841895223945738e-01,3.776474913501650099e-01,3.796177448674906696e-01,3.815922380899235966e-01,3.835681462383347951e-01,3.855426055129267393e-01,3.875126699963445942e-01,3.894753226371091004e-01,3.914275138732490888e-01,3.933661428994190690e-01,3.952880442036544872e-01,3.971900203593397016e-01,3.990688672442830320e-01,4.009213298744902509e-01,4.027441309746764841e-01,4.045340225242918808e-01,4.062876992250816777e-01,4.080018897992785387e-01,4.096733411813101577e-01,4.112987937055344601e-01,4.128750274755463856e-01,4.143988667440480222e-01,4.158671606933003195e-01,4.172768098855726970e-01,4.186247780825368414e-01,4.199080782833006786e-01,4.211238238951766077e-01,4.222691786469049413e-01,4.233414187092366388e-01,4.243378922759935001e-01,4.252560677611363915e-01,4.260935102134314478e-01,4.268479015952887368e-01,4.275170593329689073e-01,4.280989096269783301e-01,4.285915440003635335e-01,4.289931586046655809e-01,4.293021306955102090e-01,4.295169607860810368e-01,4.296363474885898093e-01,4.296591075763301348e-01,4.295842472354364228e-01,4.294109621926635589e-01,4.291385865871354954e-01,4.287666617746903608e-01,4.282949105088714181e-01,4.277232228608876530e-01,4.270516896736773482e-01,4.262805875316670323e-01,4.254103838153346917e-01,4.244417451085109594e-01,4.233755139947967816e-01,4.222127389082661053e-01,4.209546601082141404e-01,4.196026888880128314e-01,4.181584498274034667e-01,4.166237324929418229e-01,4.150005540533002191e-01,4.132910586278050746e-01,4.114975941507509338e-01,4.096226971023768648e-01,4.076690641721875119e-01,4.056395370684776069e-01,4.035371766593612297e-01,4.013651311982843750e-01,3.991267413991815283e-01,3.968254894918530895e-01,3.944649667605861776e-01,3.920489300526325827e-01,3.895812394632734987e-01,3.870658896259414616e-01,3.845069372607360925e-01,3.819085850941925653e-01,3.792751021437438808e-01,3.766108485552434604e-01,3.739202412396524511e-01,3.712077698789637559e-01,3.684779742017331716e-01,3.657354259241614169e-01,3.629847415838515223e-01,3.602305561664589928e-01,3.574775198158798295e-01,3.547302560221157752e-01,3.519934212320584010e-01,3.492716180391485792e-01,3.465694311102074932e-01,3.438913993229295030e-01,3.412420007305431158e-01,3.386256674043419679e-01,3.360467548931304060e-01,3.335095045233887889e-01,3.310181122531101749e-01,3.285766340264497654e-01,3.261890223756631624e-01,3.238591098725525086e-01,3.215905831582609453e-01,3.193869916131014119e-01,3.172517465295003336e-01,3.151880845916281704e-01,3.131990618026933015e-01,3.112875966876126332e-01,3.094563853491652528e-01,3.077079555409399370e-01,3.060446272098931719e-01,3.044685146644756091e-01,3.029815339178885680e-01,3.015853782711730435e-01,3.002815136536418072e-01,2.990712110082004438e-01,2.979554728669746577e-01,2.969351037394751813e-01,2.960106502139334128e-01,2.951824386060180605e-01,2.944505545882970532e-01,2.938148353296210491e-01,2.932748909495901390e-01,2.928300856112016071e-01,2.924795550279550849e-01,2.922221675335920366e-01,2.920565811855402871e-01,2.919812311269371352e-01,2.919942934677007829e-01,2.920937342715171914e-01,2.922772835311089890e-01,2.925424705048178531e-01,2.928866039971913526e-01,2.933067763649228055e-01,2.937998862047244142e-01,2.943626420666048404e-01,2.949915564447989080e-01,2.956829642161820648e-01,2.964330348533204540e-01,2.972377669094825037e-01,2.980930093611682818e-01,2.989944642716347856e-01,2.999376980065071585e-01,3.009181597180968226e-01,3.019311917366235831e-01,3.029720030292477606e-01,3.040357460120127198e-01,3.051174762542775976e-01,3.062121701614325398e-01,3.073147773586525355e-01,3.084201769864886589e-01,3.095232199658131678e-01,3.106187577727640425e-01,3.117016069616769802e-01,3.127666142766600266e-01,3.138086235719004802e-01,3.148225298682973405e-01,3.158032437846652885e-01,3.167457700811900367e-01,3.176451417636894647e-01,3.184965008376698381e-01,3.192950794964031225e-01,3.200362044731208666e-01,3.207153210643389207e-01,3.213280178749771121e-01,3.218700118422704870e-01,3.223371664150542215e-01,3.227255087064604400e-01,3.230312634695678975e-01,3.232508083884908512e-01,3.233807203159853039e-01,3.234177935854158914e-01,3.233590197155095103e-01,3.232016119253984243e-01,3.229430091056237906e-01,3.225808841672750393e-01,3.221131659654312696e-01,3.215380197763708092e-01,3.208538543721315972e-01,3.200593719098203671e-01,3.191534996250611211e-01,3.181354620805361133e-01,3.170047314516289405e-01,3.157610760784083093e-01,3.144045353142027044e-01,3.129354168992640184e-01,3.113543282371768472e-01,3.096621311534674126e-01,3.078599879245735860e-01,3.059493387678427490e-01,3.039318793168982458e-01,3.018096095447047045e-01,2.995847941173292450e-01,2.972599431340314791e-01,2.948378516552641604e-01,2.923215901503335434e-01,2.897144429625345685e-01,2.870199840569628846e-01,2.842420001957262077e-01,2.813845296137731933e-01,2.784518261434122399e-01,2.754483819658135046e-01,2.723788800150107603e-01,2.692482048445618559e-01,2.660614484447603179e-01,2.628238820634302142e-01,2.595409256366175144e-01,2.562182001863557712e-01,2.528614145925388579e-01,2.494764768240866348e-01,2.460693855987575729e-01,2.426462639860163528e-01,2.392133189523502901e-01,2.357768687206879543e-01,2.323432730477679176e-01,2.289189855153207220e-01,2.255104887662494062e-01,2.221242910162465056e-01,2.187669413261434659e-01,2.154449891524783944e-01,2.121649490929349569e-01,2.089333471460304292e-01,2.057566606385398955e-01,2.026413052857172770e-01,1.995936497766134521e-01,1.966199824592804180e-01,1.937264927203955212e-01,1.909192806406517506e-01,1.882043123873559654e-01,1.855874284972237054e-01,1.830743496083540589e-01,1.806706021795518036e-01,1.783815936140396297e-01,1.762125094219842147e-01,1.741683600384185127e-01,1.722539809252572329e-01,1.704739602602577675e-01,1.688326900909175587e-01,1.673343220099457740e-01,1.659827860724988058e-01,1.647817342556059939e-01,1.637345888111504111e-01,1.628445073682499578e-01,1.621143714983901418e-01,1.615467887260470248e-01,1.611440978525068013e-01,1.609083294209640025e-01,1.608412463996494735e-01,1.609442954520864666e-01,1.612186562999450290e-01,1.616651742911590361e-01,1.622844236153617170e-01,1.630766571995203029e-01,1.640418316222849171e-01,1.651795982898354997e-01,1.664893132273119747e-01,1.679700293734147087e-01,1.696204825365560664e-01,1.714391324216860135e-01,1.734241439297121712e-01,1.755733875043619385e-01,1.778844413986038764e-01,1.803546259076703184e-01,1.829809629290771456e-01,1.857602303472604410e-01,1.886889219512925819e-01,1.917632836220610759e-01,1.949793303791494126e-01,1.983328151542202711e-01,2.018192914729224074e-01,2.054340559878364003e-01,2.091722247474730179e-01,2.130287059063338262e-01,2.169982068532274877e-01,2.210752753541415649e-01,2.252542778640051202e-01,2.295294175031600825e-01,2.338947726928826409e-01,2.383442730486384775e-01,2.428717316356352185e-01,2.474708540246814692e-01,2.521352461444740234e-01,2.568584413942857636e-01,2.616338867953412195e-01,2.664549896956300845e-01,2.713150950115033044e-01,2.762075316103060896e-01,2.811255938226590589e-01,2.860625756652361851e-01,2.910117935777630227e-01,2.959665638480160621e-01,3.009202317208974353e-01,3.058662078013019148e-01,3.107979293791472974e-01,3.157089407579328211e-01,3.205928385613524001e-01,3.254433185747450108e-01,3.302541866948109917e-01,3.350193443436079721e-01,3.397328383929463236e-01,3.443888300066835217e-01,3.489816658368317115e-01,3.535057883470966722e-01,3.579558601506482862e-01,3.623266738639698281e-01,3.666132211857706658e-01,3.708106957754039867e-01,3.749144673009638939e-01,3.789200974005048073e-01,3.828233871273164501e-01,3.866203352297193918e-01,3.903071582515542648e-01,3.938803095388516140e-01,3.973364656512707316e-01,4.006725229375544539e-01,4.038856304862038504e-01,4.069731817957232822e-01,4.099327812847679553e-01,4.127623073497192485e-01,4.154598702317002790e-01,4.180238214351979509e-01,4.204527598528157162e-01,4.227455134691426308e-01,4.249011781783144093e-01,4.269190767861630320e-01,4.287987647481565912e-01,4.305400451903230175e-01,4.321429367824994316e-01,4.336077053397480174e-01,4.349348333764182506e-01,4.361250428156244197e-01,4.371792223427738988e-01,4.380985387873087555e-01,4.388842927043505870e-01,4.395380509072658870e-01,4.400615064701006163e-01,4.404566014055660839e-01,4.407254152467545705e-01,4.408702200783297664e-01,4.408934253794413172e-01,4.407976218618429587e-01,4.405855490770186345e-01,4.402600566619103706e-01,4.398241759438138998e-01,4.392809983798805495e-01,4.386337659300705849e-01,4.378858343792519925e-01,4.370406261503266276e-01,4.361016783806729857e-01,4.350725766921185178e-01,4.339570118021451872e-01,4.327586940934641246e-01,4.314814116884486128e-01,4.301289883561000282e-01,4.287052894006955217e-01,4.272141768296273678e-01,4.256595502565066469e-01,4.240453235046156566e-01,4.223753791895621945e-01,4.206536113905706142e-01,4.188839057007019973e-01,4.170701003406658280e-01,4.152160148964842978e-01,4.133254252160293296e-01,4.114020435652566698e-01,4.094495639471539272e-01,4.074715862445462689e-01,4.054716563600224699e-01,4.034532596760171952e-01,4.014197865478836280e-01,3.993745554063382053e-01,3.973207893842830019e-01,3.952616147764246857e-01,3.932000864249385885e-01,3.911391371942707917e-01,3.890815931488677548e-01,3.870301875873417563e-01,3.849875473468024611e-01,3.829561780602462329e-01,3.809384666376008921e-01,3.789367093009697318e-01,3.769530751999862206e-01,3.749896077863830723e-01,3.730482305073452021e-01,3.711307853250794264e-01,3.692389557236923081e-01,3.673743420126884263e-01,3.655384121549065668e-01,3.637325195532540301e-01,3.619579136716886691e-01,3.602157440844673819e-01,3.585070389263667057e-01,3.568327255900911044e-01,3.551936248526121331e-01,3.535904656926801559e-01,3.520238817042390389e-01,3.504944133047227517e-01,3.490025164469210406e-01,3.475485551832072639e-01,3.461328154570620930e-01,3.447555092718165293e-01,3.434167921519228894e-01,3.421167184723772348e-01,3.408553022344733563e-01,3.396325091666457796e-01,3.384482238384344810e-01,3.373023126048897979e-01,3.361945728094521413e-01,3.351247813779111295e-01,3.340926704570753580e-01,3.330979671319413971e-01,3.321403184387716756e-01,3.312194180964698198e-01,3.303348963175022912e-01,3.294864056297773791e-01
4.837037793380989936e-01,4.860177176324843584e-01,4.885188327065205227e-01,4.912012511407475301e-01,4.940588403838268028e-01,4.970852353637091881e-01,5.002738072324307561e-01,5.036177306092163297e-01,5.071099476546869766e-01,5.107432568242838977e-01,5.145102258781203419e-01,5.184032840430193856e-01,5.224147386234987422e-01,5.265367648328939110e-01,5.307613807769093750e-01,5.350805731581840252e-01,5.394862363114225623e-01,5.439701665782463724e-01,5.485241626745793742e-01,5.531399674130794697e-01,5.578093354035091878e-01,5.625240209941035907e-01,5.672757808819869352e-01,5.720564513042346588e-01,5.768578802460964106e-01,5.816720234323389249e-01,5.864909090253116464e-01,5.913066526473961249e-01,5.961115293612945232e-01,6.008978892258598492e-01,6.056582882775477517e-01,6.103853878581463333e-01,6.150720481283833418e-01,6.197113349912305447e-01,6.242964654878369046e-01,6.288209089227367876e-01,6.332783418664438280e-01,6.376626502405062791e-01,6.419679935763984435e-01,6.461887634446492612e-01,6.503196335173773157e-01,6.543555200634548763e-01,6.582916091762531785e-01,6.621234030683769145e-01,6.658466443338255658e-01,6.694574340746519692e-01,6.729520977702430073e-01,6.763273217789275149e-01,6.795800508759235470e-01,6.827075886860114462e-01,6.857074796874652600e-01,6.885776510377691340e-01,6.913162856620762575e-01,6.939219041542810107e-01,6.963933326461615447e-01,6.987296792919324151e-01,7.009304109364904445e-01,7.029952419197250668e-01,7.049242015464025624e-01,7.067176271811811405e-01,7.083761170837865606e-01,7.099005912492686310e-01,7.112921817355557508e-01,7.125523771942116058e-01,7.136828413311682162e-01,7.146855509402955109e-01,7.155627068375506328e-01,7.163167521133780857e-01,7.169503106486881938e-01,7.174663259158492457e-01,7.178678600765141526e-01,7.181581830324021976e-01,7.183407722387670225e-01,7.184193018787733420e-01,7.183975588252655697e-01,7.182794969951836750e-01,7.180692209464121234e-01,7.177709794628952533e-01,7.173890799130160367e-01,7.169279898653939664e-01,7.163922217947691351e-01,7.157864056493363769e-01,7.151152020266586806e-01,7.143833502196806906e-01,7.135956082903368580e-01,7.127567593828298964e-01,7.118716395450225276e-01,7.109450373803356538e-01,7.099817781692907559e-01,7.089865888418021012e-01,7.079642730319555266e-01,7.069194988190160567e-01,7.058569215856342893e-01,7.047811171832976118e-01,7.036965806388684186e-01,7.026077155133211294e-01,7.015188843358735049e-01,7.004342317157901121e-01,6.993578825684394484e-01,6.982938024613594141e-01,6.972458123185845125e-01,6.962176246007751867e-01,6.952127587810145171e-01,6.942346197311146661e-01,6.932864475548200511e-01,6.923712847490876010e-01,6.914920207259137586e-01,6.906513587765437112e-01,6.898518612018669227e-01,6.890958435860877751e-01,6.883854906752356895e-01,6.877227641321552731e-01,6.871094105725543688e-01,6.865470499637345014e-01,6.860370590846502914e-01,6.855806124128750456e-01,6.851787286758511675e-01,6.848321995289936570e-01,6.845416160055447508e-01,6.843074453574257143e-01,6.841298798826846994e-01,6.840089569808779357e-01,6.839445503988695885e-01,6.839363511869026580e-01,6.839838320038919006e-01,6.840863348981629510e-01,6.842430534519488017e-01,6.844529553789385767e-01,6.847149082171856138e-01,6.850276200444292973e-01,6.853896290941164926e-01,6.857993662936239243e-01,6.862551453791198020e-01,6.867550919370347673e-01,6.872972887121843177e-01,6.878796905131048245e-01,6.885001362724634255e-01,6.891563877167499186e-01,6.898461244508492518e-01,6.905669528740725482e-01,6.913163900280487884e-01,6.920919354794858869e-01,6.928910062423812022e-01,6.937110075238308582e-01,6.945492821149212848e-01,6.954031632136772334e-01,6.962699650370218762e-01,6.971470188481344588e-01,6.980316151725770579e-01,6.989210994829154755e-01,6.998128013049211837e-01,7.007040901690052559e-01,7.015923543276214591e-01,7.024750366913872224e-01,7.033496147867694948e-01,7.042136679857802228e-01,7.050647542549327573e-01,7.059005663705067990e-01,7.067188478102263138e-01,7.075174185869470556e-01,7.082941696853489733e-01,7.090471115783151257e-01,7.097743376458359732e-01,7.104740266641300650e-01,7.111444904763133401e-01,7.117841047875237415e-01,7.123913893044634404e-01,7.129649685875480980e-01,7.135035566084707570e-01,7.140060188694140608e-01,7.144713254199769326e-01,7.148985518741450829e-01,7.152869364571259325e-01,7.156357704671790776e-01,7.159445253000835674e-01,7.162127785449228234e-01,7.164402216885722430e-01,7.166266304513060348e-01,7.167719616377697944e-01,7.168762573855673725e-01,7.169396534420766631e-01,7.169624075763330051e-01,7.169449084960729524e-01,7.168876335005015532e-01,7.167911231565021746e-01,7.166560933082473106e-01,7.164832671087836280e-01,7.162735234082276969e-01,7.160278021918031754e-01,7.157470906907648089e-01,7.154324886179429521e-01,7.150851603107093446e-01,7.147063289767788818e-01,7.142972764064865476e-01,7.138592981768465684e-01,7.133938106932299350e-01,7.129021976249489967e-01,7.123859463751242016e-01,7.118465020513119468e-01,7.112853937684286976e-01,7.107041336061005188e-01,7.101042461529452066e-01,7.094872794585469489e-01,7.088547590930300846e-01,7.082082312832730375e-01,7.075492140230420501e-01,7.068791792001662966e-01,7.061996320337777799e-01,7.055120186094167023e-01,7.048177406369634523e-01,7.041182052693608640e-01,7.034147098261152031e-01,7.027085825736431035e-01,7.020010401125396093e-01,7.012932538991479836e-01,7.005863834478079921e-01,6.998814736383291990e-01,6.991795249636366671e-01,6.984814646513257674e-01,6.977881501530915909e-01,6.971003635440393698e-01,6.964188348301866283e-01,6.957441914683418771e-01,6.950770005153958930e-01,6.944177260123821638e-01,6.937667965276205218e-01,6.931245327493313901e-01,6.924911750237466856e-01,6.918668879247427128e-01,6.912517866304387359e-01,6.906458614962677212e-01,6.900490927234934624e-01,6.894613298990982519e-01,6.888823846117604344e-01,6.883119692595457417e-01,6.877497881297426341e-01,6.871954519041705289e-01,6.866484842765135932e-01,6.861083936617472512e-01,6.855746556023052385e-01,6.850466073949624812e-01,6.845237021936205757e-01,6.840051740789818702e-01,6.834903753588545960e-01,6.829785380298086794e-01,6.824689370247498665e-01,6.819607375921024062e-01,6.814532077829017487e-01,6.809455333168140667e-01,6.804369326083358205e-01,6.799266180754639510e-01,6.794138133613562003e-01,6.788977448858234398e-01,6.783777029135811265e-01,6.778529714210543844e-01,6.773228824625596722e-01,6.767867967223868408e-01,6.762441165972077339e-01,6.756943447513557022e-01,6.751369750763802635e-01,6.745715964259427766e-01,6.739978617226527469e-01,6.734155114038286039e-01,6.728243163391357529e-01,6.722241522644503142e-01,6.716150094241163382e-01,6.709969317309458781e-01,6.703700545046606951e-01,6.697346395822214582e-01,6.690910108751940699e-01,6.684396196741486662e-01,6.677810273966490184e-01,6.671158549147127026e-01,6.664448921984421625e-01,6.657689934208821381e-01,6.650891636817664043e-01,6.644064745291629048e-01,6.637221232376703250e-01,6.630374595606421950e-01,6.623538750106519046e-01,6.616729263316538656e-01,6.609962416783677908e-01,6.603255732340000961e-01,6.596627506512391381e-01,6.590097665796801341e-01,6.583686457718043172e-01,6.577415325943546387e-01,6.571306678227395448e-01,6.565383580058014035e-01,6.559670133655651769e-01,6.554191097598942584e-01,6.548971929538395242e-01,6.544038695713371157e-01,6.539417973675242246e-01,6.535137317531988232e-01,6.531223940193026101e-01,6.527706180460909335e-01,6.524612305734404094e-01,6.521970737423498088e-01,6.519810101781701173e-01,6.518159436194657097e-01,6.517047272553768700e-01,6.516502116935641853e-01,6.516552601843418335e-01,6.517226791286186982e-01,6.518552338322635142e-01,6.520556480721103609e-01,6.523266233788728163e-01,6.526707120500367942e-01,6.530905009277775397e-01,6.535883911884843300e-01,6.541667650965622416e-01,6.548278564295495485e-01,6.555738128939523346e-01,6.564066412529285799e-01,6.573282331893838260e-01,6.583403338567106466e-01,6.594445395015341438e-01,6.606423112333559278e-01,6.619349216630476818e-01,6.633234979142980103e-01,6.648089504362184599e-01,6.663920444755316863e-01,6.680733158550832274e-01,6.698531327217154274e-01,6.717316611592911713e-01,6.737088278754900239e-01,6.757843396216287601e-01,6.779577111846299964e-01,6.802282435983542097e-01,6.825949784636753392e-01,6.850567226479259419e-01,6.876120585848122246e-01,6.902593512300976286e-01,6.929966775271581003e-01,6.958219398556083624e-01,6.987327537069648598e-01,7.017265116842023032e-01,7.048003527108861466e-01,7.079511923616226277e-01,7.111757111675034437e-01,7.144703535725686061e-01,7.178313186191006556e-01,7.212546016610503763e-01,7.247359325264909335e-01,7.282708881452044647e-01,7.318547665787386025e-01,7.354827279101823212e-01,7.391496627347757808e-01,7.428503078849630903e-01,7.465792305559389996e-01,7.503307714087910085e-01,7.540991101071086167e-01,7.578783272083344791e-01,7.616623312941592783e-01,7.654448167112647416e-01,7.692194778082155349e-01,7.729797548761703219e-01,7.767191198561619325e-01,7.804308361116621962e-01,7.841081750932326067e-01,7.877442910149858868e-01,7.913322851834984073e-01,7.948652351507138336e-01,7.983361905302411854e-01,8.017381966316977637e-01,8.050642707250194041e-01,8.083074711288287251e-01,8.114608567841963271e-01,8.145175894828261542e-01,8.174708162748034468e-01,8.203138158254671408e-01,8.230399322868854339e-01,8.256426042202036353e-01,8.281154099438527982e-01,8.304520381254428818e-01,8.326463334612175249e-01,8.346923100742550394e-01,8.365841478113732466e-01,8.383162196665157051e-01,8.398831094656890039e-01,8.412795968101898225e-01,8.425006690018979061e-01,8.435416349747083542e-01,8.443979723875268961e-01,8.450654567573786524e-01,8.455401545678299380e-01,8.458184120052857358e-01,8.458968340919631457e-01,8.457723986052360088e-01,8.454423395109827988e-01,8.449042530058830103e-01,8.441560603687919828e-01,8.431959979803593797e-01,8.420226928789615872e-01,8.406350793545206423e-01,8.390324809898274117e-01,8.372145887275865839e-01,8.351814177100155279e-01,8.329333918581007801e-01,8.304712863230097053e-01,8.277962974056652934e-01,8.249099008337519301e-01,8.218140532069517779e-01,8.185109989843101230e-01,8.150033911581074930e-01,8.112942680253710792e-01,8.073870247393176713e-01,8.032854020916033733e-01,7.989935019859412124e-01,7.945158077057946633e-01,7.898571195290103875e-01,7.850226006566733972e-01,7.800177170854574182e-01,7.748482727269327963e-01,7.695204087815115113e-01,7.640405553511719905e-01,7.584154214343600264e-01,7.526520171920535462e-01,7.467576385909970860e-01,7.407398047880424663e-01,7.346063217520120148e-01,7.283651786061392519e-01,7.220246389104805207e-01,7.155931432078755927e-01,7.090793150894547647e-01,7.024919841520042008e-01
2.407345298462460481e-01,2.431192056038283811e-01,2.455427952428971550e-01,2.480017634257087877e-01,2.504924971948979118e-01,2.530113163499969064e-01,2.555545070515966577e-01,2.581183084462725374e-01,2.606989101239880480e-01,2.632924646315081274e-01,2.658951092843497843e-01,2.685029548347023232e-01,2.711120788725825403e-01,2.737185818116618097e-01,2.763185281761246781e-01,2.789079984011688662e-01,2.814830827237425059e-01,2.840398880902386680e-01,2.865745318769551409e-01,2.890831690519178876e-01,2.915619847299127931e-01,2.940071986393669734e-01,2.964150773571410102e-01,2.987819556410372668e-01,3.011042003357934371e-01,3.033782681204366671e-01,3.056006575787063029e-01,3.077679748587275332e-01,3.098768827865660547e-01,3.119241383703380555e-01,3.139066068715956614e-01,3.158212245679719588e-01,3.176650537859722068e-01,3.194352524772091084e-01,3.211290917480431051e-01,3.227439713680463895e-01,3.242774092335515834e-01,3.257270468523641438e-01,3.270906596256685228e-01,3.283661571820725711e-01,3.295515973479063443e-01,3.306451608377344309e-01,3.316451910238977785e-01,3.325501791444842592e-01,3.333587634524833865e-01,3.340697382465643295e-01,3.346820551574373193e-01,3.351948259175386857e-01,3.356073241441266952e-01,3.359189795687773095e-01,3.361293933210860452e-01,3.362383304555085495e-01,3.362457134785724611e-01,3.361516367302865294e-01,3.359563686724739151e-01,3.356603347269708770e-01,3.352641245785602520e-01,3.347685029442289406e-01,3.341743791615630066e-01,3.334828501887394658e-01,3.326951553844390008e-01,3.318127014146026732e-01,3.308370533588086415e-01,3.297699286415569087e-01,3.286132013514296846e-01,3.273688890149843433e-01,3.260391578135687363e-01,3.246263157535647648e-01,3.231328222922569271e-01,3.215612529534411790e-01,3.199143247243941834e-01,3.181948872156282193e-01,3.164058904856477117e-01,3.145504277684900707e-01,3.126316909510419295e-01,3.106529842565350363e-01,3.086177059692054025e-01,3.065293459221060113e-01,3.043915128347196575e-01,3.022078624461538854e-01,2.999821479349982778e-01,2.977181960257054838e-01,2.954198904887961330e-01,2.930911677740567489e-01,2.907360390684891605e-01,2.883585304385092862e-01,2.859627324892228817e-01,2.835527492460964694e-01,2.811327249563605468e-01,2.787067979269455265e-01,2.762791292172197544e-01,2.738538951375708574e-01,2.714352477918592910e-01,2.690273335366009100e-01,2.666342885515468608e-01,2.642602045176771219e-01,2.619091637203697087e-01,2.595851994127301721e-01,2.572922788926987336e-01,2.550343476057495007e-01,2.528152681529193258e-01,2.506388428683729575e-01,2.485088005212489348e-01,2.464287855876846622e-01,2.444023725463832231e-01,2.424330108638947934e-01,2.405240844271676059e-01,2.386788568149248724e-01,2.369004738124207421e-01,2.351919761681269816e-01,2.335562891608493896e-01,2.319961938847726612e-01,2.305143592840926958e-01,2.291133049239874320e-01,2.277954088522985698e-01,2.265629202272103349e-01,2.254179304545679829e-01,2.243623753153610179e-01,2.233980467781830070e-01,2.225265583468127029e-01,2.217493921860157480e-01,2.210678395253301842e-01,2.204830428098787098e-01,2.199959629297237318e-01,2.196074107981302870e-01,2.193180020255277862e-01,2.191282077180159160e-01,2.190382989514618184e-01,2.190484040938974197e-01,2.191584452540625838e-01,2.193682005571246374e-01,2.196772495083817722e-01,2.200850248990220137e-01,2.205907747307838118e-01,2.211935794680029987e-01,2.218923555836035122e-01,2.226858525875770323e-01,2.235726500485378798e-01,2.245511677946291640e-01,2.256196848900376695e-01,2.267763114949435943e-01,2.280189902674629177e-01,2.293455564855943485e-01,2.307536566577819970e-01,2.322408303013310804e-01,2.338044631562590236e-01,2.354418251471865620e-01,2.371500383727986327e-01,2.389261235295841723e-01,2.407669758167959584e-01,2.426693885945084006e-01,2.446300355125615167e-01,2.466455025630095443e-01,2.487122802948658340e-01,2.508267686119418638e-01,2.529852898163277852e-01,2.551840920526678436e-01,2.574193609228703217e-01,2.596872035316385441e-01,2.619836980230923484e-01,2.643048445463287432e-01,2.666466297241938399e-01,2.690049940379757865e-01,2.713758456026822974e-01,2.737550853658592409e-01,2.761385855601017902e-01,2.785222335181346542e-01,2.809018937612119404e-01,2.832734563539134331e-01,2.856328133478227560e-01,2.879759005123690985e-01,2.902986585318687029e-01,2.925970743594694112e-01,2.948671758299220014e-01,2.971050380445581784e-01,2.993068028230167488e-01,3.014686485037912922e-01,3.035868508084260675e-01,3.056577417703675303e-01,3.076777564815001420e-01,3.096433766445336744e-01,3.115512080647255821e-01,3.133979455684734461e-01,3.151803904420365510e-01,3.168954362638846667e-01,3.185401146924267124e-01,3.201115559773320962e-01,3.216070249976957784e-01,3.230239000565338081e-01,3.243597118280297509e-01,3.256120992305224782e-01,3.267788588286860696e-01,3.278579177453402327e-01,3.288473601121540968e-01,3.297453949743975876e-01,3.305504207780686210e-01,3.312609539540835590e-01,3.318756719083529316e-01,3.323934185155107413e-01,3.328131834055674254e-01,3.331341406726884280e-01,3.333555927120644413e-01,3.334770235073141742e-01,3.334980719425093554e-01,3.334185272928234522e-01,3.332383683132531527e-01,3.329577074948732451e-01,3.325768459399034982e-01,3.320962089249910321e-01,3.315164148939991895e-01,3.308382133598717911e-01,3.300625278518547479e-01,3.291904104444241530e-01,3.282231124885710005e-01,3.271619751347158433e-01,3.260085285425782242e-01,3.247644207182779907e-01,3.234314789530904344e-01,3.220115967593156214e-01,3.205068873984526778e-01,3.189195257425379015e-01,3.172518493784593496e-01,3.155063049286896404e-01,3.136854472346692346e-01,3.117919757637523381e-01,3.098286596458704745e-01,3.077983922093541214e-01,3.057041872290364171e-01,3.035491092509902677e-01,3.013363216327855643e-01,2.990690952348074028e-01,2.967507685972669562e-01,2.943847385242808756e-01,2.919744787335300518e-01,2.895235343209587864e-01,2.870354898623105333e-01,2.845139753003015914e-01,2.819626964419074122e-01,2.793853629183201681e-01,2.767857289467295923e-01,2.741675837763675183e-01,2.715347266360113587e-01,2.688909696587946652e-01,2.662401350889303520e-01,2.635860636895127063e-01,2.609325735998729856e-01,2.582834851896392836e-01,2.556425948695544292e-01,2.530136774736505001e-01,2.504005032401583897e-01,2.478067752761352605e-01,2.452362018134091048e-01,2.426924183393032730e-01,2.401790263430532979e-01,2.376995571672974039e-01,2.352575145404024737e-01,2.328563058844738132e-01,2.304992955997803294e-01,2.281897670470230954e-01,2.259309228739678488e-01,2.237258845028609611e-01,2.215777010656361790e-01,2.194893178241478504e-01,2.174635852703991623e-01,2.155032699054873768e-01,2.136110231915323288e-01,2.117894051438435066e-01,2.100408578727381570e-01,2.083677136895846493e-01,2.067722039358662334e-01,2.052564242707367315e-01,2.038223658136270322e-01,2.024718878037100600e-01,2.012067397027112459e-01,2.000285303532161885e-01,1.989387615886168692e-01,1.979387869673972788e-01,1.970298354226433513e-01,1.962130138717444183e-01,1.954892870204157640e-01,1.948594939490889966e-01,1.943243388541332495e-01,1.938843841706415771e-01,1.935400735252192916e-01,1.932917056991128868e-01,1.931394478656360270e-01,1.930833364778505035e-01,1.931232709829390493e-01,1.932590240882749444e-01,1.934902366155635545e-01,1.938164143220750535e-01,1.942369384364344143e-01,1.947510720414443730e-01,1.953579288588131457e-01,1.960565205326887661e-01,1.968457313203249848e-01,1.977243209956478509e-01,1.986909327224667399e-01,1.997440981213823297e-01,2.008822376702630585e-01,2.021036492259852269e-01,2.034065380937858658e-01,2.047890031359883567e-01,2.062490262656708484e-01,2.077845042809812470e-01,2.093932474970061075e-01,2.110729524286028558e-01,2.128212491115721861e-01,2.146356642051747421e-01,2.165136423915056951e-01,2.184525726663046896e-01,2.204497538505164334e-01,2.225024148045658956e-01,2.246077177407432290e-01,2.267627703531194805e-01,2.289646131654469174e-01,2.312102387005253168e-01,2.334965902391370196e-01,2.358205508115831517e-01,2.381789917053687977e-01,2.405687120416621083e-01,2.429864937744969922e-01,2.454290986694427912e-01,2.478932542870487532e-01,2.503756512487386177e-01,2.528730053776897524e-01,2.553819741035897040e-01,2.578992370168375903e-01,2.604214565041472196e-01,2.629453108647221704e-01,2.654674577825563708e-01,2.679845969127712113e-01,2.704934087623374617e-01,2.729906069724607476e-01,2.754729238177937023e-01,2.779371327096811783e-01,2.803799968329104275e-01,2.827983549146797504e-01,2.851890610691434902e-01,2.875490091759602684e-01,2.898751515302551707e-01,2.921644804520613370e-01,2.944140299570902619e-01,2.966209099853642228e-01,2.987822732410784776e-01,3.008953487159638507e-01,3.029574166559539372e-01,3.049658308449377797e-01,3.069180263811217002e-01,3.088115053612685568e-01,3.106438495852814619e-01,3.124127213794881119e-01,3.141158685686061269e-01,3.157511183182892256e-01,3.173163964264620884e-01,3.188097179326759290e-01,3.202291963745813597e-01,3.215730264969167695e-01,3.228395126025091488e-01,3.240270572816272288e-01,3.251341654871498510e-01,3.261594427335161583e-01,3.271016097368306119e-01,3.279594816235123500e-01,3.287319893292295903e-01,3.294181783192928759e-01,3.300171956395779316e-01,3.305283037109178479e-01,3.309508846794692039e-01,3.312844239410433489e-01,3.315285346845825432e-01,3.316829295617354512e-01,3.317474446432642221e-01,3.317220449603875410e-01,3.316067803024498328e-01,3.314018606762582642e-01,3.311075690985026410e-01,3.307243125549813034e-01,3.302526464123644034e-01,3.296932067302461022e-01,3.290467535774830310e-01,3.283141682991972954e-01,3.274964308749197528e-01,3.265946500450842005e-01,3.256100342577644691e-01,3.245439012064753603e-01,3.233976746314556339e-01,3.221728827813107876e-01,3.208711778095555411e-01,3.194942942856349721e-01,3.180440703365246535e-01,3.165224494404701439e-01,3.149314603245039756e-01,3.132732487337948624e-01,3.115500205763408470e-01,3.097640971990244241e-01,3.079178713787803501e-01,3.060138261225680556e-01,3.040545234628191928e-01,3.020426085416438311e-01,2.999807790824136067e-01,2.978718392126073478e-01,2.957186407954919272e-01,2.935240872023305303e-01,2.912911750489767804e-01,2.890229225415110736e-01,2.867224349524444826e-01,2.843928407309158080e-01,2.820373336147442012e-01,2.796591376119363925e-01,2.772615156893488142e-01,2.748477686435779055e-01,2.724212151045066754e-01,2.699852276895980396e-01,2.675431612290546379e-01,2.650984129390990818e-01,2.626543784508406087e-01,2.602144781308037280e-01,2.577821194201266319e-01,2.553606998974062292e-01,2.529536466749834900e-01,2.505643389966810686e-01,2.481961555049978785e-01,2.458524600483363298e-01,2.435365804486198105e-01,2.412518134745582632e-01,2.390014498177558955e-01
5.891043151106912373e-02,5.884929706816197786e-02,5.879232621938613318e-02,5.873950827877874592e-02,5.869081793653551510e-02,5.864620456224572259e-02,5.860559039638605500e-02,5.856888112936722846e-02,5.853595712722475114e-02,5.850666973172180541e-02,5.848085554312887346e-02,5.845832147972638421e-02,5.843885536302215883e-02,5.842221539899876415e-02,5.840814662347978969e-02,5.839636558209185951e-02,5.838656871469405374e-02,5.837843100476430153e-02,5.837160895984545850e-02,5.836573863477074325e-02,5.836043566182366749e-02,5.835529906358943864e-02,5.834991123856172329e-02,5.834384114318444392e-02,5.833663997981699406e-02,5.832784588691776462e-02,5.831698725375290132e-02,5.830357831887040404e-02,5.828712934254724753e-02,5.826713749048811897e-02,5.824309670049312992e-02,5.821449760535631068e-02,5.818082413283395815e-02,5.814156171026233638e-02,5.809619622142495055e-02,5.804421266860245593e-02,5.798510448741028833e-02,5.791836808909509721e-02,5.784350803646447908e-02,5.776004001558288081e-02,5.766748645043498489e-02,5.756538898752631972e-02,5.745329952606532259e-02,5.733078753362898239e-02,5.719744245166569901e-02,5.705287604635767701e-02,5.689671540353646861e-02,5.672861913114526228e-02,5.654826627743722578e-02,5.635536466161478186e-02,5.614965234238297048e-02,5.593089878583237112e-02,5.569889903415257276e-02,5.545348700678765647e-02,5.519453237762938363e-02,5.492193641510897256e-02,5.463564077157083421e-02,5.433562429502677982e-02,5.402190734990248988e-02,5.369454853338738454e-02,5.335364504353209969e-02,5.299934455824183849e-02,5.263183041815645141e-02,5.225133207170347405e-02,5.185811973478699627e-02,5.145251415276889950e-02,5.103487404560658192e-02,5.060560637398392458e-02,5.016516162563539744e-02,4.971403663226957315e-02,4.925276647584562323e-02,4.878193848060879967e-02,4.830217783076255766e-02,4.781415363579784306e-02,4.731857867343421814e-02,4.681620525561591001e-02,4.630782854280521277e-02,4.579428077387097396e-02,4.527643217095934230e-02,4.475519197999622972e-02,4.423150283162675250e-02,4.370634026264916955e-02,4.318071857716338641e-02,4.265567355854827519e-02,4.213227405926937841e-02,4.161162029416706765e-02,4.109482836823812046e-02,4.058303909439289064e-02,4.007741974660795209e-02,3.957915151740860893e-02,3.908942869859779318e-02,3.860945913908002403e-02,3.814046651361483603e-02,3.768367892378103601e-02,3.724032732070595153e-02,3.681164937759501959e-02,3.639888066536307865e-02,3.600325574067159140e-02,3.562599886976098446e-02,3.526833102478454246e-02,3.493145836034575874e-02,3.461657366240708522e-02,3.432485291742988498e-02,3.405745008960279346e-02,3.381549850579326083e-02,3.360010058862435145e-02,3.341233834362261623e-02,3.325325670480328705e-02,3.312386307048306722e-02,3.302513385191429424e-02,3.295800435559890357e-02,3.292336419012240056e-02,3.292206044393943681e-02,3.295489337464010959e-02,3.302261040690081251e-02,3.312590863041957323e-02,3.326542992196905579e-02,3.344175945827625868e-02,3.365542389606369922e-02,3.390688966719737629e-02,3.419655951155435580e-02,3.452477291827954486e-02,3.489180067078678088e-02,3.529784934628359822e-02,3.574305842375422732e-02,3.622749266895436415e-02,3.675114790830142503e-02,3.731394961469716720e-02,3.791574905393992057e-02,3.855632554162188169e-02,3.923538348860001329e-02,3.995255427150223165e-02,4.070739477541868850e-02,4.149938711013016063e-02,4.232794178150531272e-02,4.319239351628151313e-02,4.409200364377351827e-02,4.502596555019453689e-02,4.599339409901923026e-02,4.699333861059358519e-02,4.802477818872301352e-02,4.908662294994296099e-02,5.017771623372811740e-02,5.129683717184528591e-02,5.244269935948333433e-02,5.361396039094937227e-02,5.480920986093024139e-02,5.602699113450407276e-02,5.726578190307197308e-02,5.852401327093097877e-02,5.980006712322232659e-02,6.109227663552405097e-02,6.239893115250966238e-02,6.371827871949242716e-02,6.504852834248778248e-02,6.638785557732915232e-02,6.773440060938387686e-02,6.908628126919197365e-02,7.044158589106298829e-02,7.179838225238485694e-02,7.315471977628995592e-02,7.450863170720810336e-02,7.585814308645007220e-02,7.720127268232619688e-02,7.853603327075314722e-02,7.986043892773161956e-02,8.117250712626992992e-02,8.247026507009211360e-02,8.375174989693531802e-02,8.501501533822619638e-02,8.625813263376386208e-02,8.747920049300653145e-02,8.867633853535955568e-02,8.984770017428583833e-02,9.099146899174147263e-02,9.210587434055557410e-02,9.318917627306194662e-02,9.423968850913740092e-02,9.525576503334126643e-02,9.623581544614424887e-02,9.717830216353959272e-02,9.808174645067048447e-02,9.894472622574398968e-02,9.976588576117036145e-02,1.005439351630035838e-01,1.012776505608591476e-01,1.019658792663411945e-01,1.026075447399864837e-01,1.032016431585593419e-01,1.037472479943220838e-01,1.042435164769510564e-01,1.046896790126366494e-01,1.050850537088350439e-01,1.054290423348056976e-01,1.057211276679312500e-01,1.059608898072827154e-01,1.061479826837295748e-01,1.062821552137980796e-01,1.063632394444573304e-01,1.063911648231201240e-01,1.063659416708046396e-01,1.062876736170410008e-01,1.061565493195677917e-01,1.059728484067106180e-01,1.057369354671113398e-01,1.054492654270353935e-01,1.051103803376626233e-01,1.047209010077591179e-01,1.042815378800990844e-01,1.037930769240288931e-01,1.032563964366448039e-01,1.026724387533840821e-01,1.020422368026865784e-01,1.013668923591621446e-01,1.006475795006220447e-01,9.988554157798448796e-02,9.908209484076876961e-02,9.823861628573089810e-02,9.735654725217951500e-02,9.643738987284025677e-02,9.548270308703500631e-02,9.449409711493153563e-02,9.347323150348868515e-02,9.242181946462085795e-02,9.134161058817075185e-02,9.023440079826690330e-02,8.910201767315005517e-02,8.794632490255605006e-02,8.676921606303845957e-02,8.557261035292448859e-02,8.435844464669919884e-02,8.312868406289880552e-02,8.188529644300303334e-02,8.063026995886418691e-02,7.936559367620242555e-02,7.809326680767035567e-02,7.681527580637571850e-02,7.553361739338063097e-02,7.425026750620733473e-02,7.296719935111962985e-02,7.168636540370323940e-02,7.040970016532745179e-02,6.913911600532354762e-02,6.787649615431662342e-02,6.662370226497733861e-02,6.538255181121119253e-02,6.415483582012901365e-02,6.294229794679653822e-02,6.174664628110099196e-02,6.056953790633261281e-02,5.941258428143860598e-02,5.827734655388268348e-02,5.716532997594771237e-02,5.607798567243527793e-02,5.501670470323660050e-02,5.398281761294780601e-02,5.297759514418617227e-02,5.200223977168269562e-02,5.105788653620622897e-02,5.014560908131910494e-02,4.926640585442040865e-02,4.842120537322628510e-02,4.761086380541511981e-02,4.683616902057329001e-02,4.609783059843221981e-02,4.539648422406426104e-02,4.473269196304338613e-02,4.410694061559185947e-02,4.351963971003194181e-02,4.297112699743463327e-02,4.246166166168865996e-02,4.199143155611606559e-02,4.156054802479951238e-02,4.116904775347725309e-02,4.081689394738919480e-02,4.050398268939714441e-02,4.023013383498147411e-02,3.999510030574037617e-02,3.979856550425278638e-02,3.964014694782887899e-02,3.951939469508909675e-02,3.943579969754720110e-02,3.938878612742789664e-02,3.937772215046588670e-02,3.940191726435428310e-02,3.946062461507016811e-02,3.955304420880392802e-02,3.967832904702970481e-02,3.983557887536379183e-02,4.002385504279026146e-02,4.024216489197044583e-02,4.048948553058339533e-02,4.076475171424585181e-02,4.106686349072870973e-02,4.139469134871870404e-02,4.174707477373854059e-02,4.212282805619224635e-02,4.252074157714216818e-02,4.293958350267728513e-02,4.337811141686562927e-02,4.383505871974865270e-02,4.430915690042686733e-02,4.479912305020432306e-02,4.530367182649088637e-02,4.582151155232475070e-02,4.635135624615716737e-02,4.689191707081032806e-02,4.744191632691651533e-02,4.800007970413332908e-02,4.856514920799512303e-02,4.913587717646097225e-02,4.971103271456547151e-02,5.028940421925968268e-02,5.086980166460255276e-02,5.145106019196855895e-02,5.203203427084746729e-02,5.261161417522325356e-02,5.318871408752517960e-02,5.376228394884085410e-02,5.433130392498363576e-02,5.489478948591920010e-02,5.545179355179961217e-02,5.600141291541302357e-02,5.654277163907885095e-02,5.707504600828983143e-02,5.759744862252553360e-02,5.810923583793945607e-02,5.860970918354049819e-02,5.909821237362247043e-02,5.957413783032887433e-02,6.003691497357605683e-02,6.048603209012307080e-02,6.092101638149939602e-02,6.134143852580290629e-02,6.174692052327784841e-02,6.213713089319077010e-02,6.251178075577802640e-02,6.287062876502537423e-02,6.321347843217312024e-02,6.354018084695420288e-02,6.385062467614523174e-02,6.414474665090164063e-02,6.442252570097826980e-02,6.468398018902106472e-02,6.492917149912916241e-02,6.515819413262954884e-02,6.537119028703186618e-02,6.556833031765556263e-02,6.574981979970383195e-02,6.591590642363473473e-02,6.606686122746703582e-02,6.620298789253709071e-02,6.632462530368865572e-02,6.643212908954007623e-02,6.652589003289771652e-02,6.660631527527786921e-02,6.667384077899821127e-02,6.672891645725903542e-02,6.677201534059762356e-02,6.680362523157441779e-02,6.682424555165665525e-02,6.683438884063137853e-02,6.683458737126822535e-02,6.682536808003161632e-02,6.680728056457475861e-02,6.678086184756640287e-02,6.674666730768678835e-02,6.670524768313937369e-02,6.665715234479635543e-02,6.660293202824388303e-02,6.654312911238829953e-02,6.647828651897638719e-02,6.640893719517190763e-02,6.633560190500496778e-02,6.625880042239026824e-02,6.617903428093202534e-02,6.609679295147798117e-02,6.601255190761587399e-02,6.592677301772689735e-02,6.583990076227777544e-02,6.575236523127055144e-02,6.566457002178997804e-02,6.557690994759182712e-02,6.548974895026668519e-02,6.540343844142677832e-02,6.531830200207827675e-02,6.523464582676051504e-02,6.515275084112633064e-02,6.507287363116613654e-02,6.499524932029897284e-02,6.492009172639512382e-02,6.484758330393416981e-02,6.477789108087612935e-02,6.471115279902864281e-02,6.464748539062852017e-02,6.458697772683123783e-02,6.452970176431958860e-02,6.447569919390724880e-02,6.442500036193808677e-02,6.437759746205365396e-02,6.433347748025670942e-02,6.429259578963346378e-02,6.425489182002497301e-02,6.422028538958604593e-02,6.418867508472959893e-02,6.415994759356026533e-02,6.413396759004594272e-02,6.411058746643805151e-02,6.408964055576064911e-02,6.407095102836261880e-02,6.405432845086983518e-02,6.403957250900760290e-02,6.402646881459359007e-02,6.401480173249758654e-02,6.400434004849209213e-02,6.399484804178590114e-02,6.398608417462410547e-02,6.397780756101219268e-02,6.396976729912343118e-02,6.396171819788182278e-02,6.395340690483365675e-02,6.394458577303575864e-02,6.393501060124662239e-02,6.392443485257309765e-02,6.391261898490845084e-02,6.389933177197319736e-02,6.388434340666508671e-02
3.018533315503595382e-01,3.023763308125056448e-01,3.030015907436109934e-01,3.037294260378935462e-01,3.045598993756184480e-01,3.054928882550142499e-01,3.065280296033476293e-01,3.076647754779199828e-01,3.089023343520782006e-01,3.102397076369534656e-01,3.116756863536369049e-01,3.132088337880926110e-01,3.148375109579215625e-01,3.165598634716216830e-01,3.183738171191407007e-01,3.202771039568250711e-01,3.222672530053530826e-01,3.243415798243123316e-01,3.264972374483050555e-01,3.287311527590819349e-01,3.310400941884822368e-01,3.334206511941151252e-01,3.358692282764123016e-01,3.383820812015606583e-01,3.409553006356048632e-01,3.435848421130024977e-01,3.462664977268338773e-01,3.489959583778824981e-01,3.517687774245413790e-01,3.545803758982042919e-01,3.574261111644163047e-01,3.603012077167675464e-01,3.632008538714914248e-01,3.661201032855205262e-01,3.690540073940151711e-01,3.719975171209933262e-01,3.749455723597329149e-01,3.778930917038096915e-01,3.808349346326916907e-01,3.837659883131847582e-01,3.866811398805121147e-01,3.895752668906805605e-01,3.924433217445109090e-01,3.952802392140820076e-01,3.980810445529279207e-01,4.008408015549327352e-01,4.035546545247066796e-01,4.062178336227699749e-01,4.088256556626137517e-01,4.113735262408822480e-01,4.138570051767097024e-01,4.162717393156130097e-01,4.186135331086755507e-01,4.208783027381642339e-01,4.230621566685017210e-01,4.251613337235005674e-01,4.271722579074635484e-01,4.290915328851481747e-01,4.309159444349385248e-01,4.326424440165373420e-01,4.342682393609818559e-01,4.357906997533768090e-01,4.372074038429048515e-01,4.385161668256937206e-01,4.397150397292570179e-01,4.408022431634532889e-01,4.417762908603212746e-01,4.426358930976245776e-01,4.433800171278318158e-01,4.440078320219481567e-01,4.445187964938546177e-01,4.449125622268541025e-01,4.451890587892712858e-01,4.453484209096237323e-01,4.453910664166525479e-01,4.453176205393304943e-01,4.451289386032736828e-01,4.448261421787125802e-01,4.444105613091866025e-01,4.438837632835777036e-01,4.432475367092244545e-01,4.425038802255228387e-01,4.416550322461359479e-01,4.407034281837977074e-01,4.396516883314028346e-01,4.385026490455306014e-01,4.372593376258067099e-01,4.359249421000165881e-01,4.345028699545050999e-01,4.329966375664799916e-01,4.314099577440708710e-01,4.297466804337298774e-01,4.280107983790072956e-01,4.262064315165025041e-01,4.243378225358357403e-01,4.224093026687246732e-01,4.204253391727982847e-01,4.183904698592383897e-01,4.163092983074115350e-01,4.141865125289361238e-01,4.120268579199475867e-01,4.098351100926461710e-01,4.076160793953866879e-01,4.053746179325145027e-01,4.031155660000906860e-01,4.008437866068065847e-01,3.985640981870602895e-01,3.962813383051963512e-01,3.940002654835908502e-01,3.917256344287033398e-01,3.894621207222433990e-01,3.872143346871991798e-01,3.849868067796847759e-01,3.827840039533623173e-01,3.806102648027238078e-01,3.784698466059227551e-01,3.763668777894792483e-01,3.743053600282026938e-01,3.722891711158516359e-01,3.703220307558278690e-01,3.684075242214730483e-01,3.665490843787537756e-01,3.647499377468323423e-01,3.630131928919081430e-01,3.613417601612931573e-01,3.597383369219640525e-01,3.582054834556187561e-01,3.567455196730213163e-01,3.553606006145097473e-01,3.540526660657562497e-01,3.528234477849725437e-01,3.516744776456720012e-01,3.506070801013823068e-01,3.496223411519522872e-01,3.487211740578476937e-01,3.479042469418878736e-01,3.471720398715393840e-01,3.465248041231118736e-01,3.459625641198230128e-01,3.454851844276326522e-01,3.450922682955868681e-01,3.447832446219163405e-01,3.445573379838070549e-01,3.444135667458931294e-01,3.443507402287330765e-01,3.443675202864751594e-01,3.444623492550041854e-01,3.446335063035265156e-01,3.448790869255154989e-01,3.451970331078875742e-01,3.455851120317695035e-01,3.460409622421972142e-01,3.465620521252549269e-01,3.471457303254532611e-01,3.477892125568123882e-01,3.484895863781267145e-01,3.492438441747378608e-01,3.500488665766712804e-01,3.509014417361659421e-01,3.517982754139569734e-01,3.527359928093536934e-01,3.537111768507010257e-01,3.547203332774340190e-01,3.557599301483649890e-01,3.568264084076870346e-01,3.579161852493939477e-01,3.590256536079908800e-01,3.601512135916168367e-01,3.612892775206180129e-01,3.624362413768049684e-01,3.635885717733092770e-01,3.647427402640519567e-01,3.658952813456329278e-01,3.670427754575634194e-01,3.681818713947952459e-01,3.693092996210360357e-01,3.704218471341353403e-01,3.715164249416714748e-01,3.725900272370530897e-01,3.736397499865869998e-01,3.746628161304804139e-01,3.756565638034469190e-01,3.766184678935274865e-01,3.775461299541319482e-01,3.784372965696140012e-01,3.792898659600629774e-01,3.801018802051848167e-01,3.808715398862108081e-01,3.815972343926249399e-01,3.822774756568156906e-01,3.829109659126755938e-01,3.834966029134617704e-01,3.840333996702172126e-01,3.845206245818675872e-01,3.849576476728615582e-01,3.853440665461171366e-01,3.856796463263861829e-01,3.859643067401332117e-01,3.861982131895341230e-01,3.863816280724231000e-01,3.865150438757850027e-01,3.865990955737736989e-01,3.866346293643300736e-01,3.866226089188605775e-01,3.865642001116303406e-01,3.864607275122045604e-01,3.863136561693651938e-01,3.861246130273688904e-01,3.858953824764540519e-01,3.856278512107069179e-01,3.853240983749279258e-01,3.849862816221227835e-01,3.846167087927452877e-01,3.842177977639640307e-01,3.837920722354241088e-01,3.833421560119529836e-01,3.828707478620354543e-01,3.823806694968679420e-01,3.818747891044304565e-01,3.813560361297184675e-01,3.808274242365097817e-01,3.802919905031725833e-01,3.797528395569660931e-01,3.792130825403056127e-01,3.786758606454073139e-01,3.781443251520406057e-01,3.776216429024900623e-01,3.771109620109507343e-01,3.766154067086064372e-01,3.761381009760556005e-01,3.756821166122402689e-01,3.752504868778919200e-01,3.748461878634837263e-01,3.744721474270598094e-01,3.741312162890668702e-01,3.738261646099789726e-01,3.735596859577337003e-01,3.733343730540794048e-01,3.731527093064072043e-01,3.730170868885903657e-01,3.729297634326668165e-01,3.728928838093172327e-01,3.729084598087304414e-01,3.729783785266886365e-01,3.731043662230324465e-01,3.732880184072784324e-01,3.735307668866889030e-01,3.738338984884139182e-01,3.741985340953435379e-01,3.746256291742295907e-01,3.751159636356470872e-01,3.756701833176289695e-01,3.762887160279392296e-01,3.769718496106014283e-01,3.777196681050826732e-01,3.785321061677007770e-01,3.794088979312777443e-01,3.803496267244688145e-01,3.813536832036110713e-01,3.824202815904035879e-01,3.835484744805690016e-01,3.847371402644530480e-01,3.859849704653899316e-01,3.872905216034653875e-01,3.886521655125929620e-01,3.900681247694620657e-01,3.915364533649264289e-01,3.930550865737230115e-01,3.946217678334628109e-01,3.962341549786218553e-01,3.978897425273937305e-01,3.995858838570107707e-01,4.013198567955306717e-01,4.030887736051225745e-01,4.048896726270727608e-01,4.067194902300467207e-01,4.085750534987283022e-01,4.104531294214416315e-01,4.123504006421046530e-01,4.142634692977090194e-01,4.161888928046419966e-01,4.181231871858229199e-01,4.200627926696604564e-01,4.220041620879328437e-01,4.239437001466033750e-01,4.258777901348051453e-01,4.278028285968232813e-01,4.297152176925628231e-01,4.316113464341333472e-01,4.334876446784998727e-01,4.353405887375442762e-01,4.371666621824015220e-01,4.389624160472090364e-01,4.407244582898051100e-01,4.424494621853139464e-01,4.441341696667097105e-01,4.457754155119624806e-01,4.473700984087263244e-01,4.489152555419896329e-01,4.504079920763426337e-01,4.518455424363712059e-01,4.532252608914382197e-01,4.545446126330732195e-01,4.558012198145556804e-01,4.569928113292997529e-01,4.581172793584697422e-01,4.591726506454316126e-01,4.601571157530006118e-01,4.610690009015883106e-01,4.619068202825748481e-01,4.626692152017101711e-01,4.633550317780708583e-01,4.639632574261288722e-01,4.644930507290785937e-01,4.649437468578800359e-01,4.653148571841982384e-01,4.656060558303037888e-01,4.658171952509242986e-01,4.659483080205078509e-01,4.659995798840033121e-01,4.659713930261084047e-01,4.658642690623203686e-01,4.656789099754409245e-01,4.654161800557038431e-01,4.650771177966463998e-01,4.646628920375354688e-01,4.641748437658533288e-01,4.636144703947837620e-01,4.629833793800582908e-01,4.622833423342633807e-01,4.615162938670880344e-01,4.606842102543012851e-01,4.597892891234414692e-01,4.588337743472347130e-01,4.578200522718307020e-01,4.567505968810403050e-01,4.556279787134435710e-01,4.544548537972464275e-01,4.532339783026934077e-01,4.519681486164512929e-01,4.506602290940013300e-01,4.493131692530068499e-01,4.479299292568839075e-01,4.465135355938527062e-01,4.450670254037711882e-01,4.435934701725277041e-01,4.420959327947096007e-01,4.405775323240923580e-01,4.390413125024257290e-01,4.374903542308283266e-01,4.359277075897746712e-01,4.343563781110926225e-01,4.327793539651227928e-01,4.311995681914950751e-01,4.296199004901692375e-01,4.280431652732138437e-01,4.264721205693039474e-01,4.249094330269758690e-01,4.233576901302876783e-01,4.218193998884069429e-01,4.202969875918369791e-01,4.187927088763642169e-01,4.173088002672453722e-01,4.158473141419978814e-01,4.144102288307272008e-01,4.129993702567306690e-01,4.116164504645781208e-01,4.102630432215882417e-01,4.089405949300005672e-01,4.076504049950566144e-01,4.063936151952499687e-01,4.051712647338709949e-01,4.039842107557520268e-01,4.028331719169429559e-01,4.017187179680485332e-01,4.006412722042446695e-01,3.996010991048444816e-01,3.985983381283027538e-01,3.976329485518647067e-01,3.967047603730844418e-01,3.958134570981268197e-01,3.949585792541644436e-01,3.941395186120888461e-01,3.933555330475113077e-01,3.926057362705093756e-01,3.918891500410866535e-01,3.912046102601516306e-01,3.905508712277429573e-01,3.899265598701976421e-01,3.893301839925088492e-01,3.887601710766753760e-01,3.882148107193479913e-01,3.876923140400035939e-01,3.871908112141167480e-01,3.867083552198166685e-01,3.862429074747226743e-01,3.857923912696015201e-01,3.853546252589394872e-01,3.849274296033816101e-01,3.845085424750808167e-01,3.840956816438472199e-01,3.836865470155465530e-01,3.832788212756464974e-01,3.828701378448333692e-01,3.824581691916443260e-01,3.820405939366788850e-01,3.816150811859333469e-01,3.811793411682855015e-01,3.807311023200169453e-01,3.802681588997494089e-01,3.797883229565870433e-01,3.792894798387492217e-01,3.787695726912468919e-01,3.782266309488537814e-01,3.776587444732137366e-01,3.770640932147931168e-01,3.764409726047790450e-01,3.757877497127701805e-01,3.751029168320965113e-01,3.743850724691878962e-01,3.736329487727230725e-01,3.728453895180445232e-01,3.720213739711063505e-01,3.711600055011709531e-01,3.702605577977031159e-01,3.693224183708032071e-01,3.683451442159503264e-01
2.573898563855564481e-01,2.577165477938849203e-01,2.580137772135313590e-01,2.582811453665450063e-01,2.585182755444710434e-01,2.587248562203082192e-01,2.589005857252942300e-01,2.590452295739679722e-01,2.591585911813078513e-01,2.592405076857416946e-01,2.592908907668939889e-01,2.593096765685036775e-01,2.592968533900949502e-01,2.592524769125812978e-01,2.591766366030078816e-01,2.590694929806824920e-01,2.589312468198625150e-01,2.587621592661338843e-01,2.585625474611575325e-01,2.583327892968516615e-01,2.580733125001102302e-01,2.577846169000538867e-01,2.574672352541434450e-01,2.571217894442772156e-01,2.567489411178781045e-01,2.563494161163678564e-01,2.559240048989467331e-01,2.554735486058721250e-01,2.549989422322790356e-01,2.545011637164217300e-01,2.539812207185106474e-01,2.534402006861030676e-01,2.528792254687572960e-01,2.522994851880110412e-01,2.517022328238431861e-01,2.510887596835199576e-01,2.504604162322694449e-01,2.498185991347494084e-01,2.491647622437954956e-01,2.485003982390989463e-01,2.478270479098151347e-01,2.471463048853393407e-01,2.464597892966156611e-01,2.457691770838570378e-01,2.450761622191804101e-01,2.443824891569799651e-01,2.436899235987912138e-01,2.430002697427846026e-01,2.423153572080614937e-01,2.416370369548637154e-01,2.409671763078637952e-01,2.403076691465611259e-01,2.396604184315894726e-01,2.390273421080774396e-01,2.384103572153418449e-01,2.378114038911463279e-01,2.372323998069346407e-01,2.366752764350366078e-01,2.361419614784764087e-01,2.356343553726222007e-01,2.351543698838037266e-01,2.347038810556709987e-01,2.342847445661005723e-01,2.338988033831441160e-01,2.335478615019808690e-01,2.332337037750649711e-01,2.329580624203646255e-01,2.327226405535571252e-01,2.325290991046155831e-01,2.323790429862811757e-01,2.322740304079652374e-01,2.322155775142841216e-01,2.322051249368217163e-01,2.322440595722994050e-01,2.323336958102248939e-01,2.324752992552624464e-01,2.326700426456917992e-01,2.329190374101721139e-01,2.332233047238377599e-01,2.335837908265404883e-01,2.340013629510180326e-01,2.344768035021750074e-01,2.350107874407826314e-01,2.356039164318243506e-01,2.362566920835573459e-01,2.369695152239411629e-01,2.377426957930928453e-01,2.385764320452937182e-01,2.394708308156850707e-01,2.404258972463818589e-01,2.414415242147445184e-01,2.425174914418147809e-01,2.436534803890096912e-01,2.448490707763413821e-01,2.461037249144944761e-01,2.474167919999791798e-01,2.487875200723610181e-01,2.502150399591356322e-01,2.516983877299746042e-01,2.532364693930490573e-01,2.548281001137123192e-01,2.564719691447092109e-01,2.581666883979553129e-01,2.599107251355703418e-01,2.617024832048412963e-01,2.635402330669658344e-01,2.654221598955860406e-01,2.673463434044064946e-01,2.693107741092516383e-01,2.713133472131838975e-01,2.733518579324664688e-01,2.754240145082252900e-01,2.775274564354559548e-01,2.796597257855289453e-01,2.818182816401914592e-01,2.840005246173098463e-01,2.862037658982224397e-01,2.884252646946188769e-01,2.906622007573992916e-01,2.929117108551663184e-01,2.951708679031275762e-01,2.974366922213123043e-01,2.997061630752744232e-01,3.019762086418866232e-01,3.042437356079435995e-01,3.065056057790860877e-01,3.087586657210983354e-01,3.109997280019624055e-01,3.132255959547386448e-01,3.154330693569137867e-01,3.176189142255596565e-01,3.197799403023841580e-01,3.219129185383292069e-01,3.240146592941837711e-01,3.260819651921248452e-01,3.281116863208328738e-01,3.301006836917426135e-01,3.320458397689884378e-01,3.339440962707563298e-01,3.357924219955027989e-01,3.375878415795118825e-01,3.393274249582139968e-01,3.410083095198176428e-01,3.426276901691723831e-01,3.441828266583601970e-01,3.456710565789263834e-01,3.470897863034286268e-01,3.484365298400051159e-01,3.497088470839581631e-01,3.509044261761021244e-01,3.520210274637738945e-01,3.530565263715146895e-01,3.540088918623230385e-01,3.548761969624358303e-01,3.556566375468975250e-01,3.563485101580577408e-01,3.569502409212864658e-01,3.574603536701317918e-01,3.578775249213416165e-01,3.582005423167356484e-01,3.584283136599538122e-01,3.585598897413940223e-01,3.585944333497044778e-01,3.585312667725646940e-01,3.583698316093466563e-01,3.581097090626537693e-01,3.577506131188327720e-01,3.572923868990411922e-01,3.567350384184361234e-01,3.560787003124042394e-01,3.553236165837669880e-01,3.544702188724193070e-01,3.535190299278366255e-01,3.524707498793057669e-01,3.513261764148969402e-01,3.500862646086905228e-01,3.487520912058480471e-01,3.473248837715089965e-01,3.458059727803979855e-01,3.441968241178889887e-01,3.424990370946792151e-01,3.407143313929880679e-01,3.388445350053792549e-01,3.368915953520735251e-01,3.348575845152828578e-01,3.327446714459410537e-01,3.305551232946297713e-01,3.282913431670301807e-01,3.259557886794223758e-01,3.235510249895875989e-01,3.210797400039623883e-01,3.185446626720817576e-01,3.159486180073030615e-01,3.132945126718100215e-01,3.105853223102772454e-01,3.078240715295560981e-01,3.050138791327764443e-01,3.021578824417996412e-01,2.992592913827008538e-01,2.963213620910252755e-01,2.933473776429376123e-01,2.903406662088473533e-01,2.873045773790016133e-01,2.842424839411140103e-01,2.811577907053693925e-01,2.780538922480484398e-01,2.749342116344397069e-01,2.718021508915431372e-01,2.686611283858592047e-01,2.655145427083469567e-01,2.623657763301215917e-01,2.592181958309662804e-01,2.560751412265198645e-01,2.529399157481395100e-01,2.498157949055552496e-01,2.467060027676109268e-01,2.436137292516905029e-01,2.405421134546083528e-01,2.374942247869679668e-01,2.344730757670342447e-01,2.314816328902686848e-01,2.285227760376530304e-01,2.255993076427430521e-01,2.227139701507864222e-01,2.198694263562448736e-01,2.170682291176122269e-01,2.143128678287670452e-01,2.116057283211881801e-01,2.089491124494606555e-01,2.063452162517681598e-01,2.037961412178825038e-01,2.013038803421419720e-01,1.988703270590260752e-01,1.964972716202956216e-01,1.941863807143918430e-01,1.919392328654814239e-01,1.897572811415452754e-01,1.876418687329425017e-01,1.855942168709566464e-01,1.836154494348170019e-01,1.817065588219780037e-01,1.798684370633811258e-01,1.781018447008178018e-01,1.764074451140625333e-01,1.747857610794796845e-01,1.732372256873202232e-01,1.717621493136233801e-01,1.703607238548050795e-01,1.690330324823852148e-01,1.677790504855163067e-01,1.665986435704919499e-01,1.654915711003458745e-01,1.644574781760362592e-01,1.634959097547866169e-01,1.626063206387137750e-01,1.617880546776287176e-01,1.610403656083576607e-01,1.603624049253865869e-01,1.597532460418474853e-01,1.592118610609541129e-01,1.587371451987705240e-01,1.583279102679796269e-01,1.579828974539671249e-01,1.577007533192019417e-01,1.574800721492643774e-01,1.573193687524400142e-01,1.572171028552400429e-01,1.571716694136346126e-01,1.571814119751782646e-01,1.572446041006641815e-01,1.573594910698939697e-01,1.575242729844897605e-01,1.577370891208710879e-01,1.579960595024613168e-01,1.582992706993541498e-01,1.586447771822166730e-01,1.590306078450500482e-01,1.594547718515269275e-01,1.599152604066729488e-01,1.604100544305328557e-01,1.609371350419378510e-01,1.614944629110284802e-01,1.620800019444596785e-01,1.626917214850577276e-01,1.633276088169861584e-01,1.639856369342153342e-01,1.646638121159852419e-01,1.653601590201748128e-01,1.660727076496225640e-01,1.667995176820286085e-01,1.675386900403290635e-01,1.682883352115541742e-01,1.690466139613592267e-01,1.698117082840018832e-01,1.705818493562883120e-01,1.713553050592655225e-01,1.721304016204191489e-01,1.729054777924808606e-01,1.736789576380082523e-01,1.744492881592143163e-01,1.752149925843499989e-01,1.759746291503393456e-01,1.767268174172821338e-01,1.774702381636403536e-01,1.782036239315330783e-01,1.789257790608144993e-01,1.796355570272390179e-01,1.803318728955094208e-01,1.810137197298551937e-01,1.816801370915661906e-01,1.823302287764996255e-01,1.829631756083643646e-01,1.835782121404155864e-01,1.841746358316397880e-01,1.847518169359149420e-01,1.853091946890512431e-01,1.858462432422062771e-01,1.863625325055137394e-01,1.868576792827690014e-01,1.873313691731194608e-01,1.877833423213779440e-01,1.882133989826937082e-01,1.886214038289836803e-01,1.890072792604716445e-01,1.893710066931963698e-01,1.897126103297178679e-01,1.900321885011386769e-01,1.903298761648010151e-01,1.906058643434953015e-01,1.908603966395601426e-01,1.910937628133560773e-01,1.913062987149974914e-01,1.914983863591374069e-01,1.916704427958841606e-01,1.918229339001545630e-01,1.919563616870629263e-01,1.920712620023063977e-01,1.921682172598200844e-01,1.922478202647760204e-01,1.923107148385043430e-01,1.923575705705138639e-01,1.923890696634396880e-01,1.924059282997380715e-01,1.924088958851486453e-01,1.923987269894333052e-01,1.923761944987315009e-01,1.923420922040399439e-01,1.922972321131129481e-01,1.922424290937960190e-01,1.921785176661380545e-01,1.921063342270660779e-01,1.920267288996397037e-01,1.919405476723277937e-01,1.918486445487010972e-01,1.917518673647096161e-01,1.916510800935800063e-01,1.915471310207185474e-01,1.914408644788859748e-01,1.913331241641277880e-01,1.912247439551816863e-01,1.911165520268694740e-01,1.910093699943349321e-01,1.909039998673837668e-01,1.908012349543271868e-01,1.907018655822995123e-01,1.906066471525205142e-01,1.905163426715918429e-01,1.904316672609510097e-01,1.903533650910151920e-01,1.902821187764816568e-01,1.902186136537733219e-01,1.901635143365476843e-01,1.901174477571376531e-01,1.900810494585278843e-01,1.900549113671102797e-01,1.900396117103978488e-01,1.900357126997496149e-01,1.900437297342061627e-01,1.900641802966903937e-01,1.900975551924014850e-01,1.901443163427828931e-01,1.902048932200949838e-01,1.902797157351277246e-01,1.903691660280790732e-01,1.904736156503683830e-01,1.905934158113136989e-01,1.907288873767455650e-01,1.908803206021884302e-01,1.910480055458600723e-01,1.912321858743948888e-01,1.914330961974670120e-01,1.916509449021518985e-01,1.918859141555730730e-01,1.921381693972260551e-01,1.924078614286764966e-01,1.926951000752882004e-01,1.929999897543762388e-01,1.933226176145734498e-01,1.936630318514246663e-01,1.940212737110604824e-01,1.943973727860569545e-01,1.947913199538147122e-01,1.952030997867869044e-01,1.956326765699010761e-01,1.960799928680934667e-01,1.965449806342972339e-01,1.970275430710599074e-01,1.975275738171340389e-01,1.980449514078274909e-01,1.985795330533287606e-01,1.991311484133602983e-01,1.996996496899178242e-01,2.002848159068880973e-01,2.008864653719923121e-01,2.015043578039460992e-01,2.021382675132654960e-01,2.027879390405903648e-01,2.034531070320098056e-01,2.041334807108856619e-01,2.048287744639481212e-01,2.055386661967381901e-01,2.062628321939646292e-01,2.070009374085838572e-01,2.077526180772540920e-01,2.085175108578358194e-01,2.092952225439832226e-01,2.100853653541876753e-01
8.291383694533768223e-01,8.250964352886961395e-01,8.210453584307770836e-01,8.169890642529551439e-01,8.129314840274100007e-01,8.088764826448054945e-01,8.048279473367430104e-01,8.007896377313500347e-01,7.967653390342779307e-01,7.927587467088090811e-01,7.887735226391165977e-01,7.848132554689257745e-01,7.808815000687880925e-01,7.769817031155720199e-01,7.731173286632971875e-01,7.692917015203687425e-01,7.655081223354721631e-01,7.617697685324665846e-01,7.580798547632398021e-01,7.544413934351456019e-01,7.508574319834666611e-01,7.473308933311955116e-01,7.438646387141588656e-01,7.404614397071930254e-01,7.371240176042198611e-01,7.338550282146294457e-01,7.306570161244061445e-01,7.275324746206814908e-01,7.244838287485058093e-01,7.215134088781592903e-01,7.186234845524702708e-01,7.158162701548144158e-01,7.130938685640066943e-01,7.104583567409781253e-01,7.079117105263226239e-01,7.054558243230405479e-01,7.030925667158585135e-01,7.008237216631973965e-01,6.986509630653570113e-01,6.965759871168686335e-01,6.946003323075111702e-01,6.927255486594751099e-01,6.909530640951624392e-01,6.892843015800979023e-01,6.877205670209772803e-01,6.862631484627916834e-01,6.849132704928239113e-01,6.836720732720729110e-01,6.825406660499183653e-01,6.815200934929752652e-01,6.806113369200929020e-01,6.798153515540817926e-01,6.791330006145145370e-01,6.785651041700352382e-01,6.781124281844119750e-01,6.777757212217396798e-01,6.775556296556648483e-01,6.774527549597308962e-01,6.774676721771248911e-01,6.776008811965356093e-01,6.778528157289617218e-01,6.782238847785103664e-01,6.787144084775280639e-01,6.793246917012853991e-01,6.800549591832867335e-01,6.809053673767400117e-01,6.818760218970676412e-01,6.829669970020372238e-01,6.841782293148138683e-01,6.855096908489985985e-01,6.869612085603009621e-01,6.885325892893874311e-01,6.902235636882374514e-01,6.920337717625435481e-01,6.939627866715335491e-01,6.960101527402745569e-01,6.981752804044754068e-01,7.004575265681655116e-01,7.028561670948075824e-01,7.053703967200314340e-01,7.079993286506514050e-01,7.107419822378502339e-01,7.135973080077586683e-01,7.165641325500098358e-01,7.196411946016330052e-01,7.228271564759454204e-01,7.261206030380746856e-01,7.295199467039290564e-01,7.330235757138442443e-01,7.366297372539526433e-01,7.403365611626980813e-01,7.441420841713304313e-01,7.480442599031476014e-01,7.520408822766517787e-01,7.561296751388459914e-01,7.603082069886312189e-01,7.645739654834505794e-01,7.689243060455693834e-01,7.733564842357592006e-01,7.778675982282845514e-01,7.824546769096155652e-01,7.871146169712582852e-01,7.918441488569193387e-01,7.966399631958119842e-01,8.014985693149654367e-01,8.064163725126169968e-01,8.113897113006766082e-01,8.164147326578299335e-01,8.214874953427849791e-01,8.266039986283907348e-01,8.317600335766195396e-01,8.369513700593729233e-01,8.421736264024584084e-01,8.474223182907988372e-01,8.526928769287874799e-01,8.579806567555621211e-01,8.632808385519499250e-01,8.685886073113451289e-01,8.738989773842257280e-01,8.792069688766366298e-01,8.845074439177602610e-01,8.897952542490906724e-01,8.950651544552650218e-01,9.003118347989580439e-01,9.055299414106120492e-01,9.107140650197379506e-01,9.158587320710853685e-01,9.209585197282540436e-01,9.260078545564147667e-01,9.310012095083538552e-01,9.359330677396378029e-01,9.407977961329743177e-01,9.455898839665857203e-01,9.503037551707498309e-01,9.549338749055118480e-01,9.594747121541062906e-01,9.639207987240103748e-01,9.682666394120503783e-01,9.725068705150157200e-01,9.766361407076088463e-01,9.806491706057355318e-01,9.845407323884073358e-01,9.883057158135247766e-01,9.919390678834577590e-01,9.954358883788479995e-01,9.987912982759092895e-01,1.002000617503141955e+00,1.005059251461142278e+00,1.007962744544099509e+00,1.010706774284919396e+00,1.013287197560225561e+00,1.015699977643976792e+00,1.017941304403487512e+00,1.020007512596323052e+00,1.021895094159548600e+00,1.023600751235426598e+00,1.025121444079669208e+00,1.026454196973034083e+00,1.027596394397579660e+00,1.028545478995118279e+00,1.029299290992491622e+00,1.029855740807143594e+00,1.030213078371583935e+00,1.030369741492761726e+00,1.030324422027469433e+00,1.030076035739156959e+00,1.029623807333050589e+00,1.028967159377892626e+00,1.028105818062880594e+00,1.027039708935358009e+00,1.025769097323031120e+00,1.024294434926122488e+00,1.022616497190476759e+00,1.020736292754809593e+00,1.018655124028639891e+00,1.016374523182881351e+00,1.013896354303044589e+00,1.011222657914890632e+00,1.008355795056419035e+00,1.005298401823685905e+00,1.002053328437114033e+00,9.986237060851803626e-01,9.950129298922611998e-01,9.912246260523315255e-01,9.872626618269768617e-01,9.831311597166237926e-01,9.788344709710534719e-01,9.743771620605405914e-01,9.697640428948653968e-01,9.650001461568646910e-01,9.600906675801433865e-01,9.550410677682730221e-01,9.498569427620020544e-01,9.445440930727653228e-01,9.391085426638737799e-01,9.335564034856567162e-01,9.278939844963178807e-01,9.221277512362533457e-01,9.162643312165695830e-01,9.103103775607948034e-01,9.042727778133412553e-01,8.981584438199865517e-01,8.919744493738805957e-01,8.857279092085253991e-01,8.794260117222498785e-01,8.730760058632636156e-01,8.666852390335745282e-01,8.602610101160981237e-01,8.538106838450498781e-01,8.473416945701710556e-01,8.408613603090908661e-01,8.343771096342603721e-01,8.278962626836084970e-01,8.214261193772355307e-01,8.149739724627919069e-01,8.085470032456327782e-01,8.021523763937037366e-01,7.957971112616258891e-01,7.894881752857165758e-01,7.832324077179584343e-01,7.770365579493284658e-01,7.709072201918836242e-01,7.648508700042281339e-01,7.588738042980878173e-01,7.529821892212944512e-01,7.471820117709794262e-01,7.414790658617499419e-01,7.358789749689392812e-01,7.303871559992444196e-01,7.250088326326080690e-01,7.197490022385888420e-01,7.146124421164458118e-01,7.096036961268350485e-01,7.047270823825156905e-01,6.999866776162232407e-01,6.953863057181489671e-01,6.909295526672595278e-01,6.866197205926721781e-01,6.824598617211147245e-01,6.784527886189277712e-01,6.746009997228639143e-01,6.709067799466796878e-01,6.673720777575767871e-01,6.639986115790886823e-01,6.607877945967568500e-01,6.577408121362736670e-01,6.548585037309180290e-01,6.521415081893121579e-01,6.495901431844327556e-01,6.472044672027172929e-01,6.449842598852648656e-01,6.429290733896800836e-01,6.410381336364457949e-01,6.393104427876827867e-01,6.377447890861566160e-01,6.363396291541321137e-01,6.350932204233922240e-01,6.340035851496947927e-01,6.330685104710048750e-01,6.322855427671888462e-01,6.316520288626424895e-01,6.311650884360444635e-01,6.308216461818834109e-01,6.306184672355307219e-01,6.305520678503507837e-01,6.306188375710952698e-01,6.308149658679634841e-01,6.311365193685266606e-01,6.315793989418188037e-01,6.321393739826547398e-01,6.328120855229597552e-01,6.335930698075781242e-01,6.344777486427732871e-01,6.354614340605708733e-01,6.365393932961671553e-01,6.377068075797521773e-01,6.389588116020916697e-01,6.402904626856569248e-01,6.416967810389260229e-01,6.431728193579496766e-01,6.447135323674083596e-01,6.463139468777501229e-01,6.479690732149862020e-01,6.496739244355757004e-01,6.514235586393134492e-01,6.532131106972991486e-01,6.550376766040176824e-01,6.568925111446998200e-01,6.587729193972300390e-01,6.606742462877389643e-01,6.625919836049553036e-01,6.645217162688578094e-01,6.664591007055742367e-01,6.683999640239142170e-01,6.703402258144223191e-01,6.722760048655596066e-01,6.742034768535790645e-01,6.761190379909500781e-01,6.780192136192531027e-01,6.799007106340271278e-01,6.817604196097343250e-01,6.835953582117966221e-01,6.854027767253159098e-01,6.871801153755621172e-01,6.889249629697694610e-01,6.906351489254487497e-01,6.923086705345984360e-01,6.939437325815535074e-01,6.955387629053302323e-01,6.970923750738845515e-01,6.986033863835524604e-01,7.000708431815060306e-01,7.014939747106637702e-01,7.028722364400036282e-01,7.042052567843727351e-01,7.054929271141711089e-01,7.067352477103890918e-01,7.079325255191144528e-01,7.090852061144456986e-01,7.101939123221953087e-01,7.112594973740812287e-01,7.122829587024451792e-01,7.132655342253316766e-01,7.142085449701720545e-01,7.151135933792689414e-01,7.159823578904442876e-01,7.168166983855210894e-01,7.176186180125594394e-01,7.183903075091845336e-01,7.191340336756248952e-01,7.198522364439745580e-01,7.205474237354277944e-01,7.212222618618414627e-01,7.218795297534544853e-01,7.225220426627336767e-01,7.231527317517278952e-01,7.237746157008270176e-01,7.243907805804542521e-01,7.250043418975562481e-01,7.256184565239377493e-01,7.262363804083090679e-01,7.268613305815524450e-01,7.274965808269301393e-01,7.281453896685655680e-01,7.288110366739800616e-01,7.294967733781974051e-01,7.302058258339730878e-01,7.309414051120967093e-01,7.317066765367737924e-01,7.325047546907518248e-01,7.333386751754999988e-01,7.342114562251563781e-01,7.351259779986608622e-01,7.360850829214444779e-01,7.370915058736852155e-01,7.381478497972762121e-01,7.392566601746805022e-01,7.404203220282490339e-01,7.416411000623657213e-01,7.429211385229536058e-01,7.442624535406988651e-01,7.456669027380380399e-01,7.471361599189992875e-01,7.486717896241761316e-01,7.502751998287223723e-01,7.519475929376500112e-01,7.536899969242714104e-01,7.555033106519820629e-01,7.573882149815140963e-01,7.593452257087477397e-01,7.613746673664596454e-01,7.634766887277761871e-01,7.656512347206784197e-01,7.678980636967324136e-01,7.702167578717282748e-01,7.726066868988544778e-01,7.750670327830937456e-01,7.775968233434457089e-01,7.801948413235680890e-01,7.828597297653309139e-01,7.855899278991037571e-01,7.883836495701603830e-01,7.912390200259133977e-01,7.941539107738591063e-01,7.971260352598679155e-01,8.001529550369471666e-01,8.032320473343743661e-01,8.063605428295720357e-01,8.095355104478508812e-01,8.127538806137099003e-01,8.160124200812429729e-01,8.193077639653096877e-01,8.226364119978575307e-01,8.259947514512825384e-01,8.293790316544028540e-01,8.327854432504747662e-01,8.362099915658620652e-01,8.396486598800102508e-01,8.430973102253631613e-01,8.465517279620149438e-01,8.500076194637742333e-01,8.534606537261920645e-01,8.569064244434607680e-01,8.603405123097360718e-01,8.637584001486311447e-01,8.671556025615728691e-01,8.705275963421541530e-01,8.738698354638111399e-01,8.771778057902770431e-01,8.804469597057087427e-01,8.836728044025440321e-01,8.868508229802575249e-01,8.899766093662330180e-01,8.930457322907257023e-01,8.960538237343002033e-01,8.989966351696111468e-01,9.018699027890992870e-01,9.046694857223209763e-01,9.073913240830927540e-01,9.100314220679915911e-01,9.125859434221564870e-01,9.150510944265423108e-01,9.174232224030370864e-01,9.196987710594218823e-01,9.218743991198988796e-01,9.239467358186385093e-01,9.259127170214686009e-01
6.668577721008708270e-01,6.677855826341931866e-01,6.685842008076283705e-01,6.692552790705499355e-01,6.698006848020159332e-01,6.702226657744083660e-01,6.705236814047695892e-01,6.707065060036115911e-01,6.707741538646662116e-01,6.707298895457453058e-01,6.705772227064129565e-01,6.703199093818988930e-01,6.699618819614954202e-01,6.695073353333291788e-01,6.689606224012970559e-01,6.683262636249270860e-01,6.676089634677643270e-01,6.668135985274098454e-01,6.659451218114159632e-01,6.650086780052971713e-01,6.640094526137491071e-01,6.629527953504905646e-01,6.618440726133845153e-01,6.606887267749698145e-01,6.594922719569709102e-01,6.582602203999328161e-01,6.569981304209044914e-01,6.557115299081323068e-01,6.544059367919917714e-01,6.530868664421292102e-01,6.517597706385472867e-01,6.504300136086971218e-01,6.491029324440370507e-01,6.477837388903624483e-01,6.464775512987777084e-01,6.451893829699725247e-01,6.439241075494144262e-01,6.426864413426762734e-01,6.414809735176670857e-01,6.403121226457504367e-01,6.391840831613223584e-01,6.381009337716099239e-01,6.370664909126090292e-01,6.360844103554146312e-01,6.351580837110847311e-01,6.342907076614657802e-01,6.334852549539776723e-01,6.327444053213276964e-01,6.320706649475744676e-01,6.314662341411598767e-01,6.309330564155793963e-01,6.304728599849124260e-01,6.300870563146294678e-01,6.297768311027858168e-01,6.295430605368168564e-01,6.293863795562441021e-01,6.293071676546556636e-01,6.293054969791824771e-01,6.293811800782320720e-01,6.295338223664829203e-01,6.297626537213047992e-01,6.300667603214609169e-01,6.304448889239715470e-01,6.308955673161397160e-01,6.314171031960645886e-01,6.320075244057289376e-01,6.326646488615552677e-01,6.333860761566246778e-01,6.341691569561324071e-01,6.350110796572493443e-01,6.359088156426214722e-01,6.368591463835577837e-01,6.378586571178493925e-01,6.389038153833898059e-01,6.399908939170796396e-01,6.411160388248557940e-01,6.422752439068424302e-01,6.434644171285880399e-01,6.446793517324433953e-01,6.459157151569407951e-01,6.471691499451931451e-01,6.484351758807614940e-01,6.497092983729695348e-01,6.509869778705865695e-01,6.522636497025777746e-01,6.535347092714949291e-01,6.547955944186710786e-01,6.560417511014151604e-01,6.572686075412269568e-01,6.584717356380737074e-01,6.596466659949513645e-01,6.607890417262521909e-01,6.618945897778121257e-01,6.629591377825218013e-01,6.639785842151496587e-01,6.649490097758479212e-01,6.658665906672058821e-01,6.667276462329887465e-01,6.675286520714852623e-01,6.682662773580826387e-01,6.689373184413838214e-01,6.695388001766835462e-01,6.700679232410794439e-01,6.705221000410666043e-01,6.708989061319592384e-01,6.711962532718689367e-01,6.714121434406271627e-01,6.715448752394790333e-01,6.715929836790828222e-01,6.715552211435187324e-01,6.714306093874408132e-01,6.712184119558466389e-01,6.709181138784314768e-01,6.705294985602825442e-01,6.700525840162441238e-01,6.694876022818877503e-01,6.688351098670517469e-01,6.680958573385761268e-01,6.672708891403266174e-01,6.663614577443648379e-01,6.653691042962325275e-01,6.642955497588093339e-01,6.631428232753229235e-01,6.619131340746534642e-01,6.606089267620056660e-01,6.592328893616502539e-01,6.577879070654539806e-01,6.562770459604245765e-01,6.547036093223823627e-01,6.530710695281664036e-01,6.513830439143576401e-01,6.496433973198623146e-01,6.478560709583350841e-01,6.460251962061667186e-01,6.441550201938267550e-01,6.422499560580960942e-01,6.403144782049341455e-01,6.383531869885703536e-01,6.363707523349237949e-01,6.343719572768276027e-01,6.323615975663305910e-01,6.303445786914696480e-01,6.283257803845885281e-01,6.263101438794579368e-01,6.243025968155219152e-01,6.223080741227485779e-01,6.203315042903333465e-01,6.183777597707063034e-01,6.164516951230620823e-01,6.145580857951060683e-01,6.127016449424952382e-01,6.108869965795336032e-01,6.091186905111856120e-01,6.074011423355674122e-01,6.057386452924897746e-01,6.041353995618941042e-01,6.025954129751860400e-01,6.011225708086483932e-01,5.997205856784116884e-01,5.983929820734875671e-01,5.971431149593733334e-01,5.959741499895880867e-01,5.948890405381956903e-01,5.938905373279067534e-01,5.929811442640186003e-01,5.921632051395140373e-01,5.914387603529813742e-01,5.908096649359285690e-01,5.902775260156754022e-01,5.898436644997833156e-01,5.895092234581198465e-01,5.892750245809419418e-01,5.891417031581481778e-01,5.891095615976241762e-01,5.891787104709933498e-01,5.893489838865684227e-01,5.896199814411193785e-01,5.899909768406497168e-01,5.904610924631226165e-01,5.910291228184135770e-01,5.916936614686502116e-01,5.924530360534039364e-01,5.933053493399789158e-01,5.942484896891960799e-01,5.952800709072461061e-01,5.963975309233748856e-01,5.975980932922149158e-01,5.988787560761764661e-01,6.002363666155615674e-01,6.016675202316227322e-01,6.031686835890571752e-01,6.047361382958373888e-01,6.063660453883766843e-01,6.080543533496893804e-01,6.097969413950841133e-01,6.115895303428988683e-01,6.134277131152355844e-01,6.153070703400971286e-01,6.172229808207984059e-01,6.191708549586575350e-01,6.211459583421204966e-01,6.231435442421418003e-01,6.251588595246549973e-01,6.271870868166357083e-01,6.292234167423095270e-01,6.312630759949456882e-01,6.333012419402810345e-01,6.353331808488690280e-01,6.373541954720414182e-01,6.393596277922668492e-01,6.413449153885102394e-01,6.433055628902460965e-01,6.452371785538631999e-01,6.471354652244606376e-01,6.489962621160312306e-01,6.508155472426738752e-01,6.525894263016851493e-01,6.543141489429538105e-01,6.559861599904450724e-01,6.576020239090414332e-01,6.591585698757006506e-01,6.606527272804356699e-01,6.620816918442691268e-01,6.634428492244256459e-01,6.647337634488975633e-01,6.659522757578565377e-01,6.670964114075212947e-01,6.681644381881018946e-01,6.691548653241002897e-01,6.700664557589740555e-01,6.708981647507564761e-01,6.716492325812021269e-01,6.723191435126204540e-01,6.729076384841546909e-01,6.734146614716871593e-01,6.738404591871807181e-01,6.741854738104069433e-01,6.744504519669607401e-01,6.746363043928781389e-01,6.747442384619070088e-01,6.747756917527297782e-01,6.747322871384703324e-01,6.746159461265651691e-01,6.744287462395301969e-01,6.741729652793453376e-01,6.738511305948128305e-01,6.734659906677236130e-01,6.730204064642874018e-01,6.725174591161909854e-01,6.719603943337504326e-01,6.713526221838356234e-01,6.706976880133070917e-01,6.699992979523886616e-01,6.692612558778165965e-01,6.684875100442718709e-01,6.676820836656796043e-01,6.668491056009192564e-01,6.659928053429194916e-01,6.651174066233167537e-01,6.642272908946660337e-01,6.633267516326186719e-01,6.624202259529655690e-01,6.615120812573317410e-01,6.606067029686673031e-01,6.597084848217450448e-01,6.588217895094409249e-01,6.579508631774797500e-01,6.571000148534755780e-01,6.562733548932787597e-01,6.554750148550380073e-01,6.547089786318949223e-01,6.539791067619024068e-01,6.532891914687048995e-01,6.526428451406640630e-01,6.520435248701212938e-01,6.514945759166016481e-01,6.509991332796924990e-01,6.505601573953075922e-01,6.501804519953543471e-01,6.498625694166539901e-01,6.496088983709743525e-01,6.494215623908963231e-01,6.493025340412250657e-01,6.492534559669687066e-01,6.492758108455847221e-01,6.493707994684814189e-01,6.495393537149789509e-01,6.497821963898777753e-01,6.500997650550014439e-01,6.504922191645502449e-01,6.509594889115950522e-01,6.515011774627889052e-01,6.521166787242700380e-01,6.528051025087225900e-01,6.535652626604990800e-01,6.543957454986363276e-01,6.552948329014870454e-01,6.562605567987774835e-01,6.572907129532588044e-01,6.583827948949685371e-01,6.595341007962619573e-01,6.607416419967304666e-01,6.620022130351970180e-01,6.633123766007682498e-01,6.646684577044098541e-01,6.660665737170049505e-01,6.675026437078801500e-01,6.689723912432304909e-01,6.704713329576086345e-01,6.719948495797524179e-01,6.735381115813681152e-01,6.750961714284549053e-01,6.766639566123836547e-01,6.782362172279989831e-01,6.798076365201433102e-01,6.813727825327090537e-01,6.829261299072354463e-01,6.844621016648474443e-01,6.859750712532912686e-01,6.874593437139755459e-01,6.889092225718426166e-01,6.903189527473359011e-01,6.916828918956139383e-01,6.929952932733387527e-01,6.942505432390049247e-01,6.954430272930156587e-01,6.965672178631048261e-01,6.976176601569360480e-01,6.985890147426820906e-01,6.994760381707524344e-01,7.002736409234268100e-01,7.009768462234737818e-01,7.015808589337038104e-01,7.020810388211182751e-01,7.024729516841193844e-01,7.027523339553440884e-01,7.029151649746160357e-01,7.029576423059532564e-01,7.028761763381834449e-01,7.026674462705184698e-01,7.023284012595183423e-01,7.018562415249671727e-01,7.012484482930980700e-01,7.005027795036060656e-01,6.996173206772016151e-01,6.985904446115225319e-01,6.974208285963137133e-01,6.961074663140170982e-01,6.946496819754708341e-01,6.930471143461072181e-01,6.912997668039190247e-01,6.894079325579878237e-01,6.873722644147549632e-01,6.851937442415716450e-01,6.828736929761441976e-01,6.804137899720490434e-01,6.778160016227542384e-01,6.750826558710713021e-01,6.722164341453242820e-01,6.692202961775450820e-01,6.660975741587626953e-01,6.628518857370242490e-01,6.594871635537491450e-01,6.560076381674856405e-01,6.524178670253152346e-01,6.487226568037616214e-01,6.449271207294370312e-01,6.410366340097268800e-01,6.370567992509186261e-01,6.329935224955940409e-01,6.288528872031775574e-01,6.246412374127693345e-01,6.203651158356112694e-01,6.160312410682816653e-01,6.116465237640915653e-01,6.072180735065846324e-01,6.027530818021701320e-01,5.982589432764791049e-01,5.937431229797447418e-01,5.892132066195960860e-01,5.846768649021656383e-01,5.801418369668299713e-01,5.756159118802284258e-01,5.711069301716120705e-01,5.666226819880904042e-01,5.621710519730136468e-01,5.577598499896838646e-01,5.533968461957387008e-01,5.490897867220490003e-01,5.448463079075619442e-01,5.406739935018994858e-01,5.365803220800415829e-01,5.325725887951189286e-01,5.286580141521034504e-01,5.248436614929348210e-01,5.211363776436332973e-01,5.175428411044871169e-01,5.140695516770169560e-01,5.107227439618768905e-01,5.075084729300253228e-01,5.044325004768736020e-01,5.015003652854839178e-01,4.987173020082831254e-01,4.960882741603978019e-01,4.936179622517251064e-01,4.913107159560647363e-01,4.891705809495144330e-01,4.872012863182834663e-01,4.854062099328317892e-01,4.837884113797515928e-01,4.823505491824329194e-01,4.810949916262300952e-01,4.800236986696064800e-01,4.791383186907229863e-01,4.784400639089878560e-01,4.779298141733284710e-01,4.776080886304795436e-01,4.774750006057533191e-01,4.775303071922470943e-01,4.777733927140226933e-01,4.782032690833133426e-01,4.788185795489398600e-01,4.796176028162025817e-01,4.805982587285039798e-01,4.817580923045139407e-01,4.830943261880185080e-01,4.846038391472394791e-01
1.596075983096835182e-01,1.584837750062999817e-01,1.574295466913747943e-01,1.564466689608065564e-01,1.555368229151491699e-01,1.547015977555366850e-01,1.539424818388248073e-01,1.532608879234918509e-01,1.526581120044885054e-01,1.521353662343755131e-01,1.516937547662356722e-01,1.513342724042438248e-01,1.510578203544299114e-01,1.508651839005703821e-01,1.507570360229259221e-01,1.507339364801050796e-01,1.507963426305305443e-01,1.509445859953952584e-01,1.511788843706232954e-01,1.514993397727265323e-01,1.519059362711048800e-01,1.523985340448125170e-01,1.529768785645781171e-01,1.536405917147966038e-01,1.543891831690132332e-01,1.552220318708984192e-01,1.561383972690066346e-01,1.571374226958281717e-01,1.582181308822869503e-01,1.593794314287369507e-01,1.606201049399481884e-01,1.619388228722186129e-01,1.633341412069105325e-01,1.648044952079293357e-01,1.663482123412006741e-01,1.679635168466873940e-01,1.696485111860029926e-01,1.714012015784887599e-01,1.732194863030729060e-01,1.751011538157960234e-01,1.770439223003191787e-01,1.790453795931125636e-01,1.811030393698949137e-01,1.832143305179018411e-01,1.853765871134310239e-01,1.875870562859486002e-01,1.898429296450800663e-01,1.921412964638255505e-01,1.944791900939222551e-01,1.968535844736314377e-01,1.992613826172205116e-01,2.016994239855904036e-01,2.041645123481654611e-01,2.066533881067144085e-01,2.091627561343177566e-01,2.116892840768903050e-01,2.142295956267892543e-01,2.167802996412524774e-01,2.193379765503282730e-01,2.218991893983937314e-01,2.244604809459379291e-01,2.270183996416169359e-01,2.295694810221540205e-01,2.321102652355251095e-01,2.346373037916151538e-01,2.371471577506074624e-01,2.396364182831271783e-01,2.421016797551543698e-01,2.445395902654142750e-01,2.469468161869340928e-01,2.493200669185404172e-01,2.516561052100374507e-01,2.539517347341175846e-01,2.562038195507127525e-01,2.584092801900096381e-01,2.605651052104650534e-01,2.626683605965589030e-01,2.647161691257721716e-01,2.667057496891174773e-01,2.686343955008961282e-01,2.704994958561682261e-01,2.722985163404734177e-01,2.740290434230474581e-01,2.756887412033574569e-01,2.772753866370631370e-01,2.787868662373247930e-01,2.802211751780038229e-01,2.815764219068772611e-01,2.828508293715881750e-01,2.840427475363509480e-01,2.851506361135588419e-01,2.861730937995294877e-01,2.871088350417855262e-01,2.879567088125625784e-01,2.887156904007916469e-01,2.893848914348493007e-01,2.899635531734146010e-01,2.904510554846942982e-01,2.908469050146294532e-01,2.911507545853554424e-01,2.913623832241742928e-01,2.914817149854437850e-01,2.915087984648447317e-01,2.914438313652037982e-01,2.912871397368233528e-01,2.910391815280426453e-01,2.907005484637212867e-01,2.902719808682643343e-01,2.897543130222432484e-01,2.891485394439413659e-01,2.884557728979394997e-01,2.876772465791301858e-01,2.868143187147937367e-01,2.858684640832687140e-01,2.848412801389545446e-01,2.837344726159425345e-01,2.825498594509355255e-01,2.812893626200776431e-01,2.799550159170551833e-01,2.785489393334880659e-01,2.770733599903431599e-01,2.755305914621629104e-01,2.739230377778655856e-01,2.722531803110491144e-01,2.705235924299329020e-01,2.687369011544125663e-01,2.668958103393629933e-01,2.650031001113740681e-01,2.630615857532346280e-01,2.610741710878488608e-01,2.590437701101239720e-01,2.569733641850421302e-01,2.548659667414128194e-01,2.527246263558060035e-01,2.505524128172595955e-01,2.483524310702355520e-01,2.461277862674189632e-01,2.438816038731367597e-01,2.416170169495097109e-01,2.393371470046010696e-01,2.370451295632645394e-01,2.347440735013328061e-01,2.324370782489436627e-01,2.301272237970090340e-01,2.278175576255899448e-01,2.255110954764684428e-01,2.232108245806139757e-01,2.209196851089794966e-01,2.186405731137958108e-01,2.163763224231328719e-01,2.141297347073626844e-01,2.119035187576749080e-01,2.097003408869549945e-01,2.075227925015457331e-01,2.053733973013210368e-01,2.032545854459038293e-01,2.011687239399867488e-01,1.991180784776378221e-01,1.971048363040360241e-01,1.951310988321891537e-01,1.931988543552610460e-01,1.913100097773042241e-01,1.894663720085436598e-01,1.876696266903564170e-01,1.859213725511025261e-01,1.842230948739723706e-01,1.825761717547696172e-01,1.809818655703674117e-01,1.794413360735997998e-01,1.779556140045431001e-01,1.765256387977329755e-01,1.751522146678890224e-01,1.738360386684452141e-01,1.725776886020399525e-01,1.713776339166116769e-01,1.702362222955445814e-01,1.691536842452882050e-01,1.681301362121054299e-01,1.671655921657954624e-01,1.662599378236082337e-01,1.654129539085086031e-01,1.646243091167688688e-01,1.638935667326273660e-01,1.632201776482934130e-01,1.626034992178472527e-01,1.620427718386928118e-01,1.615371489024692853e-01,1.610856776299383619e-01,1.606873146123731777e-01,1.603409229321574869e-01,1.600452790937226533e-01,1.597990723250842515e-01,1.596009133620047427e-01,1.594493278995501029e-01,1.593427735585467575e-01,1.592796325560929815e-01,1.592582298094948612e-01,1.592768091240496509e-01,1.593335758583658002e-01,1.594266634412411787e-01,1.595541660409671436e-01,1.597141295095337310e-01,1.599045560146385991e-01,1.601234066043812632e-01,1.603686231192483214e-01,1.606381070891053364e-01,1.609297385501902433e-01,1.612413797930492276e-01,1.615708866497022889e-01,1.619160910339120796e-01,1.622748251479206039e-01,1.626449336279863767e-01,1.630242411083156762e-01,1.634105961920574446e-01,1.638018634163172782e-01,1.641959166359956146e-01,1.645906437947529943e-01,1.649839840298876203e-01,1.653738754672202382e-01,1.657583126821136066e-01,1.661353249022145817e-01,1.665029709052866513e-01,1.668593730028384015e-01,1.672026891271906068e-01,1.675311331101725643e-01,1.678429759701388635e-01,1.681365537724623382e-01,1.684102619804614120e-01,1.686625525256321423e-01,1.688919608750214518e-01,1.690970858492746032e-01,1.692765997285279322e-01,1.694292488981680167e-01,1.695538627341897364e-01,1.696493585299711504e-01,1.697147152503195588e-01,1.697490098574771511e-01,1.697514063281067853e-01,1.697211443039241263e-01,1.696575636192271530e-01,1.695600808189554332e-01,1.694282152472861569e-01,1.692615685733581121e-01,1.690598324572501199e-01,1.688227813220293527e-01,1.685503097143735141e-01,1.682423558945198849e-01,1.678990015882816655e-01,1.675203786989200583e-01,1.671067275530732088e-01,1.666583641478890654e-01,1.661757101596093855e-01,1.656592541041253253e-01,1.651095779018771081e-01,1.645273541520893557e-01,1.639133306298670989e-01,1.632683331876289001e-01,1.625932614125672193e-01,1.618891104230050226e-01,1.611569301253115982e-01,1.603978538034205037e-01,1.596130737766729146e-01,1.588038658740603959e-01,1.579715428618933271e-01,1.571175122156592552e-01,1.562432186381378096e-01,1.553501674290596601e-01,1.544399178827046692e-01,1.535140736617779111e-01,1.525743002151090932e-01,1.516222804107977551e-01,1.506597697000039149e-01,1.496885276345758520e-01,1.487103694730101677e-01,1.477271395536980669e-01,1.467406917633927443e-01,1.457529162733327555e-01,1.447657224325138714e-01,1.437810334198220963e-01,1.428007777581597193e-01,1.418269079647386799e-01,1.408613692902849490e-01,1.399061144326670947e-01,1.389630948392726328e-01,1.380342530496311559e-01,1.371215289468204479e-01,1.362268398107611411e-01,1.353521049616579486e-01,1.344992110125347029e-01,1.336700298773146334e-01,1.328664070523073448e-01,1.320901600373408646e-01,1.313430728060598907e-01,1.306269042009271797e-01,1.299433613730446579e-01,1.292941316113328520e-01,1.286808470870560162e-01,1.281050960386763693e-01,1.275684180190842232e-01,1.270723158396908081e-01,1.266182186474435478e-01,1.262075254450741035e-01,1.258415605543991844e-01,1.255215934174093440e-01,1.252488483221895765e-01,1.250244581668582822e-01,1.248495238315576461e-01,1.247250575951623780e-01,1.246520228832117966e-01,1.246312974873300533e-01,1.246637037524142566e-01,1.247499860124926113e-01,1.248908224126396155e-01,1.250868101907531560e-01,1.253384877388045160e-01,1.256463041805168102e-01,1.260106472455359561e-01,1.264318227984397580e-01,1.269100647800821546e-01,1.274455288434545308e-01,1.280382953788607447e-01,1.286883804345728133e-01,1.293957068477865069e-01,1.301601407409998801e-01,1.309814635215547640e-01,1.318593799130428901e-01,1.327935348230542822e-01,1.337834789423051896e-01,1.348287125637733785e-01,1.359286532390580893e-01,1.370826522751026622e-01,1.382899858381078928e-01,1.395498692442703192e-01,1.408614453034522929e-01,1.422237920876192885e-01,1.436359266535850165e-01,1.450967994276325945e-01,1.466052982826322182e-01,1.481602460330363469e-01,1.497604224888723912e-01,1.514045356319326796e-01,1.530912444308482334e-01,1.548191519424778617e-01,1.565868036444815481e-01,1.583927096361078257e-01,1.602353195578892220e-01,1.621130378998290600e-01,1.640242312124313984e-01,1.659672169266553643e-01,1.679402709661483306e-01,1.699416403262215269e-01,1.719695263020945275e-01,1.740220950210547846e-01,1.760974865172365011e-01,1.781938179361500230e-01,1.803091507427532492e-01,1.824415500221052699e-01,1.845890450257861304e-01,1.867496406162854339e-01,1.889213272970188540e-01,1.911020766747317523e-01,1.932898489040528744e-01,1.954825798745758181e-01,1.976782090373701006e-01,1.998746558536601825e-01,2.020698461807459989e-01,2.042616872187990040e-01,2.064480920458900137e-01,2.086269725066685621e-01,2.107962454980057132e-01,2.129538215963810988e-01,2.150976325547561963e-01,2.172256181515033191e-01,2.193357054282478180e-01,2.214258655178509283e-01,2.234940579418379647e-01,2.255382800040867941e-01,2.275565392866181480e-01,2.295468555261989119e-01,2.315072795388852800e-01,2.334358935501322507e-01,2.353307940507612384e-01,2.371901127818160648e-01,2.390120003268647875e-01,2.407946649525561644e-01,2.425363244233798565e-01,2.442352381852984367e-01,2.458897175001477919e-01,2.474980858702702513e-01,2.490587390308207361e-01,2.505700901421286653e-01,2.520306053110077382e-01,2.534388082966734235e-01,2.547932551623348640e-01,2.560925564251156361e-01,2.573353745069140164e-01,2.585204213197558332e-01,2.596464683898995207e-01,2.607123410350242754e-01,2.617169097464807637e-01,2.626591199935587873e-01,2.635379702137685687e-01,2.643525164140403394e-01,2.651018751020962072e-01,2.657852415616638320e-01,2.664018568806300058e-01,2.669510272193288958e-01,2.674321464663203529e-01,2.678446511245595185e-01,2.681880565229591284e-01,2.684619642582518617e-01,2.686660198967906754e-01,2.687999511142431519e-01,2.688635565123517757e-01,2.688567210707630273e-01,2.687793761239402057e-01,2.686315509212773844e-01,2.684133412971871913e-01,2.681249099301490912e-01,2.677665144831372079e-01,2.673384732809296893e-01,2.668411802243712549e-01,2.662751144743480403e-01,2.656408251800451703e-01,2.649389411825322505e-01,2.641701721886263177e-01,2.633352933317960054e-01
4.642030259283766447e-01,4.642521092293230844e-01,4.642733101648454652e-01,4.642663782756351054e-01,4.642311313050589416e-01,4.641673657334636771e-01,4.640749563964375324e-01,4.639537752956968686e-01,4.638037489342831110e-01,4.636248329206017482e-01,4.634170392739902500e-01,4.631804130780743378e-01,4.629150751792606155e-01,4.626211813951374707e-01,4.622989337499617823e-01,4.619485984928834998e-01,4.615705136389314789e-01,4.611650872362628162e-01,4.607327717675964718e-01,4.602740974970046528e-01,4.597896699809503329e-01,4.592801517800498834e-01,4.587462994664902038e-01,4.581889295729231759e-01,4.576089570158273778e-01,4.570073443866686791e-01,4.563851427652549919e-01,4.557434908347130498e-01,4.550835988687684797e-01,4.544067691156091215e-01,4.537143608587364541e-01,4.530078311288340820e-01,4.522887092780496499e-01,4.515585954607746477e-01,4.508191677646523621e-01,4.500721915658957295e-01,4.493194910494375249e-01,4.485629600154399377e-01,4.478045716770004958e-01,4.470463569404950488e-01,4.462904013880013565e-01,4.455388792719429669e-01,4.447939913289383207e-01,4.440580066569063677e-01,4.433332299564788914e-01,4.426220246257544511e-01,4.419268000528003282e-01,4.412499843018442003e-01,4.405940521253987052e-01,4.399614854548098419e-01,4.393548123076048140e-01,4.387765672023827834e-01,4.382292806103421645e-01,4.377155059218647004e-01,4.372378149883819343e-01,4.367987248544901724e-01,4.364007654389563950e-01,4.360464587375376677e-01,4.357382841500138659e-01,4.354787049326024895e-01,4.352701374256017219e-01,4.351149482370050836e-01,4.350154878319453799e-01,4.349740020988306921e-01,4.349927046943332654e-01,4.350737273283215023e-01,4.352191495465144166e-01,4.354309295190317841e-01,4.357109903163675635e-01,4.360611034555533783e-01,4.364829898567966771e-01,4.369782229509098781e-01,4.375483112366259641e-01,4.381945992754791019e-01,4.389183476278944451e-01,4.397206703356633106e-01,4.406025493670299720e-01,4.415648357560833515e-01,4.426082420766772607e-01,4.437333294798895822e-01,4.449405115576147707e-01,4.462300442780894882e-01,4.476020470272136786e-01,4.490564531416862404e-01,4.505930516475044612e-01,4.522114538121805305e-01,4.539111299984436854e-01,4.556913729930008317e-01,4.575512674873120078e-01,4.594897866805403019e-01,4.615057068572031018e-01,4.635976152220701585e-01,4.657639684991366491e-01,4.680030178738867619e-01,4.703128630925913489e-01,4.726914325346408541e-01,4.751364908805773002e-01,4.776456347173557715e-01,4.802163021029635104e-01,4.828457776331447349e-01,4.855311862408108747e-01,4.882694991028566078e-01,4.910575393682564127e-01,4.938919841669867639e-01,4.967694088006479602e-01,4.996862158299301138e-01,5.026386648934297874e-01,5.056229578617920106e-01,5.086351428306196132e-01,5.116711419876530664e-01,5.147268261366729769e-01,5.177979203115120610e-01,5.208801038832465702e-01,5.239689546863788294e-01,5.270599945911178530e-01,5.301486369044280389e-01,5.332303400701718932e-01,5.363004014419779919e-01,5.393541605949696560e-01,5.423869009273600827e-01,5.453938816262579037e-01,5.483703544731679536e-01,5.513116067052031832e-01,5.542128769897231022e-01,5.570694558103559402e-01,5.598766600109715830e-01,5.626298528965730794e-01,5.653244015612247653e-01,5.679557926880363095e-01,5.705195275924097587e-01,5.730112294600554490e-01,5.754265448746247458e-01,5.777612857121718903e-01,5.800112988674739345e-01,5.821726010902275039e-01,5.842412808343787622e-01,5.862136043666691387e-01,5.880859292145378392e-01,5.898547940073776141e-01,5.915168539712880591e-01,5.930689873724290795e-01,5.945081645562009243e-01,5.958315750428789803e-01,5.970365852524333050e-01,5.981207568122268725e-01,5.990817969953134980e-01,5.999176855056864710e-01,6.006265613669790060e-01,6.012067735783582778e-01,6.016568981751633238e-01,6.019757003639076842e-01,6.021622127204747654e-01,6.022156483296768892e-01,6.021354769442688326e-01,6.019213537927433633e-01,6.015732006536202991e-01,6.010911812845765034e-01,6.004756524916241567e-01,5.997271956803659210e-01,5.988466617859338204e-01,5.978351148070554233e-01,5.966938542523233524e-01,5.954243752448773463e-01,5.940284274411234966e-01,5.925079663367188720e-01,5.908651902529666877e-01,5.891024534211709573e-01,5.872223977740690382e-01,5.852278010167631939e-01,5.831216610734536454e-01,5.809072042106830924e-01,5.785878100930641477e-01,5.761670335920703323e-01,5.736486229119475144e-01,5.710364779720287220e-01,5.683346897246157603e-01,5.655474610104578304e-01,5.626791554697486708e-01,5.597342702234441303e-01,5.567174367440831384e-01,5.536333833882194355e-01,5.504869616555575496e-01,5.472831305957417403e-01,5.440268840612678680e-01,5.407233503767147065e-01,5.373777452225223517e-01,5.339952338693959577e-01,5.305811194659828534e-01,5.271407237598983997e-01,5.236793641864367910e-01,5.202024006246555032e-01,5.167151908389084891e-01,5.132230693263608590e-01,5.097313516084562846e-01,5.062453586060968735e-01,5.027703148458856353e-01,4.993114455119940787e-01,4.958738816789137749e-01,4.924626922108454874e-01,4.890828448695984099e-01,4.857392608018746283e-01,4.824367207009201963e-01,4.791798883017648336e-01,4.759733391177947137e-01,4.728214806085644373e-01,4.697286108524907910e-01,4.666988559533686298e-01,4.637362018093334481e-01,4.608444723595736536e-01,4.580273074629613306e-01,4.552881622599740941e-01,4.526303384481811243e-01,4.500569134447768849e-01,4.475707733267029753e-01,4.451746143070535178e-01,4.428709291937989456e-01,4.406619678151609265e-01,4.385497884236340682e-01,4.365362298580352518e-01,4.346228943099636477e-01,4.328111697828741500e-01,4.311022034764460109e-01,4.294969444581369644e-01,4.279960717062013531e-01,4.266000477008149994e-01,4.253091131596211660e-01,4.241233019045954067e-01,4.230423433619823204e-01,4.220658120440046179e-01,4.211930286910423038e-01,4.204231017421359851e-01,4.197549099203994882e-01,4.191870950729172929e-01,4.187181270806294986e-01,4.183462415262538259e-01,4.180694790558358576e-01,4.178856887422074395e-01,4.177925136412110052e-01,4.177874081218078683e-01,4.178676537515975120e-01,4.180303777052607472e-01,4.182725157604959554e-01,4.185908365428159250e-01,4.189819940054650416e-01,4.194424768456878061e-01,4.199686546247349272e-01,4.205567571351210288e-01,4.212029089290993955e-01,4.219031207594758914e-01,4.226533158174015647e-01,4.234493238387078140e-01,4.242869039732247161e-01,4.251617277298206932e-01,4.260694549201433090e-01,4.270056514955551386e-01,4.279658767249727713e-01,4.289456441380614660e-01,4.299404600449973635e-01,4.309458338534122301e-01,4.319572729286400570e-01,4.329702844297250164e-01,4.339804212448375997e-01,4.349832813127744724e-01,4.359744647960419606e-01,4.369496694006294035e-01,4.379046362775307899e-01,4.388351921986397008e-01,4.397372403839089894e-01,4.406067774875529475e-01,4.414398927387287452e-01,4.422327907847523054e-01,4.429818076627639045e-01,4.436833835890366395e-01,4.443341159451770217e-01,4.449307012981453258e-01,4.454700276000089221e-01,4.459491255599274950e-01,4.463651768572599043e-01,4.467155294340996452e-01,4.469976999827807163e-01,4.472093700750394696e-01,4.473484454814306566e-01,4.474129743883981103e-01,4.474012089574953555e-01,4.473115768811846693e-01,4.471427328663476475e-01,4.468934918898409547e-01,4.465628845885206699e-01,4.461501386738959130e-01,4.456546865000860502e-01,4.450761397836998645e-01,4.444143449815192715e-01,4.436693183439035515e-01,4.428412940203420578e-01,4.419306758071219754e-01,4.409381106685078544e-01,4.398644046776060690e-01,4.387105391974294721e-01,4.374777318764850320e-01,4.361673407171904882e-01,4.347809149665471384e-01,4.333202109032878169e-01,4.317870891150265567e-01,4.301836639117456174e-01,4.285121212123537693e-01,4.267748499727468947e-01,4.249743956716041104e-01,4.231134040025180676e-01,4.211947155206094418e-01,4.192212248423784482e-01,4.171960142219899859e-01,4.151222424869329131e-01,4.130031910281236618e-01,4.108422355721012553e-01,4.086428341394857111e-01,4.064085415722920591e-01,4.041429545859181460e-01,4.018497796579598713e-01,3.995327615687140344e-01,3.971956984763386211e-01,3.948423954487937371e-01,3.924767436122766906e-01,3.901026075091407197e-01,3.877238962985933290e-01,3.853445063984963781e-01,3.829683563452792594e-01,3.805993194532900636e-01,3.782412905159043270e-01,3.758980923063844348e-01,3.735735325922584504e-01,3.712713796092558249e-01,3.689953512743298081e-01,3.667490936864808981e-01,3.645361917947660957e-01,3.623601731913956292e-01,3.602244409699635330e-01,3.581323475496867026e-01,3.560871573201012663e-01,3.540920103912634231e-01,3.521499319097458058e-01,3.502638911779426545e-01,3.484366768425066208e-01,3.466709847560349722e-01,3.449693891860199924e-01,3.433343320486585415e-01,3.417680953232922758e-01,3.402728747110756458e-01,3.388506696248129724e-01,3.375033601584250809e-01,3.362327013080178006e-01,3.350402483153840372e-01,3.339274603944335507e-01,3.328956066430017735e-01,3.319458216938299677e-01,3.310790762628664785e-01,3.302961934002698885e-01,3.295978598900851098e-01,3.289845724479330547e-01,3.284567011693120819e-01,3.280144679130496121e-01,3.276579170312238776e-01,3.273869841343997056e-01,3.272014236154456301e-01,3.271008728616386918e-01,3.270848176463084789e-01,3.271526072929528128e-01,3.273034370233985357e-01,3.275364139085057413e-01,3.278504770351290398e-01,3.282444789614952785e-01,3.287171240578066755e-01,3.292670244903979637e-01,3.298926548475161757e-01,3.305924364894737288e-01,3.313646222860630597e-01,3.322074431960093666e-01,3.331189813843863368e-01,3.340972804494852233e-01,3.351402804185076301e-01,3.362458654154376614e-01,3.374118313900658084e-01,3.386359455389540973e-01,3.399159114436599571e-01,3.412493711497761040e-01,3.426339292467973641e-01,3.440671635228971237e-01,3.455466077405177083e-01,3.470697911862377638e-01,3.486342322800457527e-01,3.502373777775003028e-01,3.518767330170428642e-01,3.535497811436834059e-01,3.552539941259222900e-01,3.569868704811479110e-01,3.587459217017712199e-01,3.605286880171846287e-01,3.623326814921749572e-01,3.641555187410518979e-01,3.659948187053674862e-01,3.678482098900006658e-01,3.697134165664516803e-01,3.715881699045835984e-01,3.734702720683522048e-01,3.753575494367787924e-01,3.772479307324092535e-01,3.791393746099530615e-01,3.810298977442632129e-01,3.829176034388497296e-01,3.848006534762690722e-01,3.866772656220713866e-01,3.885457596816758175e-01,3.904044941926017032e-01,3.922519182146450567e-01,3.940865768841739225e-01,3.959070399152155861e-01,3.977120061493792380e-01,3.995002242676976567e-01,4.012705182345905341e-01,4.030217946875888635e-01,4.047530450970069360e-01,4.064633078443248837e-01,4.081517400451948885e-01,4.098175312956627292e-01,4.114599703756764426e-01,4.130784010210042934e-01,4.146722432094357425e-01,4.162409669888056385e-01
2.629974537876882401e-01,2.645710454068237460e-01,2.661088638746025303e-01,2.676084153030225954e-01,2.690672349468277713e-01,2.704828946675948975e-01,2.718529853758124837e-01,2.731751684422379367e-01,2.744471269453039874e-01,2.756666070605431895e-01,2.768314135097139639e-01,2.779394020534572962e-01,2.789884995401714085e-01,2.799766990508084641e-01,2.809020639713633027e-01,2.817627478806715713e-01,2.825569629802883176e-01,2.832830301961498654e-01,2.839393341113955471e-01,2.845243687153408141e-01,2.850367169603706952e-01,2.854750726804616279e-01,2.858382014831289397e-01,2.861249982511726020e-01,2.863344578817995645e-01,2.864656868922523247e-01,2.865178907300244271e-01,2.864904022738752332e-01,2.863826667188178465e-01,2.861942380179833267e-01,2.859247961230097501e-01,2.855741355511669521e-01,2.851421811084373648e-01,2.846289707253238377e-01,2.840346592071545384e-01,2.833595294750450577e-01,2.826039961425930169e-01,2.817685778448967282e-01,2.808539154037665297e-01,2.798607973337260413e-01,2.787900936512197614e-01,2.776428312989880909e-01,2.764201156223144440e-01,2.751232119514386842e-01,2.737534662039851630e-01,2.723123471538361207e-01,2.708014419725244259e-01,2.692224338968150499e-01,2.675771274047298864e-01,2.658674187400922317e-01,2.640953042608559787e-01,2.622628846501744437e-01,2.603723485559564788e-01,2.584259703327782542e-01,2.564261258676021060e-01,2.543752682856975089e-01,2.522759271630605205e-01,2.501307005936284633e-01,2.479422744758161268e-01,2.457133953027498263e-01,2.434468612093365902e-01,2.411455316158350737e-01,2.388123484540493890e-01,2.364502512759621422e-01,2.340622678102075582e-01,2.316514453068119761e-01,2.292208574592843884e-01,2.267736304110297973e-01,2.243128979014090141e-01,2.218418187416086318e-01,2.193635561605940809e-01,2.168813018562154582e-01,2.143982337593970389e-01,2.119175433532429487e-01,2.094423966742765264e-01,2.069759779048955251e-01,2.045214217210375163e-01,2.020818701794752092e-01,1.996604398340314779e-01,1.972601827011579434e-01,1.948841590145850011e-01,1.925353711693481573e-01,1.902167700552902796e-01,1.879312714255386429e-01,1.856817366822392790e-01,1.834709608654767898e-01,1.813016863968065773e-01,1.791765956151749883e-01,1.770982944579642948e-01,1.750693195515945211e-01,1.730921326443210229e-01,1.711691178897890020e-01,1.693025768158836208e-01,1.674947271081067834e-01,1.657476948448011744e-01,1.640635188050993676e-01,1.624441540419261920e-01,1.608914401201510802e-01,1.594071419018551483e-01,1.579929194584302199e-01,1.566503162902963819e-01,1.553807953386839857e-01,1.541857086809031996e-01,1.530662960613571044e-01,1.520237038209738545e-01,1.510589729820796812e-01,1.501730194348004921e-01,1.493666736181715471e-01,1.486406519733929066e-01,1.479955604148663617e-01,1.474318995556335721e-01,1.469500674261383921e-01,1.465503522736736342e-01,1.462329340697940128e-01,1.459979061804502765e-01,1.458452301900010073e-01,1.457747887176554513e-01,1.457863665794492669e-01,1.458796242021381806e-01,1.460541506506892739e-01,1.463094323873853908e-01,1.466448628629999362e-01,1.470597383230449473e-01,1.475532734854162475e-01,1.481245954953836763e-01,1.487727442582625348e-01,1.494966858475500204e-01,1.502953014662394560e-01,1.511673986153527216e-01,1.521117136258652580e-01,1.531269156299583378e-01,1.542115955869358956e-01,1.553642948512577726e-01,1.565834863848537262e-01,1.578675907325271521e-01,1.592149677596372825e-01,1.606239272017071784e-01,1.620927400891572778e-01,1.636196320816892258e-01,1.652027751486855323e-01,1.668403184072306256e-01,1.685303686795172895e-01,1.702709952367393309e-01,1.720602687745758919e-01,1.738961976117856523e-01,1.757767891013924111e-01,1.777000401211839276e-01,1.796639174065853273e-01,1.816663718328576926e-01,1.837053660758365126e-01,1.857788450531950020e-01,1.878847492083407511e-01,1.900210213654171532e-01,1.921856094874321019e-01,1.943764572675830415e-01,1.965915365999187647e-01,1.988288031718691007e-01,2.010862449713060607e-01,2.033618619184322518e-01,2.056536648291104608e-01,2.079596890710676549e-01,2.102779916105925739e-01,2.126066471574177552e-01,2.149437603663536533e-01,2.172874662883879093e-01,2.196359184434678036e-01,2.219873078156829049e-01,2.243398515013840522e-01,2.266918059169670263e-01,2.290414540636685758e-01,2.313871183326264014e-01,2.337271426586728373e-01,2.360599364657657295e-01,2.383839144102103125e-01,2.406975522935909939e-01,2.429993398270312022e-01,2.452878316499201850e-01,2.475616018334341195e-01,2.498192743840241814e-01,2.520594971287816732e-01,2.542809813432952426e-01,2.564824524840413900e-01,2.586626912355132202e-01,2.608205056357703611e-01,2.629547429441549955e-01,2.650643044807203252e-01,2.671481044193200760e-01,2.692051196778033617e-01,2.712343301639080773e-01,2.732347855640761547e-01,2.752055461119869983e-01,2.771457223769606681e-01,2.790544526558951244e-01,2.809309009576278493e-01,2.827742738064936145e-01,2.845838002237880415e-01,2.863587513339661550e-01,2.880984143286522969e-01,2.898021190061773611e-01,2.914692017047531003e-01,2.930990571549842993e-01,2.946910703634420536e-01,2.962446851219016630e-01,2.977593364212776650e-01,2.992345132915726902e-01,3.006697049072628580e-01,3.020644444840140386e-01,3.034182558479499581e-01,3.047307184396876867e-01,3.060014010447404953e-01,3.072299033286982617e-01,3.084158545327218004e-01,3.095588869471804228e-01,3.106586498927467188e-01,3.117148272757613858e-01,3.127270882157383025e-01,3.136951506061125827e-01,3.146187254392442956e-01,3.154975561689169483e-01,3.163313814471871432e-01,3.171199819756974625e-01,3.178631138080685314e-01,3.185605914227843116e-01,3.192122100625718883e-01,3.198178081815869489e-01,3.203772086899512317e-01,3.208902769629185525e-01,3.213568759495503691e-01,3.217768876707063352e-01,3.221502156936082994e-01,3.224767816591462277e-01,3.227564990101410292e-01,3.229893453637451839e-01,3.231752590550289184e-01,3.233142441636987496e-01,3.234062842837289731e-01,3.234514164741926767e-01,3.234496780277216210e-01,3.234011286307179600e-01,3.233058432382891478e-01,3.231639389611482005e-01,3.229755213898528043e-01,3.227407503360520957e-01,3.224597925374919627e-01,3.221328488939321222e-01,3.217601266901407020e-01,3.213418839346003364e-01,3.208783861014876670e-01,3.203699263324430446e-01,3.198168206688459247e-01,3.192194504873839822e-01,3.185781696264892715e-01,3.178933946803528809e-01,3.171655720600788930e-01,3.163951807492796364e-01,3.155826942334232221e-01,3.147286672893564452e-01,3.138336548716469943e-01,3.128982494625655031e-01,3.119230786706400638e-01,3.109088107776143972e-01,3.098561249769681281e-01,3.087657467884429296e-01,3.076384358939874830e-01,3.064749832311919886e-01,3.052762003975133531e-01,3.040429464726999709e-01,3.027761046648727028e-01,3.014765913181585155e-01,3.001453533326652323e-01,2.987833647123751546e-01,2.973916375641925680e-01,2.959712050083865287e-01,2.945231279298571314e-01,2.930485154789298496e-01,2.915484694064987004e-01,2.900241500551845597e-01,2.884767168271757942e-01,2.869073650206916959e-01,2.853173201356403177e-01,2.837078187865645917e-01,2.820801076874119850e-01,2.804354765280135942e-01,2.787752143350856193e-01,2.771006313073406946e-01,2.754130483081378422e-01,2.737138064904195978e-01,2.720042443422421852e-01,2.702857162239610811e-01,2.685595938892282875e-01,2.668272305122805776e-01,2.650900129194869725e-01,2.633492945209339187e-01,2.616064562751510003e-01,2.598628593448309432e-01,2.581198672684132389e-01,2.563788333007614995e-01,2.546411117222038278e-01,2.529080296663476224e-01,2.511809123711009062e-01,2.494610627554761928e-01,2.477497793387653524e-01,2.460483199567145007e-01,2.443579399824991061e-01,2.426798607028605725e-01,2.410152843474485662e-01,2.393653790791490377e-01,2.377312881064138905e-01,2.361141295088295122e-01,2.345149739576380121e-01,2.329348585069776212e-01,2.313748026765851673e-01,2.298357641941204954e-01,2.283186801065236193e-01,2.268244259546998709e-01,2.253538614718704758e-01,2.239077661072586545e-01,2.224869163468000677e-01,2.210920003162216152e-01,2.197236955288432436e-01,2.183825979381107674e-01,2.170692826689285260e-01,2.157842481634182352e-01,2.145279664297073119e-01,2.133008432340424421e-01,2.121032310241692809e-01,2.109354465148187696e-01,2.097977362716846872e-01,2.086903006284071549e-01,2.076132847860721609e-01,2.065667867244681544e-01,2.055508554534876131e-01,2.045654758909027093e-01,2.036105932686224640e-01,2.026860995893695894e-01,2.017918310150773609e-01,2.009275840202841557e-01,2.000931009873985200e-01,1.992880833487575276e-01,1.985121868841996928e-01,1.977650079332834987e-01,1.970461272847056355e-01,1.963550621125838003e-01,1.956912945504530599e-01,1.950542904393188781e-01,1.944434476278748825e-01,1.938581444333137282e-01,1.932977398175627637e-01,1.927615488024708446e-01,1.922488641255542530e-01,1.917589473073036677e-01,1.912910453221589868e-01,1.908443759000939821e-01,1.904181569137648744e-01,1.900115693886916535e-01,1.896237910953781081e-01,1.892539974429796323e-01,1.889013449354991492e-01,1.885649921161402787e-01,1.882440911010065387e-01,1.879377964332599737e-01,1.876452632325600056e-01,1.873656642963510144e-01,1.870981661369573723e-01,1.868419559917312844e-01,1.865962238111721350e-01,1.863601964181509640e-01,1.861331017212265460e-01,1.859141970549773593e-01,1.857027605158011185e-01,1.854980916199335250e-01,1.852995382459160512e-01,1.851064572633598360e-01,1.849182483009476630e-01,1.847343540542355778e-01,1.845542354685964781e-01,1.843774151901889369e-01,1.842034307508687851e-01,1.840318918112250346e-01,1.838624343637818848e-01,1.836947384402283223e-01,1.835285372703125972e-01,1.833636139050430769e-01,1.831997969504905732e-01,1.830369709776386300e-01,1.828750599321494197e-01,1.827140540172178251e-01,1.825539834422185703e-01,1.823949386217698643e-01,1.822370581728716965e-01,1.820805418267544828e-01,1.819256236313312736e-01,1.817726129754006215e-01,1.816218559323344306e-01,1.814737600976779608e-01,1.813287732929432516e-01,1.811873961152019874e-01,1.810501847520539220e-01,1.809177411662926116e-01,1.807907040876156612e-01,1.806697644809873438e-01,1.805556565650814071e-01,1.804491667813147848e-01,1.803510931084676694e-01,1.802622945832560997e-01,1.801836654385717551e-01,1.801161062593851503e-01,1.800605880757075172e-01,1.800180806218998619e-01,1.799895816408992044e-01,1.799761321091414845e-01,1.799787662472520089e-01,1.799985529072109236e-01,1.800365646068350922e-01,1.800938932801354753e-01,1.801716267355477075e-01,1.802708699993577635e-01,1.803927167827520939e-01,1.805382695110972768e-01,1.807086146460869236e-01,1.809048365964956717e-01,1.811280063840460808e-01,1.813791645804797570e-01,1.816593558939151032e-01,1.819695873673869979e-01,1.823108391643265824e-01,1.826840604603966467e-01
3.772944456834753657e-01,3.751681328732940357e-01,3.730799219956543178e-01,3.710321152012641677e-01,3.690269868296839340e-01,3.670668179560353517e-01,3.651538278565016338e-01,3.632902537954606492e-01,3.614782499193037180e-01,3.597199495194847163e-01,3.580174584241511693e-01,3.563728126622033310e-01,3.547880134542709119e-01,3.532650124400472658e-01,3.518056972537176863e-01,3.504118945769911786e-01,3.490853634552674167e-01,3.478278001565308086e-01,3.466408258195953218e-01,3.455259840444614428e-01,3.444847543330105677e-01,3.435185102814020119e-01,3.426285668354671632e-01,3.418161098906301043e-01,3.410822778876690942e-01,3.404280787484796900e-01,3.398544519647316298e-01,3.393622241369237957e-01,3.389521024149263484e-01,3.386247044257225114e-01,3.383805297988480842e-01,3.382199884016863223e-01,3.381433612649173970e-01,3.381508006076211492e-01,3.382423674015246906e-01,3.384180009157924385e-01,3.386775010225106519e-01,3.390205657257954197e-01,3.394467735720786417e-01,3.399555676013591432e-01,3.405462671801828267e-01,3.412180799290955857e-01,3.419700861615145859e-01,3.428012431701638607e-01,3.437103745755041295e-01,3.446961900683664926e-01,3.457572963069152627e-01,3.468921234991818037e-01,3.480990431059693413e-01,3.493762621175096617e-01,3.507219135628203421e-01,3.521339596488751167e-01,3.536102936171708899e-01,3.551486887235514311e-01,3.567467982985225161e-01,3.584021665173824367e-01,3.601122589846691979e-01,3.618744150733919640e-01,3.636858799869386871e-01,3.655438121114756300e-01,3.674452956210204624e-01,3.693872899505095120e-01,3.713667159289144593e-01,3.733803716487152369e-01,3.754250303880412587e-01,3.774973491884138221e-01,3.795939645325027700e-01,3.817114281325487690e-01,3.838462418371476059e-01,3.859948453719819206e-01,3.881536796581353532e-01,3.903191000133909849e-01,3.924874542274455758e-01,3.946550565650089326e-01,3.968182088471079449e-01,3.989731695308533777e-01,4.011162379977214476e-01,4.032436797538795914e-01,4.053517445587808687e-01,4.074367392996510739e-01,4.094949379951928758e-01,4.115226914141401626e-01,4.135163240708619181e-01,4.154722236409554847e-01,4.173868201157769908e-01,4.192565727893116656e-01,4.210780143324386326e-01,4.228477181096276794e-01,4.245623277973226140e-01,4.262185736892879495e-01,4.278132480729837650e-01,4.293432125911104680e-01,4.308054495414302409e-01,4.321970144106767608e-01,4.335150626662248041e-01,4.347568600352420543e-01,4.359197790368771752e-01,4.370012972730141776e-01,4.379990447187150915e-01,4.389107271088140139e-01,4.397342272294082477e-01,4.404675203332820144e-01,4.411087574215764584e-01,4.416561893897099633e-01,4.421082393390002863e-01,4.424634692595719732e-01,4.427205951384081684e-01,4.428784897715848934e-01,4.429361581711934726e-01,4.428928052534445992e-01,4.427477756473089943e-01,4.425005636851790380e-01,4.421508388639457943e-01,4.416984503629805547e-01,4.411434086986885661e-01,4.404858557109981310e-01,4.397261564174346216e-01,4.388647998854321997e-01,4.379024714934388607e-01,4.368400185522125501e-01,4.356784341889358703e-01,4.344189075873963191e-01,4.330627632699111107e-01,4.316115035240602471e-01,4.300667987817401450e-01,4.284304595840592311e-01,4.267044788453875914e-01,4.248909684435186462e-01,4.229922128772500844e-01,4.210106422474470533e-01,4.189488057691941880e-01,4.168094514765824932e-01,4.145953950840191582e-01,4.123096351018329941e-01,4.099552472450625484e-01,4.075354890697833743e-01,4.050536703936681859e-01,4.025132751934182851e-01,3.999178347664877897e-01,3.972710459154233376e-01,3.945766230834022448e-01,3.918384563604837556e-01,3.890604477125980121e-01,3.862466031388326337e-01,3.834009978502830873e-01,3.805277787128140687e-01,3.776311409205903580e-01,3.747153294679002600e-01,3.717846310507020857e-01,3.688433777611943021e-01,3.658959193265149956e-01,3.629466486101664002e-01,3.599999396469389934e-01,3.570602139125666485e-01,3.541318572597811909e-01,3.512192883140263233e-01,3.483268827344491725e-01,3.454590055822825967e-01,3.426199911610444127e-01,3.398141569556745734e-01,3.370457554528002442e-01,3.343190035964239692e-01,3.316380613600984351e-01,3.290070343117900142e-01,3.264299480861347913e-01,3.239107664226050232e-01,3.214533583078113543e-01,3.190615297593582533e-01,3.167389574083044335e-01,3.144892573206130582e-01,3.123159254298905618e-01,3.102223329912021099e-01,3.082117602158880310e-01,3.062873740317533788e-01,3.044521780741745731e-01,3.027090813216131715e-01,3.010608486959575614e-01,2.995101145567806156e-01,2.980593525312780767e-01,2.967109171461834172e-01,2.954669864713748706e-01,2.943296131802958238e-01,2.933006812631063220e-01,2.923819238504476448e-01,2.915749128976706239e-01,2.908810567447700501e-01,2.903016113959498434e-01,2.898376500185692595e-01,2.894901085715881339e-01,2.892597253894454434e-01,2.891471024030528580e-01,2.891526497383750671e-01,2.892766225523354384e-01,2.895191235864165713e-01,2.898800568030389102e-01,2.903591988624162346e-01,2.909561272073435956e-01,2.916702892094756305e-01,2.925009509902840033e-01,2.934472259601947908e-01,2.945080729720508939e-01,2.956823029610077258e-01,2.969685691270242400e-01,2.983653660820971276e-01,2.998710703097361985e-01,3.014838988677860376e-01,3.032019361750238340e-01,3.050231303888238932e-01,3.069453005822632696e-01,3.089661521036736191e-01,3.110832531186326633e-01,3.132940560687053622e-01,3.155959343020278696e-01,3.179861008242848008e-01,3.204617231717425407e-01,3.230198399569340628e-01,3.256573899857715393e-01,3.283712691445568321e-01,3.311582586330593658e-01,3.340150725544432930e-01,3.369383775437851392e-01,3.399247536344005005e-01,3.429707321043451440e-01,3.460728108936440561e-01,3.492274130426401002e-01,3.524309464678549997e-01,3.556797832164836914e-01,3.589702660134646006e-01,3.622987116342020197e-01,3.656614601347495386e-01,3.690547856329922105e-01,3.724749840332748363e-01,3.759183747742610437e-01,3.793812711081204214e-01,3.828600085956373467e-01,3.863509189173855440e-01,3.898503883845992890e-01,3.933548252478411000e-01,3.968606789505348398e-01,4.003644293212164640e-01,4.038626183521955570e-01,4.073518197085550518e-01,4.108287041009565099e-01,4.142899500022461656e-01,4.177323420049434133e-01,4.211527185029613762e-01,4.245479985508565091e-01,4.279151867090517647e-01,4.312513420266387842e-01,4.345536336971969615e-01,4.378193352493836565e-01,4.410457569232337227e-01,4.442303538006538433e-01,4.473706607620521192e-01,4.504643190123438501e-01,4.535090659101566057e-01,4.565027483484518922e-01,4.594433091103020117e-01,4.623288114890046763e-01,4.651574290734697414e-01,4.679274399526974770e-01,4.706372454611658651e-01,4.732853436657968871e-01,4.758703368662191013e-01,4.783909795320411829e-01,4.808461201445969890e-01,4.832346950562990129e-01,4.855558108044726873e-01,4.878086336543617785e-01,4.899924756546771287e-01,4.921067403207485813e-01,4.941509591717433425e-01,4.961247558115908785e-01,4.980278772952796973e-01,4.998601819840685079e-01,5.016216080340327732e-01,5.033122341806196554e-01,5.049321945799127853e-01,5.064817565760652007e-01,5.079612738508081371e-01,5.093711993365159785e-01,5.107120681307035781e-01,5.119845049667435255e-01,5.131892374956201763e-01,5.143270610285441968e-01,5.153988546691060657e-01,5.164055798398715647e-01,5.173482509062669044e-01,5.182279783937291384e-01,5.190459449494921884e-01,5.198033700308201110e-01,5.205015389366057788e-01,5.211418227144872795e-01,5.217256077587334451e-01,5.222543446497147634e-01,5.227295590636615863e-01,5.231527700588314289e-01,5.235255759769086303e-01,5.238495774860253418e-01,5.241264305231813081e-01,5.243578244938074118e-01,5.245454462767930037e-01,5.246910289388386772e-01,5.247963053664457256e-01,5.248630301971534129e-01,5.248929825907295843e-01,5.248879194296948159e-01,5.248496288133341903e-01,5.247798814955282332e-01,5.246804664512390026e-01,5.245531223998226578e-01,5.243996441450731183e-01,5.242217540834391842e-01,5.240212110866057094e-01,5.237997056325948142e-01,5.235589604786049511e-01,5.233006166907742118e-01,5.230263525023068905e-01,5.227377809186282143e-01,5.224364765541483768e-01,5.221240088178952243e-01,5.218019014907528952e-01,5.214716424808945039e-01,5.211346713250266660e-01,5.207924043054896757e-01,5.204462042120289178e-01,5.200973925183042246e-01,5.197472433354995980e-01,5.193969944016012530e-01,5.190478195560115360e-01,5.187008766950469418e-01,5.183572208514272139e-01,5.180178986142276454e-01,5.176838925167392969e-01,5.173561348514476022e-01,5.170355057545957811e-01,5.167228319350877230e-01,5.164188660207283954e-01,5.161243335798313403e-01,5.158399048856965319e-01,5.155661831186243438e-01,5.153037169074736745e-01,5.150530015335702538e-01,5.148144952392132989e-01,5.145885789244776243e-01,5.143755966041608785e-01,5.141758228068359360e-01,5.139894923298443663e-01,5.138167939326474531e-01,5.136578413252963493e-01,5.135127154303797958e-01,5.133814368805738049e-01,5.132639911694628632e-01,5.131602859104273939e-01,5.130702407054692493e-01,5.129936480000645282e-01,5.129303061988994550e-01,5.128799626187791061e-01,5.128423096287011429e-01,5.128170049439887412e-01,5.128036679748653182e-01,5.128018669569811561e-01,5.128111215492450192e-01,5.128309443136758183e-01,5.128607994434798423e-01,5.129000827559735409e-01,5.129482222198241681e-01,5.130045372795528635e-01,5.130683624819804001e-01,5.131389997473145836e-01,5.132157117351201503e-01,5.132977293851560541e-01,5.133842628678052522e-01,5.134744978554947048e-01,5.135676085782608924e-01,5.136627069434418491e-01,5.137589351293194717e-01,5.138553654605942933e-01,5.139510952077016581e-01,5.140451807709944809e-01,5.141366724571906355e-01,5.142245953543116421e-01,5.143079734337141495e-01,5.143857883598791370e-01,5.144570779874905186e-01,5.145207841326123743e-01,5.145759178393014555e-01,5.146214296337455751e-01,5.146563010637257296e-01,5.146794666573824006e-01,5.146899195113783243e-01,5.146865962757911639e-01,5.146684518834984123e-01,5.146344455371082427e-01,5.145835312471525036e-01,5.145146800839813794e-01,5.144268660814512728e-01,5.143190418250659368e-01,5.141902082708272870e-01,5.140393303246361123e-01,5.138654164864777663e-01,5.136674771979020671e-01,5.134445315474565064e-01,5.131956055885773527e-01,5.129197667721226983e-01,5.126160599981887112e-01,5.122835774184544277e-01,5.119213997112059822e-01,5.115286751058750747e-01,5.111045141523549162e-01,5.106480922031338965e-01,5.101585934557197888e-01,5.096352247034924288e-01,5.090772115903134942e-01,5.084838414256680483e-01,5.078543837207462053e-01,5.071881482408283626e-01,5.064845104167892131e-01,5.057428388611886483e-01,5.049625611209781484e-01,5.041431100020885570e-01,5.032839825139728829e-01,5.023846953326522868e-01,5.014448198450902616e-01,5.004639490494608989e-01,4.994417283869308499e-01,4.983778427543741341e-01
4.407616621352596353e-01,4.435424307588766157e-01,4.463559195298927307e-01,4.491967282596954214e-01,4.520594312747839294e-01,4.549386273891298793e-01,4.578289189705966877e-01,4.607249667540833094e-01,4.636214469004590888e-01,4.665130873923430954e-01,4.693946986055002601e-01,4.722611345490853041e-01,4.751073369679990055e-01,4.779283661244469461e-01,4.807193413934014448e-01,4.834755300675546152e-01,4.861922815200193648e-01,4.888651101959405887e-01,4.914896218375452985e-01,4.940616057580625164e-01,4.965769871877931396e-01,4.990318377639919034e-01,5.014224092058996440e-01,5.037451244033721576e-01,5.059965661307768148e-01,5.081735211873984470e-01,5.102729598621609242e-01,5.122920313428062089e-01,5.142281031764075472e-01,5.160787230022312322e-01,5.178416633216971210e-01,5.195148847847624873e-01,5.210965583239566268e-01,5.225850939143730223e-01,5.239790828116579480e-01,5.252773499375166244e-01,5.264789130060713029e-01,5.275830308147781977e-01,5.285891568873195556e-01,5.294969876704948009e-01,5.303063806238256239e-01,5.310174444779001135e-01,5.316304973513079624e-01,5.321460284503958249e-01,5.325647557261858900e-01,5.328875947887117270e-01,5.331156497991219601e-01,5.332502216372203563e-01,5.332927795661230874e-01,5.332449950149604767e-01,5.331087030764796175e-01,5.328858986568888456e-01,5.325787567422771707e-01,5.321895989279531447e-01,5.317209105669591374e-01,5.311753015500936259e-01,5.305555212654291530e-01,5.298644592531518427e-01,5.291050841986570941e-01,5.282805500294666112e-01,5.273940468337631193e-01,5.264488913213550836e-01,5.254484774516662293e-01,5.243962857782512588e-01,5.232958663579609926e-01,5.221508212211597444e-01,5.209648122522380076e-01,5.197415536073690667e-01,5.184847671397186941e-01,5.171982272106951939e-01,5.158857102395753014e-01,5.145510080802733199e-01,5.131979076967806419e-01,5.118301985240427676e-01,5.104516364488795865e-01,5.090659682196371216e-01,5.076768964603285417e-01,5.062880682792716414e-01,5.049031153557657081e-01,5.035255955445162579e-01,5.021589804758579412e-01,5.008067151148655194e-01,4.994721103234994186e-01,4.981584574981445801e-01,4.968688969313632131e-01,4.956065079045675059e-01,4.943742336163861051e-01,4.931749547746740459e-01,4.920113796286824659e-01,4.908861602827638837e-01,4.898017775126443651e-01,4.887606064810964268e-01,4.877648795874616194e-01,4.868167156995401035e-01,4.859180608543332003e-01,4.850707512018936907e-01,4.842764670414051453e-01,4.835367524505299053e-01,4.828529948555324025e-01,4.822264379683133262e-01,4.816581927642867855e-01,4.811491909381008791e-01,4.807002346439138152e-01,4.803119776666999186e-01,4.799849418749681518e-01,4.797194523487198214e-01,4.795157501189749039e-01,4.793738957815392721e-01,4.792938253310164431e-01,4.792753128195231804e-01,4.793180185824531536e-01,4.794214598978940867e-01,4.795850411886735110e-01,4.798080128881723194e-01,4.800895163968750823e-01,4.804285748655027777e-01,4.808241026104377869e-01,4.812749031858304383e-01,4.817796412606908385e-01,4.823369474552191560e-01,4.829453060493180683e-01,4.836031472314702984e-01,4.843087624891957432e-01,4.850604155132873796e-01,4.858562931041667254e-01,4.866944832138493382e-01,4.875730594068528601e-01,4.884900005030908821e-01,4.894432506403219030e-01,4.904307143036769068e-01,4.914502524745387735e-01,4.924996897668253992e-01,4.935768579321909155e-01,4.946795305399496190e-01,4.958054896786709964e-01,4.969525021233243689e-01,4.981183476899003759e-01,4.993007929818071289e-01,5.004976177867743736e-01,5.017066254511763912e-01,5.029256477986334684e-01,5.041525210189630180e-01,5.053851138739450244e-01,5.066213641560988190e-01,5.078592168637495741e-01,5.090966652002001380e-01,5.103317719952993325e-01,5.115626462145930198e-01,5.127874296445602553e-01,5.140043593142196166e-01,5.152117138710984312e-01,5.164078595119603321e-01,5.175912003708438291e-01,5.187602635045872601e-01,5.199135950618922752e-01,5.210498550699823594e-01,5.221677846623000718e-01,5.232661800381651629e-01,5.243439460838237309e-01,5.254000477840274907e-01,5.264335540862193907e-01,5.274435885910387922e-01,5.284294057088075869e-01,5.293903082081592437e-01,5.303256833331125852e-01,5.312350337267082168e-01,5.321179091224104152e-01,5.329739511454819612e-01,5.338028910411308781e-01,5.346045332920176252e-01,5.353787564057514992e-01,5.361255291825556268e-01,5.368448821992347630e-01,5.375368933425079820e-01,5.382017663337659297e-01,5.388397124585366793e-01,5.394510434713275515e-01,5.400361175831400740e-01,5.405953547207833498e-01,5.411292073785002321e-01,5.416382176764763523e-01,5.421229408982113362e-01,5.425840004623214696e-01,5.430220193395135508e-01,5.434377189486251369e-01,5.438317967178767365e-01,5.442050072555462137e-01,5.445581278223146082e-01,5.448919404213155016e-01,5.452072712657426434e-01,5.455049405133702844e-01,5.457857896587934299e-01,5.460506401206717264e-01,5.463003637334068463e-01,5.465357876213885469e-01,5.467577562701088079e-01,5.469671049618791692e-01,5.471646523235140780e-01,5.473512071865589412e-01,5.475275620495766438e-01,5.476944836968884456e-01,5.478527215488445679e-01,5.480030031109500710e-01,5.481460246000241510e-01,5.482824479887000724e-01,5.484128998729353999e-01,5.485379908814342897e-01,5.486582831127847504e-01,5.487742998436641040e-01,5.488865284593466010e-01,5.489954326220594094e-01,5.491013890507098205e-01,5.492048109725301552e-01,5.493059704771146023e-01,5.494051860152902034e-01,5.495026964432198069e-01,5.495986943435888783e-01,5.496933206402779826e-01,5.497867099367000909e-01,5.498789343120711326e-01,5.499700187491255443e-01,5.500599626000429732e-01,5.501487266009017496e-01,5.502362217497193120e-01,5.503223630380205122e-01,5.504069695577774590e-01,5.504898848931776278e-01,5.505708993827148623e-01,5.506497782397303808e-01,5.507262733049850256e-01,5.508000966231469953e-01,5.508709580863135891e-01,5.509385506917096054e-01,5.510025427083433680e-01,5.510625946609075676e-01,5.511183636704360955e-01,5.511695032964368801e-01,5.512156641478352936e-01,5.512564852985812891e-01,5.512916408402900315e-01,5.513208066252291983e-01,5.513436429150495588e-01,5.513598260569759768e-01,5.513690742543821965e-01,5.513711275824922931e-01,5.513657366901335566e-01,5.513526635865921843e-01,5.513317358976154159e-01,5.513027927719391652e-01,5.512657127643785238e-01,5.512203828099049296e-01,5.511667870112902934e-01,5.511049140904661359e-01,5.510348128387886346e-01,5.509565548526057510e-01,5.508703021499905539e-01,5.507762242864286950e-01,5.506745640322870949e-01,5.505656390052607874e-01,5.504497756114463680e-01,5.503273894037881142e-01,5.501989370769954091e-01,5.500649471071181740e-01,5.499259879515947524e-01,5.497826852490284022e-01,5.496357654448694730e-01,5.494859593665346598e-01,5.493340522704808215e-01,5.491809399991112173e-01,5.490275190960329788e-01,5.488747534048686871e-01,5.487236863020708011e-01,5.485753812578603172e-01,5.484309562447975406e-01,5.482915806146801962e-01,5.481584652934443636e-01,5.480328704248240701e-01,5.479160588186370306e-01,5.478093926264141489e-01,5.477141912369800636e-01,5.476318632851641111e-01,5.475638172797029357e-01,5.475114658936631740e-01,5.474762706045316341e-01,5.474596931727673255e-01,5.474631792475550540e-01,5.474882364293146564e-01,5.475363046077138529e-01,5.476088409720309969e-01,5.477073336648865531e-01,5.478332030474923897e-01,5.479878751183168140e-01,5.481727226335932901e-01,5.483891350264604725e-01,5.486384295237236586e-01,5.489218850498140956e-01,5.492407583358087653e-01,5.495962276994480478e-01,5.499894500387300100e-01,5.504214830477002218e-01,5.508933249371533725e-01,5.514059360609145921e-01,5.519601588353525434e-01,5.525567945882360332e-01,5.531965268651266587e-01,5.538799680341203180e-01,5.546076336810393803e-01,5.553799299782352650e-01,5.561971857594382174e-01,5.570596083460326309e-01,5.579673012785424380e-01,5.589202514977190672e-01,5.599183156098131997e-01,5.609612583201331049e-01,5.620487249974236432e-01,5.631802289578565768e-01,5.643551450972552619e-01,5.655727317951811939e-01,5.668321290569077187e-01,5.681323303182095330e-01,5.694722166049810408e-01,5.708505209409254766e-01,5.722658572784591335e-01,5.737167121481298038e-01,5.752014219219031554e-01,5.767182193929609735e-01,5.782651908003494379e-01,5.798403033307711896e-01,5.814413938291886907e-01,5.830661871841402721e-01,5.847122831593817294e-01,5.863771508369798324e-01,5.880581705094624079e-01,5.897526139607927043e-01,5.914576107326519061e-01,5.931702113786646580e-01,5.948873868253676811e-01,5.966059924473845477e-01,5.983227906862343959e-01,6.000344664915518988e-01,6.017376561982024086e-01,6.034289201934496250e-01,6.051046903022099244e-01,6.067614353848727049e-01,6.083955182222549052e-01,6.100032587689424579e-01,6.115809786109116519e-01,6.131249335041697446e-01,6.146313720492662114e-01,6.160965203057906514e-01,6.175166306605514022e-01,6.188879145976158291e-01,6.202066272843104189e-01,6.214690167539547172e-01,6.226714026190314222e-01,6.238100893696318927e-01,6.248814509162479158e-01,6.258819181289393407e-01,6.268079784285460754e-01,6.276561874602178959e-01,6.284231705330987072e-01,6.291056610882644895e-01,6.297004835427582048e-01,6.302045266906010079e-01,6.306148271168176001e-01,6.309285477638093553e-01,6.311429514762642023e-01,6.312554351636867622e-01,6.312635779480295639e-01,6.311650438357024884e-01,6.309576826148747264e-01,6.306395171517480414e-01,6.302087309264907677e-01,6.296636598735575463e-01,6.290028408242746005e-01,6.282249737278354784e-01,6.273289815140824510e-01,6.263139470147832677e-01,6.251791494203445820e-01,6.239241105432284940e-01,6.225485255866678447e-01,6.210522813373272610e-01,6.194355229588509593e-01,6.176985474198579684e-01,6.158419302317900135e-01,6.138664102215461993e-01,6.117729815723642606e-01,6.095628190510151700e-01,6.072373430932880289e-01,6.047981717903906373e-01,6.022471564285469814e-01,5.995863485781499636e-01,5.968180027326117632e-01,5.939446015374655330e-01,5.909688392148582103e-01,5.878935777269118645e-01,5.847219116198987265e-01,5.814571247320065028e-01,5.781026744855155552e-01,5.746622331337235545e-01,5.711395905453051647e-01,5.675387943306501315e-01,5.638640062708324407e-01,5.601195504359136601e-01,5.563099355660918732e-01,5.524397837402188483e-01,5.485138506077816833e-01,5.445370657244925638e-01,5.405144195614952629e-01,5.364510895092996501e-01,5.323522665635213036e-01,5.282233233947601914e-01,5.240696232634270979e-01,5.198967187720470173e-01,5.157101178455577584e-01,5.115154526391054723e-01,5.073183669598345658e-01,5.031245508721334803e-01,4.989397040522686733e-01,4.947695620228843572e-01,4.906198329964692739e-01,4.864962311354263935e-01,4.824044553241493838e-01,4.783501532081497754e-01,4.743389461467940049e-01,4.703764013986599379e-01,4.664680088389418500e-01
4.438210271961324227e-01,4.457282291818785436e-01,4.476343564229058880e-01,4.495355640957074961e-01,4.514281105570172592e-01,4.533083253414661451e-01,4.551726450164488846e-01,4.570175956486414170e-01,4.588398398048185167e-01,4.606361194983532026e-01,4.624033086618457022e-01,4.641384148269343535e-01,4.658385610534650501e-01,4.675009935615166423e-01,4.691231048568422768e-01,4.707024007522558340e-01,4.722365592788291822e-01,4.737233727766870794e-01,4.751607929065899127e-01,4.765468827509447003e-01,4.778798995094304947e-01,4.791582141364941760e-01,4.803803437963560241e-01,4.815449719446503463e-01,4.826509198688480051e-01,4.836971390723809328e-01,4.846827645060554079e-01,4.856070444933192065e-01,4.864693666936753536e-01,4.872692877051579829e-01,4.880064865862345780e-01,4.886807729415095225e-01,4.892921259643812637e-01,4.898406202502913476e-01,4.903264728573676345e-01,4.907500291947455850e-01,4.911117555448329397e-01,4.914122300418887201e-01,4.916521662206566612e-01,4.918323583005475563e-01,4.919537368324857773e-01,4.920173161184780430e-01,4.920242319253499419e-01,4.919756584145733580e-01,4.918729366387427637e-01,4.917174184737856391e-01,4.915105748808886177e-01,4.912539357852282462e-01,4.909490916049415454e-01,4.905977434593802311e-01,4.902015725121773304e-01,4.897623532051571527e-01,4.892819103506113043e-01,4.887621185251770362e-01,4.882048536628690316e-01,4.876120406417296937e-01,4.869856352474458694e-01,4.863276032223031731e-01,4.856399401600937638e-01,4.849246017612724446e-01,4.841836355643502343e-01,4.834190076963363891e-01,4.826327243619928931e-01,4.818267526390647704e-01,4.810030651271517410e-01,4.801636172836364902e-01,4.793103424622157660e-01,4.784451072461834431e-01,4.775698064126483455e-01,4.766862598286260022e-01,4.757962639072835787e-01,4.749015661772837404e-01,4.740038750658237543e-01,4.731048466668923425e-01,4.722060930567815729e-01,4.713091572429094489e-01,4.704155460819239853e-01,4.695266816407965837e-01,4.686439597780401312e-01,4.677686854940364403e-01,4.669021168091538332e-01,4.660454356034325896e-01,4.651997573754503845e-01,4.643661558486071872e-01,4.635455895748478161e-01,4.627389912667256300e-01,4.619471962925724151e-01,4.611710009030875468e-01,4.604111076356861010e-01,4.596681473508600346e-01,4.589427177910904709e-01,4.582352963954376412e-01,4.575463416989582477e-01,4.568762096766541547e-01,4.562252252743890790e-01,4.555936173224982566e-01,4.549815775445293919e-01,4.543892285417651111e-01,4.538166269988809787e-01,4.532637824870013321e-01,4.527306462819721267e-01,4.522171077643795112e-01,4.517230218100674044e-01,4.512481785330584305e-01,4.507923269700582769e-01,4.503551876751646366e-01,4.499364174466809474e-01,4.495356342653645254e-01,4.491524343277263909e-01,4.487863637867349764e-01,4.484369547484803320e-01,4.481036940056378759e-01,4.477860541292620900e-01,4.474834688318947151e-01,4.471953577826046633e-01,4.469211308101145863e-01,4.466601822067032268e-01,4.464118574535251849e-01,4.461755268261932694e-01,4.459505540185191297e-01,4.457362594410840262e-01,4.455319949429208948e-01,4.453370992928625816e-01,4.451509036385951634e-01,4.449727305785725617e-01,4.448019461384360995e-01,4.446378865873416020e-01,4.444799001913385395e-01,4.443273601791167260e-01,4.441796134659391493e-01,4.440360594457182786e-01,4.438961068592661707e-01,4.437591372850313021e-01,4.436245989339610007e-01,4.434919380804555611e-01,4.433605750959406788e-01,4.432300275337126561e-01,4.430997630834083711e-01,4.429693099689704372e-01,4.428381991707832643e-01,4.427059654448503023e-01,4.425721906595454502e-01,4.424364628587115211e-01,4.422983960664768621e-01,4.421576042725028910e-01,4.420137551119676100e-01,4.418664957967468054e-01,4.417155201463811021e-01,4.415605330479046575e-01,4.414012360687735170e-01,4.412373736868743790e-01,4.410687126606662734e-01,4.408949974845353115e-01,4.407159967520337118e-01,4.405315185107386289e-01,4.403413673881849122e-01,4.401453510177370521e-01,4.399432936200451949e-01,4.397350189762011530e-01,4.395203728897349449e-01,4.392992027163928892e-01,4.390713580281274120e-01,4.388366895606246598e-01,4.385950666655746288e-01,4.383463328922437285e-01,4.380903526242473367e-01,4.378269940140287475e-01,4.375561169271161011e-01,4.372775676743526074e-01,4.369912101074959199e-01,4.366968913775737815e-01,4.363944578091210613e-01,4.360837470653218251e-01,4.357645990484250720e-01,4.354368398936396822e-01,4.351003017843912968e-01,4.347547809738291913e-01,4.344000941625807966e-01,4.340360406488253386e-01,4.336624166547685122e-01,4.332790013432124554e-01,4.328855647691201569e-01,4.324818903997208475e-01,4.320677405515280789e-01,4.316428638735835266e-01,4.312069984745890983e-01,4.307599149493244739e-01,4.303013465235783208e-01,4.298310324586405717e-01,4.293486962707832033e-01,4.288540884320564683e-01,4.283469371102976986e-01,4.278269660048384382e-01,4.272939537602779003e-01,4.267476103088827522e-01,4.261876853043333746e-01,4.256139498359315931e-01,4.250261789479101715e-01,4.244241404897413084e-01,4.238076468101391603e-01,4.231764883540654609e-01,4.225305060283501279e-01,4.218695478144045552e-01,4.211934857409218025e-01,4.205022120703780786e-01,4.197956591989832065e-01,4.190737851360022415e-01,4.183365711466124348e-01,4.175840349479995051e-01,4.168162384504783824e-01,4.160332636241986237e-01,4.152352932484055237e-01,4.144224707114077533e-01,4.135950374993134782e-01,4.127532782012191537e-01,4.118975124345070626e-01,4.110281311102745305e-01,4.101455801172589344e-01,4.092503255327739065e-01,4.083429514174705122e-01,4.074240696783770210e-01,4.064943477711090991e-01,4.055545221332096384e-01,4.046054285826630736e-01,4.036479138927832611e-01,4.026829432554002164e-01,4.017115123852811331e-01,4.007347021956655930e-01,3.997536927356042935e-01,3.987696873351342930e-01,3.977839887400729246e-01,3.967979759922932725e-01,3.958130680855201367e-01,3.948307937821873281e-01,3.938527394434144790e-01,3.928805403338755942e-01,3.919159501374137045e-01,3.909607369252340314e-01,3.900167910325929022e-01,3.890860075238877780e-01,3.881703783513530959e-01,3.872719799758377324e-01,3.863929076742270707e-01,3.855353437321493160e-01,3.847015081083931531e-01,3.838936812763218409e-01,3.831141754598667015e-01,3.823653848480148554e-01,3.816497314261780294e-01,3.809696304018488910e-01,3.803276151412210981e-01,3.797261862253293874e-01,3.791678894697385060e-01,3.786552965428395812e-01,3.781909909384680302e-01,3.777775828474403963e-01,3.774176597508869802e-01,3.771138496474461532e-01,3.768687435187643153e-01,3.766849568639606960e-01,3.765650573372479881e-01,3.765116254639104820e-01,3.765271860558310202e-01,3.766142511492139855e-01,3.767753081999627995e-01,3.770127665482259083e-01,3.773290253182883247e-01,3.777264092328431189e-01,3.782071666034127477e-01,3.787735220655447654e-01,3.794275795438067922e-01,3.801713971296447614e-01,3.810069340379722558e-01,3.819360550349981676e-01,3.829605543738833218e-01,3.840820840403829650e-01,3.853021981774394922e-01,3.866223829261119516e-01,3.880439359351550710e-01,3.895680781726809094e-01,3.911958694700400918e-01,3.929282668764763065e-01,3.947660634049494632e-01,3.967099107825366455e-01,3.987603155594263149e-01,4.009176483150823644e-01,4.031820937852632070e-01,4.055536759947133141e-01,4.080322829482592728e-01,4.106176098854898426e-01,4.133091972337392672e-01,4.161064098071255435e-01,4.190084302495769575e-01,4.220142650866307577e-01,4.251227320683513278e-01,4.283325082755372604e-01,4.316420572764170793e-01,4.350496588723655744e-01,4.385534088146389453e-01,4.421512520674628077e-01,4.458409157236736808e-01,4.496199741869666977e-01,4.534858026910301154e-01,4.574356014503318524e-01,4.614664142934073454e-01,4.655750877671846477e-01,4.697583100444346904e-01,4.740125947099477211e-01,4.783343040743426866e-01,4.827196300601951928e-01,4.871645982987590218e-01,4.916650952816164488e-01,4.962168540648160264e-01,5.008154885557151159e-01,5.054564538479001667e-01,5.101350677172988846e-01,5.148465500169494558e-01,5.195859755192118179e-01,5.243483481967716742e-01,5.291285169907870012e-01,5.339212670076389777e-01,5.387212912612251436e-01,5.435232048830958007e-01,5.483215340014695460e-01,5.531107696812027630e-01,5.578853218449064677e-01,5.626395562688629726e-01,5.673678402418764755e-01,5.720644359163528092e-01,5.767236843706746718e-01,5.813398258131047269e-01,5.859071536875684050e-01,5.904199739509932154e-01,5.948725774715966086e-01,5.992593131527895745e-01,6.035745586475388391e-01,6.078127350952547969e-01,6.119683410954247504e-01,6.160359223035252185e-01,6.200101272341934644e-01,6.238856478245736747e-01,6.276573206550063455e-01,6.313200792597030153e-01,6.348689506399063376e-01,6.382991147672328891e-01,6.416058662818204805e-01,6.447846393284492050e-01,6.478310557269807424e-01,6.507408515368018342e-01,6.535099423368196936e-01,6.561344534523902983e-01,6.586106646144296306e-01,6.609350292868677590e-01,6.631042528494230925e-01,6.651151832767493444e-01,6.669649121674759984e-01,6.686507629395697094e-01,6.701702456881794001e-01,6.715211419681139660e-01,6.727014038939327367e-01,6.737092794291202891e-01,6.745432286479288164e-01,6.752019629831869096e-01,6.756844302115959655e-01,6.759898586294519340e-01,6.761176757932990666e-01,6.760676232552879084e-01,6.758396625515811218e-01,6.754340049989895345e-01,6.748511463026872770e-01,6.740918384123629759e-01,6.731570332287175606e-01,6.720480050835986319e-01,6.707662776022204065e-01,6.693135580807546559e-01,6.676918843841105344e-01,6.659034868372174509e-01,6.639508593779632761e-01,6.618367373793198061e-01,6.595640732883971680e-01,6.571360577681556459e-01,6.545561304046659812e-01,6.518279075999725558e-01,6.489552302970956754e-01,6.459421677771076675e-01,6.427929640828717872e-01,6.395120857829665884e-01,6.361041558721677314e-01,6.325739732000453808e-01,6.289265146665434791e-01,6.251669327915576613e-01,6.213005159193316640e-01,6.173326993175736188e-01,6.132690364059762977e-01,6.091152221126514554e-01,6.048770631415667509e-01,6.005604737615927169e-01,5.961714346697648548e-01,5.917160609649597669e-01,5.872004746022252419e-01,5.826309371900648681e-01,5.780136878612461837e-01,5.733550615862563760e-01,5.686613794965429403e-01,5.639390169759320726e-01,5.591943569962825045e-01,5.544337448110653321e-01,5.496635526773901992e-01,5.448901054819674794e-01,5.401196886470495118e-01,5.353585751884236688e-01,5.306129462437836342e-01,5.258889234098687027e-01,5.211925791263074537e-01,5.165298648743356091e-01,5.119066615468536030e-01,5.073287236690917634e-01,5.028016949559124260e-01,4.983310994528345472e-01,4.939223510635244452e-01,4.895806751307711369e-01,4.853111912309964193e-01,4.811188268484486441e-01,4.770083508702798181e-01,4.729843970518404217e-01,4.690513599452093008e-01,4.652134920059162737e-01
3.750495259404908466e-01,3.768429620417961257e-01,3.786901363951267196e-01,3.805859217015995499e-01,3.825251403217101998e-01,3.845026160227358325e-01,3.865131216102800082e-01,3.885514041147666853e-01,3.906122707275795913e-01,3.926904917183396959e-01,3.947808759991339178e-01,3.968783155864710199e-01,3.989776917170135828e-01,4.010740189399454869e-01,4.031623411364569920e-01,4.052378091083893574e-01,4.072956756982351045e-01,4.093313007907780077e-01,4.113401814332444117e-01,4.133179124658481474e-01,4.152602768919337883e-01,4.171631700154497802e-01,4.190226725372533934e-01,4.208350309240214693e-01,4.225966641952589864e-01,4.243041640249444191e-01,4.259543350228295888e-01,4.275441774386721239e-01,4.290708664858391419e-01,4.305318371434673774e-01,4.319246889359230623e-01,4.332472761702185204e-01,4.344976522253354290e-01,4.356741034969034976e-01,4.367751276985268882e-01,4.377994962498717446e-01,4.387461575398316493e-01,4.396143270320653773e-01,4.404034184954268571e-01,4.411131086991855188e-01,4.417432830828279533e-01,4.422940574723521756e-01,4.427657779468872068e-01,4.431589901038727741e-01,4.434744949485183163e-01,4.437132621718153924e-01,4.438765155963019238e-01,4.439656441559151068e-01,4.439822394053773436e-01,4.439281248492820131e-01,4.438052532373663595e-01,4.436157948792874839e-01,4.433620559592281740e-01,4.430465482794446186e-01,4.426718941164419774e-01,4.422408908453153709e-01,4.417564472139007825e-01,4.412216180461607240e-01,4.406395620148898518e-01,4.400135762861625555e-01,4.393469887176695288e-01,4.386432640067737254e-01,4.379059484616604214e-01,4.371386295513420839e-01,4.363449391489638285e-01,4.355285829965541144e-01,4.346932824357920833e-01,4.338427796570101247e-01,4.329808198093618721e-01,4.321111574828204183e-01,4.312375442093677180e-01,4.303636886586313381e-01,4.294932680930317326e-01,4.286299435352948772e-01,4.277772747042346557e-01,4.269387940687104921e-01,4.261179533401995845e-01,4.253181183853858571e-01,4.245425374161568843e-01,4.237943752948002962e-01,4.230767003819491112e-01,4.223924424230047769e-01,4.217443889767160670e-01,4.211352244114878740e-01,4.205674584583271036e-01,4.200434647355301143e-01,4.195654722372186840e-01,4.191355198009588667e-01,4.187555069343680270e-01,4.184271239372599482e-01,4.181519161286131325e-01,4.179312304155470281e-01,4.177662378105360119e-01,4.176579114210162147e-01,4.176070381584258695e-01,4.176142196454333821e-01,4.176798222405900263e-01,4.178040804228221328e-01,4.179870045742208884e-01,4.182283876409929047e-01,4.185278611171158181e-01,4.188848457027884997e-01,4.192985766294888839e-01,4.197681114401535796e-01,4.202922977386711612e-01,4.208698098474407123e-01,4.214991578265624983e-01,4.221786748165030079e-01,4.229064885309433697e-01,4.236806202935096688e-01,4.244988943547610138e-01,4.253589893835347802e-01,4.262584516491011999e-01,4.271946682282860563e-01,4.281649097959887018e-01,4.291663158993099803e-01,4.301959280786581963e-01,4.312506578521352885e-01,4.323273195121206669e-01,4.334226490188953784e-01,4.345333026330562842e-01,4.356558617223446062e-01,4.367868340445550390e-01,4.379226831101584727e-01,4.390598236240172980e-01,4.401946609937797406e-01,4.413235293642989721e-01,4.424428129421784095e-01,4.435488294141557986e-01,4.446379307063160757e-01,4.457064949503691809e-01,4.467509042007868914e-01,4.477675813578821384e-01,4.487530129789042976e-01,4.497037096302928805e-01,4.506162595731919573e-01,4.514873259920526571e-01,4.523136488859528792e-01,4.530920430853597747e-01,4.538194662623236120e-01,4.544929306565235749e-01,4.551095698758763075e-01,4.556666758116619809e-01,4.561616375673472334e-01,4.565919611421033197e-01,4.569553473632316232e-01,4.572495868257017704e-01,4.574726523459752281e-01,4.576226857044829455e-01,4.576979381528554769e-01,4.576968814757641502e-01,4.576181250279438562e-01,4.574604737178086800e-01,4.572228870857451000e-01,4.569045119745404060e-01,4.565046686257326902e-01,4.560228544021670549e-01,4.554587708343740271e-01,4.548122563771420102e-01,4.540833712429173108e-01,4.532723535944939153e-01,4.523795953774556455e-01,4.514056863408549836e-01,4.503513864361559094e-01,4.492176377682767230e-01,4.480055091417093904e-01,4.467163107949700951e-01,4.453514410630671216e-01,4.439125082605307471e-01,4.424012438755376420e-01,4.408195419133392190e-01,4.391694372212626707e-01,4.374530907543306979e-01,4.356728156193008794e-01,4.338310259858884077e-01,4.319302628069383032e-01,4.299731817214413332e-01,4.279625281634742429e-01,4.259011628607386468e-01,4.237920152150074227e-01,4.216380823206754003e-01,4.194424737000441716e-01,4.172083390875496178e-01,4.149388513152893476e-01,4.126372928792532147e-01,4.103069158257756088e-01,4.079510517438692530e-01,4.055730190443388450e-01,4.031761688823809475e-01,4.007638366554149845e-01,3.983393678372841307e-01,3.959060796411626448e-01,3.934672661925325832e-01,3.910261923722677668e-01,3.885860929287162646e-01,3.861501166215849934e-01,3.837214294264755798e-01,3.813030613607710784e-01,3.788979913386155696e-01,3.765091344489369662e-01,3.741393263889817300e-01,3.717912823968956282e-01,3.694676412724353098e-01,3.671709380631335007e-01,3.649035915098828298e-01,3.626678917598792351e-01,3.604660607093576608e-01,3.583001335846240920e-01,3.561720465735150887e-01,3.540836366275745828e-01,3.520365435715487323e-01,3.500323096011465074e-01,3.480723558708082588e-01,3.461578994308338042e-01,3.442900749621873868e-01,3.424698417146161411e-01,3.406980353531142702e-01,3.389753376427095399e-01,3.373022847374974598e-01,3.356792741924804480e-01,3.341065501592533349e-01,3.325842411011897259e-01,3.311123181941055815e-01,3.296906362032634985e-01,3.283188801898161424e-01,3.269966599594028023e-01,3.257234301027180923e-01,3.244985203935746854e-01,3.233211649662216525e-01,3.221904611153274534e-01,3.211054299847297955e-01,3.200649635241999968e-01,3.190679014969859395e-01,3.181129434382709564e-01,3.171987524810045977e-01,3.163238807590506574e-01,3.154868320062817477e-01,3.146860484816104697e-01,3.139199316749796131e-01,3.131868101425906437e-01,3.124849875140267574e-01,3.118127396522031303e-01,3.111683148596118831e-01,3.105499515174846570e-01,3.099558670076148492e-01,3.093842946920441483e-01,3.088334942186686805e-01,3.083016672428672833e-01,3.077871473944955305e-01,3.072882085113897710e-01,3.068032182776364025e-01,3.063305734041448791e-01,3.058687256199958959e-01,3.054161760917705193e-01,3.049715153495135556e-01,3.045334040041435264e-01,3.041005763719292765e-01,3.036718510321457232e-01,3.032461701313138858e-01,3.028225316552226598e-01,3.024000751012732580e-01,3.019780207879041445e-01,3.015557274713342450e-01,3.011326629237215946e-01,3.007084044095372222e-01,3.002826840417625043e-01,2.998553323861775644e-01,2.994263165456006459e-01,2.989957575913228527e-01,2.985638909080148284e-01,2.981310969581695280e-01,2.976978801150175213e-01,2.972649021729936170e-01,2.968329449084175509e-01,2.964029380730051066e-01,2.959759206535805265e-01,2.955531275920792456e-01,2.951358348780591112e-01,2.947255185664616750e-01,2.943237626204659452e-01,2.939322508969992587e-01,2.935528121559225490e-01,2.931873766806277759e-01,2.928379788742329626e-01,2.925067796453714730e-01,2.921960091510993340e-01,2.919080094884764498e-01,2.916451973982346346e-01,2.914100935165760964e-01,2.912052505781094203e-01,2.910333241684061045e-01,2.908969936475210849e-01,2.907990085243519207e-01,2.907421614081828753e-01,2.907292738600782411e-01,2.907631802092726092e-01,2.908467342952249512e-01,2.909828031636555457e-01,2.911742450616682798e-01,2.914239101102847340e-01,2.917346196679769799e-01,2.921091621413769435e-01,2.925502964232171155e-01,2.930607116935490253e-01,2.936430545921078217e-01,2.942998854642343565e-01,2.950337165621338409e-01,2.958469126133350113e-01,2.967418036858658903e-01,2.977205807035579466e-01,2.987853186258658811e-01,2.999379740280536111e-01,3.011803689421862495e-01,3.025141908747216446e-01,3.039409506516104753e-01,3.054620571470278989e-01,3.070786910780262668e-01,3.087918872963693606e-01,3.106025344609482097e-01,3.125112971298014686e-01,3.145186447875961688e-01,3.166249030318405988e-01,3.188301425204506656e-01,3.211342450233212187e-01,3.235369092439634442e-01,3.260375924511525469e-01,3.286355493775219294e-01,3.313298181704806833e-01,3.341192094059952655e-01,3.370023212570303350e-01,3.399775306172655442e-01,3.430429922872382242e-01,3.461966315305156638e-01,3.494361727691902009e-01,3.527591084494652862e-01,3.561627191677161353e-01,3.596440515144611050e-01,3.631999706373707504e-01,3.668271270062958833e-01,3.705219639026937073e-01,3.742807230294426524e-01,3.780994459718823308e-01,3.819740231759891635e-01,3.859001220940726506e-01,3.898732783063635909e-01,3.938888230750289821e-01,3.979419563273211002e-01,4.020277262303453281e-01,4.061410210083481465e-01,4.102766252217560083e-01,4.144291749297551730e-01,4.185932312215460693e-01,4.227632330672972394e-01,4.269335122648253433e-01,4.310983485817619365e-01,4.352519492867398809e-01,4.393884526958261594e-01,4.435019804863975512e-01,4.475866002494643947e-01,4.516363800755900937e-01,4.556453349171690759e-01,4.596075468059329094e-01,4.635170779485623949e-01,4.673680408662961860e-01,4.711545748571341341e-01,4.748708964059102366e-01,4.785112708813031857e-01,4.820700530101579839e-01,4.855417035364288925e-01,4.889207720961118997e-01,4.922019516748780132e-01,4.953800350675777731e-01,4.984499874644468531e-01,5.014069081609273670e-01,5.042460816562244208e-01,5.069629581305090671e-01,5.095531630927186972e-01,5.120125507526522846e-01,5.143371622473918992e-01,5.165232696188261086e-01,5.185673529639910351e-01,5.204661381340340842e-01,5.222166135986590074e-01,5.238159881001583917e-01,5.252617290758416768e-01,5.265516004956317664e-01,5.276836154516496569e-01,5.286560701281632912e-01,5.294675307803486941e-01,5.301168480451842191e-01,5.306031988755076645e-01,5.309259869801057352e-01,5.310849732018039226e-01,5.310801728224195939e-01,5.309119262232973036e-01,5.305808390138705422e-01,5.300878442403800239e-01,5.294341655107697164e-01,5.286212858476343479e-01,5.276510379995137390e-01,5.265255032248705724e-01,5.252470604693219025e-01,5.238183653364250070e-01,5.222423408222833796e-01,5.205222086576605234e-01,5.186614376937069837e-01,5.166637452448498147e-01,5.145331145838167863e-01,5.122737765572682456e-01,5.098901580608407036e-01,5.073869607768091150e-01,5.047690710084479226e-01,5.020415918892154883e-01,4.992098168452389628e-01,4.962792132965588854e-01,4.932554591366558605e-01,4.901443539238047875e-01,4.869518636212836205e-01,4.836840802851283816e-01,4.803472337556897176e-01,4.769476565786014421e-01,4.734917857735773117e-01,4.699861271219828995e-01,4.664372644094614828e-01,4.628518473238746322e-01,4.592365493850354419e-01,4.555981128833057614e-01
4.947523868718116669e-01,4.979016082109163355e-01,5.009841010313913490e-01,5.039951162797396966e-01,5.069300593430680069e-01,5.097844284765238321e-01,5.125538546274607254e-01,5.152341614553969107e-01,5.178212706156396505e-01,5.203113170958491018e-01,5.227005910520611254e-01,5.249855687132015669e-01,5.271629095539751564e-01,5.292295073262753835e-01,5.311824447990685094e-01,5.330190411362866199e-01,5.347368218402079876e-01,5.363335305716228074e-01,5.378072001024553073e-01,5.391560864071295311e-01,5.403786971402675388e-01,5.414737744362514427e-01,5.424403566545771271e-01,5.432777358563634085e-01,5.439854550987237580e-01,5.445633457524298171e-01,5.450115231852349362e-01,5.453303452177893362e-01,5.455204582694338500e-01,5.455828196836576272e-01,5.455186091210982857e-01,5.453293148249597211e-01,5.450166975073282849e-01,5.445827674790222339e-01,5.440298297488213031e-01,5.433604271841331324e-01,5.425773912701040702e-01,5.416838024233650017e-01,5.406829834889265163e-01,5.395785182438972427e-01,5.383742225630695488e-01,5.370741424363620897e-01,5.356825620559741985e-01,5.342039509312286327e-01,5.326430250961253776e-01,5.310046786116404682e-01,5.292940095480556106e-01,5.275162925892178389e-01,5.256769509031817833e-01,5.237815912895118498e-01,5.218359713486726559e-01,5.198459645555458808e-01,5.178175673421286929e-01,5.157569127331496084e-01,5.136701994832592044e-01,5.115637326943539565e-01,5.094438860788467194e-01,5.073170829554635164e-01,5.051898063371020875e-01,5.030685577249485174e-01,5.009598414680830336e-01,4.988702015231107345e-01,4.968061163846210215e-01,4.947741012809219741e-01,4.927805677300433618e-01,4.908319247473600377e-01,4.889344854533416718e-01,4.870944723026057743e-01,4.853180339009112720e-01,4.836111801201309346e-01,4.819798096678510890e-01,4.804296909225380663e-01,4.789664254520677455e-01,4.775954436138593606e-01,4.763220199843669622e-01,4.751512237410664419e-01,4.740879157495446194e-01,4.731367631929094819e-01,4.723021765077281553e-01,4.715883687400410640e-01,4.709992824418632318e-01,4.705386081536084841e-01,4.702097665919491298e-01,4.700159092241493197e-01,4.699599079888981956e-01,4.700443310630503801e-01,4.702714774415652776e-01,4.706433215266428993e-01,4.711615174301391762e-01,4.718274309080720541e-01,4.726421038817752995e-01,4.736062401260396348e-01,4.747202468930224462e-01,4.759841629655178763e-01,4.773977398915468240e-01,4.789603776229927057e-01,4.806711339956513673e-01,4.825287571306870471e-01,4.845316781022051544e-01,4.866779718621991324e-01,4.889654002375924402e-01,4.913914051921710602e-01,4.939531101865652363e-01,4.966473459019773440e-01,4.994706128167388237e-01,5.024191064378651372e-01,5.054887515252066699e-01,5.086751640787143813e-01,5.119737140312152768e-01,5.153794703568660429e-01,5.188872449127476250e-01,5.224916224108153706e-01,5.261869214819102636e-01,5.299672352251704188e-01,5.338264692462924010e-01,5.377582861679894854e-01,5.417561798386903993e-01,5.458134201689657239e-01,5.499231842348016874e-01,5.540784344373033132e-01,5.582720180993251402e-01,5.624966287823489619e-01,5.667449171771981042e-01,5.710093429632192574e-01,5.752823602285741522e-01,5.795563375566525899e-01,5.838235734384629172e-01,5.880763325841040778e-01,5.923068995309754836e-01,5.965075025049316748e-01,6.006704147755477230e-01,6.047879280289886195e-01,6.088523961910686788e-01,6.128561663429796802e-01,6.167917298599128184e-01,6.206516478443719897e-01,6.244285938037660300e-01,6.281152940827624542e-01,6.317047120230373514e-01,6.351898899236875229e-01,6.385640363447380174e-01,6.418205646075602067e-01,6.449530416600967042e-01,6.479552674312973881e-01,6.508212509878359420e-01,6.535451906115977705e-01,6.561215820244720165e-01,6.585451194322468060e-01,6.608107841762163037e-01,6.629137891882652678e-01,6.648496887503876351e-01,6.666142672560525506e-01,6.682036396438754133e-01,6.696141924500129683e-01,6.708426532468863002e-01,6.718860278405354158e-01,6.727417022680021175e-01,6.734073171005374725e-01,6.738808964972077264e-01,6.741607653182063453e-01,6.742456361968972578e-01,6.741344950863922270e-01,6.738267049883043258e-01,6.733219770699611084e-01,6.726203345494116137e-01,6.717221610512441599e-01,6.706281729378127388e-01,6.693394454891992140e-01,6.678573417417290603e-01,6.661835903319144325e-01,6.643202626520223752e-01,6.622696799914885579e-01,6.600345749542091411e-01,6.576179283692917821e-01,6.550230209119637381e-01,6.522534641521252619e-01,6.493131377587398889e-01,6.462062237188791469e-01,6.429371339437258692e-01,6.395105631584349082e-01,6.359314840321081963e-01,6.322050589806836873e-01,6.283367355993327852e-01,6.243321393310192757e-01,6.201971206741031528e-01,6.159377131117471649e-01,6.115601522619518171e-01,6.070708285400676640e-01,6.024762967366669164e-01,5.977832529881694779e-01,5.929985129357644436e-01,5.881290478336745897e-01,5.831818804354486074e-01,5.781641473800511744e-01,5.730830767773744672e-01,5.679459320650617205e-01,5.627600242397279295e-01,5.575327242643883796e-01,5.522713911472838522e-01,5.469833926238355515e-01,5.416761220031094393e-01,5.363569038188128468e-01,5.310330336384043726e-01,5.257117989448473194e-01,5.204003712246279001e-01,5.151058685527502012e-01,5.098353333041655278e-01,5.045956693784914293e-01,4.993937185211345109e-01,4.942361433269172877e-01,4.891294947513907809e-01,4.840801849519057454e-01,4.790944354819475226e-01,4.741783444024785243e-01,4.693378055828525408e-01,4.645785016450391658e-01,4.599059539263160579e-01,4.553254621158179805e-01,4.508421225800571808e-01,4.464607975617299607e-01,4.421861266245085131e-01,4.380224986559382305e-01,4.339741160541921716e-01,4.300448842967166674e-01,4.262384650928163210e-01,4.225582938613537398e-01,4.190075240042523408e-01,4.155890610834773735e-01,4.123055547753708971e-01,4.091593740327206241e-01,4.061526132568806791e-01,4.032871501668766623e-01,4.005645471672946711e-01,3.979861271967078395e-01,3.955529499399898508e-01,3.932657842172359031e-01,3.911251910510524787e-01,3.891314118294570967e-01,3.872844920756698395e-01,3.855841858495077101e-01,3.840300270205663224e-01,3.826212905391723762e-01,3.813570224606299131e-01,3.802360399276750735e-01,3.792569346020559506e-01,3.784180646081881094e-01,3.777175966609158109e-01,3.771534914446517672e-01,3.767234998317362527e-01,3.764251876272771691e-01,3.762559421590480624e-01,3.762129737300613508e-01,3.762933229230241983e-01,3.764938918250476108e-01,3.768114260792677084e-01,3.772425116171577164e-01,3.777836483833219017e-01,3.784311680452773774e-01,3.791813244806724881e-01,3.800302637091981239e-01,3.809740380463831899e-01,3.820086196475210860e-01,3.831298992518354929e-01,3.843337290230459669e-01,3.856158842437991119e-01,3.869720924562911057e-01,3.883980736537187006e-01,3.898895106242776798e-01,3.914420605696337652e-01,3.930513647879612660e-01,3.947131059395308506e-01,3.964229597477345601e-01,3.981765755217457903e-01,3.999697025644657344e-01,4.017980786094670353e-01,4.036574917661914785e-01,4.055437934070191264e-01,4.074528675289665891e-01,4.093806838730414399e-01,4.113232681168352833e-01,4.132767370221265835e-01,4.152372799317818330e-01,4.172011599350824995e-01,4.191647809092056143e-01,4.211245665361268431e-01,4.230771117183598773e-01,4.250190871254075353e-01,4.269472742336894999e-01,4.288585727909998147e-01,4.307499988972109950e-01,4.326186711644788296e-01,4.344618441553431132e-01,4.362769051046849755e-01,4.380613289906281071e-01,4.398127549327041086e-01,4.415289208833401147e-01,4.432076920105260109e-01,4.448470866860077533e-01,4.464452122246742594e-01,4.480003293551205190e-01,4.495108034253316176e-01,4.509751358323529913e-01,4.523919195413108607e-01,4.537599240306461335e-01,4.550779850562629569e-01,4.563450715116392220e-01,4.575602619307321262e-01,4.587227439499937387e-01,4.598318216165045991e-01,4.608868893529334820e-01,4.618874464724542772e-01,4.628330990181286908e-01,4.637235144075188553e-01,4.645584789965171435e-01,4.653378622141549625e-01,4.660615884940096931e-01,4.667296829826138027e-01,4.673422504859692794e-01,4.678994174072000356e-01,4.684014494203132539e-01,4.688485830666357379e-01,4.692411843891288736e-01,4.695796365106323367e-01,4.698643773240715471e-01,4.700958734996094623e-01,4.702746345992164789e-01,4.704012242633878182e-01,4.704762303401152090e-01,4.705002342949978766e-01,4.704738899195731738e-01,4.703978359740421666e-01,4.702727258650629683e-01,4.700992633118534214e-01,4.698781052862418539e-01,4.696099632929439660e-01,4.692955317223302947e-01,4.689355047339833771e-01,4.685305860061451666e-01,4.680814532167378861e-01,4.675888325515517585e-01,4.670533639244473512e-01,4.664757512077094548e-01,4.658566338479189772e-01,4.651966900951046702e-01,4.644965423990694009e-01,4.637568506600605600e-01,4.629781961043598071e-01,4.621612111250915089e-01,4.613064724063082322e-01,4.604145762706977618e-01,4.594860943309154733e-01,4.585215785187362614e-01,4.575215707613415339e-01,4.564866403650936766e-01,4.554173034374973117e-01,4.543141026080546596e-01,4.531775525129083104e-01,4.520081795193218177e-01,4.508065108763967821e-01,4.495730884887075285e-01,4.483084210249115298e-01,4.470130558580421853e-01,4.456875430406269101e-01,4.443324598327153541e-01,4.429483526466369558e-01,4.415358394282961063e-01,4.400955395603141085e-01,4.386280693411878651e-01,4.371341079513015870e-01,4.356143500559750414e-01,4.340695344513481047e-01,4.325004134224262331e-01,4.309077899835446757e-01,4.292925064708207339e-01,4.276554444116575371e-01,4.259975488343658023e-01,4.243197900372904230e-01,4.226232170396468923e-01,4.209088982285513758e-01,4.191779899683083510e-01,4.174316884638338276e-01,4.156712560965274972e-01,4.138980251646839359e-01,4.121133694430018646e-01,4.103187390680174129e-01,4.085156583579015455e-01,4.067057093608383855e-01,4.048905508067893733e-01,4.030718760445787807e-01,4.012514930203696095e-01,3.994312570203157886e-01,3.976130659080792107e-01,3.957989367590123431e-01,3.939909003530202569e-01,3.921910774875426720e-01,3.904016543857800059e-01,3.886248798777994229e-01,3.868630380106723998e-01,3.851185103353572114e-01,3.833936895576380288e-01,3.816910468154199321e-01,3.800131116940191345e-01,3.783624214925532803e-01,3.767415943019340463e-01,3.751532616940492781e-01,3.736000897009815747e-01,3.720847788437950943e-01,3.706100693604393870e-01,3.691786919073481998e-01,3.677933964619705676e-01,3.664569710207611908e-01,3.651721630861190504e-01,3.639417607773010044e-01,3.627685105126207121e-01,3.616551567445404070e-01,3.606044283757076085e-01,3.596190131250853739e-01,3.587015802405221776e-01,3.578547529827855733e-01,3.570811149720456434e-01,3.563831491110943106e-01,3.557633720792315879e-01,3.552241438928007145e-01,3.547677862333911691e-01,3.543965484592778159e-01,3.541125799730792667e-01,3.539179375554092344e-01
3.485604222371125882e-01,3.476281609859077637e-01,3.466925081688287946e-01,3.457552519676677094e-01,3.448181740934097017e-01,3.438830152331077139e-01,3.429515112051246262e-01,3.420253537103778441e-01,3.411062016252716100e-01,3.401956924248608072e-01,3.392954214000510893e-01,3.384069461200826523e-01,3.375317916140222474e-01,3.366714413042649068e-01,3.358273431950457577e-01,3.350008844338630554e-01,3.341934281856066558e-01,3.334062985820006042e-01,3.326407560782411732e-01,3.318980301471462502e-01,3.311793079080351254e-01,3.304857085459634858e-01,3.298183263788497799e-01,3.291782169687419990e-01,3.285663693998707724e-01,3.279837269163277114e-01,3.274312000949416435e-01,3.269096565059543269e-01,3.264199011724486788e-01,3.259627092571041329e-01,3.255388108947603332e-01,3.251488908873338413e-01,3.247935856900678320e-01,3.244735008997904901e-01,3.241891901956029387e-01,3.239411745885000249e-01,3.237299426125104240e-01,3.235559256637313141e-01,3.234195486998489022e-01,3.233211621740448294e-01,3.232611074878563584e-01,3.232396917568480799e-01,3.232571871046355239e-01,3.233138214471993899e-01,3.234098076913708986e-01,3.235453289928159615e-01,3.237205311733764024e-01,3.239355270896636108e-01,3.241904345315569369e-01,3.244853173375663036e-01,3.248202199944876800e-01,3.251951632860909380e-01,3.256101532053983783e-01,3.260651737498556635e-01,3.265601673311831488e-01,3.270950903414048261e-01,3.276698517972771452e-01,3.282843564117935431e-01,3.289384716440326706e-01,3.296320707729570865e-01,3.303649970570349259e-01,3.311370584217034896e-01,3.319480947784096414e-01,3.327978600017308941e-01,3.336861520294235328e-01,3.346127226499661100e-01,3.355772962561966999e-01,3.365795978581053172e-01,3.376193367010724145e-01,3.386961853243805609e-01,3.398098104004275144e-01,3.409598472094869104e-01,3.421459356919662742e-01,3.433676552879863508e-01,3.446246061712714970e-01,3.459163328757294820e-01,3.472423801852974612e-01,3.486022560658321168e-01,3.499954486703998890e-01,3.514214078292970944e-01,3.528795820529010419e-01,3.543693728968372869e-01,3.558901546123227622e-01,3.574412843520476946e-01,3.590220642753918501e-01,3.606317898423435642e-01,3.622697171985910791e-01,3.639350504861431634e-01,3.656269885004571063e-01,3.673446683272703628e-01,3.690872090535600725e-01,3.708536741070345699e-01,3.726430944803885703e-01,3.744544905041388705e-01,3.762867822971959764e-01,3.781389143566984967e-01,3.800097371630617449e-01,3.818980815740744550e-01,3.838027393216624783e-01,3.857224494099377177e-01,3.876559188804407641e-01,3.896017903186338449e-01,3.915586811175867932e-01,3.935251573688458571e-01,3.954997425481830420e-01,3.974809262202909088e-01,3.994671261941221130e-01,4.014567561656126049e-01,4.034481383157546563e-01,4.054396095926485200e-01,4.074294181894931866e-01,4.094158066346125779e-01,4.113969541517414341e-01,4.133710242520530209e-01,4.153361208251644676e-01,4.172903289974433383e-01,4.192317130048920926e-01,4.211582713433021929e-01,4.230679866638020203e-01,4.249588480775291499e-01,4.268287738727387648e-01,4.286756908533703725e-01,4.304974837820175759e-01,4.322920499265667793e-01,4.340572334461693105e-01,4.357909075766116525e-01,4.374909100443905019e-01,4.391550840493104735e-01,4.407812604759043240e-01,4.423673180481696998e-01,4.439110527013608865e-01,4.454103562359589819e-01,4.468630981178089989e-01,4.482671584910414841e-01,4.496204332807983706e-01,4.509208686323711301e-01,4.521664199401837503e-01,4.533550867067608348e-01,4.544848905403664485e-01,4.555539043245919184e-01,4.565602278783588153e-01,4.575020467580225847e-01,4.583775737183758414e-01,4.591850745336283346e-01,4.599228819556635539e-01,4.605894056783924606e-01,4.611831048265040978e-01,4.617025421423231468e-01,4.621463067610008801e-01,4.625131303294269247e-01,4.628017813280761450e-01,4.630111435267841302e-01,4.631401769282231795e-01,4.631879520602630307e-01,4.631536279949564627e-01,4.630364768206557402e-01,4.628358626561255296e-01,4.625512567336479974e-01,4.621822499667439521e-01,4.617285635078611783e-01,4.611899935744912526e-01,4.605664950293036353e-01,4.598581095027279297e-01,4.590650392263005974e-01,4.581875594277107222e-01,4.572261256026778908e-01,4.561812779553382491e-01,4.550536952103813593e-01,4.538441917581546581e-01,4.525537154327270439e-01,4.511833100607930414e-01,4.497341824935001675e-01,4.482076609520130872e-01,4.466051819950043744e-01,4.449283344269263640e-01,4.431788075290802320e-01,4.413584325103380723e-01,4.394691522399613026e-01,4.375130487982257232e-01,4.354922891131421392e-01,4.334091864344969958e-01,4.312661538960243512e-01,4.290657143116705097e-01,4.268105107834281875e-01,4.245032577561316800e-01,4.221467996121893163e-01,4.197440706660310883e-01,4.172980916866287360e-01,4.148119612148106761e-01,4.122888835611140390e-01,4.097321171477602553e-01,4.071450094749633486e-01,4.045309599514281262e-01,4.018934448846527285e-01,3.992359857563607672e-01,3.965621590840763266e-01,3.938755829905554173e-01,3.911799139210507814e-01,3.884788358970614475e-01,3.857760677923657289e-01,3.830753505181206942e-01,3.803804128828296993e-01,3.776950174011812766e-01,3.750228978648247891e-01,3.723678075396048559e-01,3.697334821860519538e-01,3.671235990401486293e-01,3.645418505770439133e-01,3.619918711312397064e-01,3.594772599515876910e-01,3.570015746262693579e-01,3.545682815539958899e-01,3.521808274679791850e-01,3.498425767891885640e-01,3.475567930875111955e-01,3.453266932566053660e-01,3.431553745021896917e-01,3.410458683165312199e-01,3.390010869221189438e-01,3.370238273993828582e-01,3.351167867386340982e-01,3.332825417319585926e-01,3.315235543629562187e-01,3.298421415672724843e-01,3.282404914791557382e-01,3.267206619627058273e-01,3.252845495781350738e-01,3.239339264334172852e-01,3.226704090835137428e-01,3.214954388078185565e-01,3.204103238188752423e-01,3.194162047454971454e-01,3.185140468640367817e-01,3.177046641566196872e-01,3.169886969054542813e-01,3.163666207110296669e-01,3.158387317910520964e-01,3.154051626427103461e-01,3.150658713712909953e-01,3.148206405305771227e-01,3.146690748867713161e-01,3.146106144572622942e-01,3.146445285015357918e-01,3.147699161070990348e-01,3.149857045896516383e-01,3.152906322405820694e-01,3.156833207273904152e-01,3.161621713308969683e-01,3.167254740738569829e-01,3.173713277182074188e-01,3.180977070232726134e-01,3.189023955733791271e-01,3.197830670327717062e-01,3.207372519606441763e-01,3.217623158680024686e-01,3.228555203344006808e-01,3.240139826008842650e-01,3.252347072259862970e-01,3.265145984848089600e-01,3.278504127028810666e-01,3.292388368652429675e-01,3.306764495253669001e-01,3.321597254684500733e-01,3.336850912579549244e-01,3.352488638595463311e-01,3.368473158475389084e-01,3.384766301360538354e-01,3.401329597728020571e-01,3.418124119419738149e-01,3.435110492007615313e-01,3.452248898069201766e-01,3.469499561991585823e-01,3.486822254004245392e-01,3.504177042179491552e-01,3.521523664406787102e-01,3.538822329112221166e-01,3.556032928499284762e-01,3.573115976670597216e-01,3.590032350949500239e-01,3.606743150993469982e-01,3.623209850027084289e-01,3.639394904752626947e-01,3.655261094445255154e-01,3.670771989347057507e-01,3.685892006837264145e-01,3.700586466496341709e-01,3.714821433705686182e-01,3.728564135217245501e-01,3.741782796397379318e-01,3.754446818214332571e-01,3.766526641608992088e-01,3.777994300904701785e-01,3.788822734004692605e-01,3.798986557293805855e-01,3.808461619351753424e-01,3.817225127021917630e-01,3.825256151734505727e-01,3.832534841685682481e-01,3.839043345843974331e-01,3.844765147810912387e-01,3.849685552972123559e-01,3.853791293438935117e-01,3.857071074208977546e-01,3.859515249668107884e-01,3.861115657798955270e-01,3.861866451282411350e-01,3.861762844462306443e-01,3.860802213292567342e-01,3.858983696177368250e-01,3.856308049090806378e-01,3.852777975139835553e-01,3.848397735337023562e-01,3.843173515189053369e-01,3.837112939492438035e-01,3.830225665434729421e-01,3.822522767209192707e-01,3.814017123721262781e-01,3.804723274085770601e-01,3.794657088739099016e-01,3.783836239786994571e-01,3.772279855203329868e-01,3.760008430504750976e-01,3.747044092178077879e-01,3.733410030566839954e-01,3.719131138102572676e-01,3.704233219480461692e-01,3.688743384832113836e-01,3.672690102408582846e-01,3.656102824068333534e-01,3.639011862938514308e-01,3.621448645717268433e-01,3.603445472712140107e-01,3.585035404465212183e-01,3.566252362859562708e-01,3.547130892286954884e-01,3.527706254479335279e-01,3.508013971404041476e-01,3.488090325631308941e-01,3.467971808363364272e-01,3.447695229696871033e-01,3.427297815871999109e-01,3.406816603385964815e-01,3.386289143355573628e-01,3.365752597416317715e-01,3.345244197187263180e-01,3.324801022792510663e-01,3.304460036382148580e-01,3.284257830687572488e-01,3.264230447918228806e-01,3.244413603083032838e-01,3.224842668312264404e-01,3.205552198126034869e-01,3.186576215815342117e-01,3.167947875986066308e-01,3.149699720312950091e-01,3.131863318775299221e-01,3.114469344293835928e-01,3.097547608292852139e-01,3.081126674181177694e-01,3.065234201907728329e-01,3.049896803306559878e-01,3.035139675383702329e-01,3.020986933254484197e-01,3.007461309941520389e-01,2.994584354691423034e-01,2.982376216401145252e-01,2.970855639952335037e-01,2.960039980531307124e-01,2.949945292093612004e-01,2.940585832202440852e-01,2.931974721276948692e-01,2.924123364320564411e-01,2.917041788270446356e-01,2.910738270680701123e-01,2.905219700633376312e-01,2.900491614278983277e-01,2.896557688326461544e-01,2.893420116348573989e-01,2.891079749174498836e-01,2.889535716810534005e-01,2.888785701901799841e-01,2.888825872963689534e-01,2.889650913987465985e-01,2.891254053578026229e-01,2.893627056362790273e-01,2.896760343730520049e-01,2.900642976515797056e-01,2.905262374141069359e-01,2.910605068943237783e-01,2.916655902278869061e-01,2.923398847126918443e-01,2.930816397321990285e-01,2.938890143206591699e-01,2.947600194844024468e-01,2.956926041910151737e-01,2.966845754857705408e-01,2.977336814958528310e-01,2.988375604530419394e-01,2.999937665955589861e-01,3.011997653942419251e-01,3.024529841232822536e-01,3.037507423019949471e-01,3.050903112177880128e-01,3.064689150812814900e-01,3.078837311660712062e-01,3.093318718726363326e-01,3.108104396644514877e-01,3.123164840411749021e-01,3.138470371548545135e-01,3.153991188046682548e-01,3.169697300213542013e-01,3.185558589664577722e-01,3.201545225280139073e-01,3.217627028999542893e-01,3.233774246665284124e-01,3.249957212692236030e-01,3.266146512111272604e-01,3.282312855018069131e-01,3.298427733417077512e-01,3.314462409134298904e-01,3.330389224626301159e-01,3.346180650170548221e-01,3.361809920156649256e-01,3.377250690751472662e-01,3.392477336427988099e-01,3.407464982420670419e-01,3.422189540010698305e-01
4.264936942525661134e-01,4.269321238160317389e-01,4.274558895703382544e-01,4.280623018915336586e-01,4.287485358361482479e-01,4.295116242995128397e-01,4.303484636555118259e-01,4.312558341629948999e-01,4.322304016271257820e-01,4.332687249405557939e-01,4.343672692455740614e-01,4.355224072121785528e-01,4.367304536422921268e-01,4.379876257059340805e-01,4.392901113499187993e-01,4.406340265132505096e-01,4.420154616654163315e-01,4.434304750695041153e-01,4.448751061589421019e-01,4.463453789389481563e-01,4.478373273249163788e-01,4.493469791159253046e-01,4.508703945013432524e-01,4.524036407095815004e-01,4.539428322334711496e-01,4.554841423723507976e-01,4.570237662846063920e-01,4.585579677703522927e-01,4.600831137036315854e-01,4.615955865650901990e-01,4.630919112388576786e-01,4.645686661324590627e-01,4.660225430871612895e-01,4.674503504706817303e-01,4.688489724235324618e-01,4.702154338740097694e-01,4.715468795635701094e-01,4.728405823573792466e-01,4.740939392046195633e-01,4.753044946924380731e-01,4.764699257729859139e-01,4.775880472175720315e-01,4.786568251255740036e-01,4.796743824847765070e-01,4.806389838617508570e-01,4.815490559959451633e-01,4.824031750476337477e-01,4.832000607101485934e-01,4.839386164131980195e-01,4.846178916049450613e-01,4.852370577593543843e-01,4.857955031950358382e-01,4.862927209144644602e-01,4.867283908863588859e-01,4.871022949981931860e-01,4.874144317880750310e-01,4.876649029553311032e-01,4.878539547072416882e-01,4.879819749926767036e-01,4.880495114155662950e-01,4.880572128837097345e-01,4.880058602524994238e-01,4.878963827232366546e-01,4.877298151457148956e-01,4.875072751521982162e-01,4.872300573809246749e-01,4.868994975284941518e-01,4.865170480639732786e-01,4.860842732702513880e-01,4.856027659797230722e-01,4.850742756107676579e-01,4.845005729198419986e-01,4.838834885845144651e-01,4.832249495651795845e-01,4.825269136338031228e-01,4.817913890231649288e-01,4.810204181385078770e-01,4.802160899070903599e-01,4.793805045451046687e-01,4.785157875916429271e-01,4.776240784734055445e-01,4.767075307039567167e-01,4.757682776058748675e-01,4.748084773524012814e-01,4.738302363356228786e-01,4.728356754553826313e-01,4.718268836658219834e-01,4.708059019214364538e-01,4.697747637058189429e-01,4.687354492355079727e-01,4.676898742167402423e-01,4.666399330173536253e-01,4.655874479252573028e-01,4.645341814239407063e-01,4.634818357626426244e-01,4.624320575770485831e-01,4.613864043910578250e-01,4.603463598655865296e-01,4.593133371433257839e-01,4.582886715425529278e-01,4.572736010952020425e-01,4.562693135242645304e-01,4.552768631556140533e-01,4.542972576185744238e-01,4.533313901212154273e-01,4.523800786986422739e-01,4.514440559177684276e-01,4.505239429208601210e-01,4.496202832306048225e-01,4.487335536540177916e-01,4.478641214046346630e-01,4.470122495305699495e-01,4.461781506701444910e-01,4.453619472794088097e-01,4.445636629052638900e-01,4.437832622422924200e-01,4.430206130472656434e-01,4.422755379429827438e-01,4.415477611287805249e-01,4.408369676069255338e-01,4.401427513044576245e-01,4.394646658555192986e-01,4.388022084317318994e-01,4.381548203357584770e-01,4.375218921602889721e-01,4.369027893880288449e-01,4.362968080075121935e-01,4.357032521587896889e-01,4.351213681956598300e-01,4.345503690643228167e-01,4.339894954247638936e-01,4.334379405688730258e-01,4.328948843950678471e-01,4.323595226250687151e-01,4.318310352615638004e-01,4.313086320578514710e-01,4.307915124911531057e-01,4.302789059821857665e-01,4.297700402486078763e-01,4.292642055155944658e-01,4.287606898143536682e-01,4.282588278621835554e-01,4.277579989722024578e-01,4.272576135874321390e-01,4.267571380381267043e-01,4.262561033725101867e-01,4.257540574346939666e-01,4.252506364452762200e-01,4.247455240047692815e-01,4.242384822076800122e-01,4.237293071368892772e-01,4.232179165753184868e-01,4.227042547170216658e-01,4.221883482162078760e-01,4.216703007163568051e-01,4.211503105484143972e-01,4.206286122443770870e-01,4.201055635062582172e-01,4.195815487290366352e-01,4.190570736323958601e-01,4.185327058380481358e-01,4.180090960429581060e-01,4.174869471927339371e-01,4.169670585313099420e-01,4.164502978746200124e-01,4.159376085553067592e-01,4.154299895069801796e-01,4.149285324474829006e-01,4.144343584088712173e-01,4.139486753049844703e-01,4.134727493925234310e-01,4.130078741799732556e-01,4.125554311892037362e-01,4.121168218800089211e-01,4.116935112837067923e-01,4.112869691665386740e-01,4.108987380275841983e-01,4.105303665389920531e-01,4.101834268481872048e-01,4.098595165808542884e-01,4.095602463554636197e-01,4.092872333335922375e-01,4.090420868060611892e-01,4.088264222186872021e-01,4.086418619575435951e-01,4.084899752051612265e-01,4.083723316018919025e-01,4.082904790895932612e-01,4.082459251381679866e-01,4.082401247470370809e-01,4.082745153044766151e-01,4.083504709915570241e-01,4.084692970229032993e-01,4.086322633494587908e-01,4.088405417349723070e-01,4.090952517306166714e-01,4.093974270812000271e-01,4.097480143596907709e-01,4.101478846751037133e-01,4.105977928557444367e-01,4.110984146696448072e-01,4.116503171122067872e-01,4.122539731781696970e-01,4.129097211550946667e-01,4.136177885889871786e-01,4.143783042572886099e-01,4.151912731382235155e-01,4.160565601881430209e-01,4.169739160603016526e-01,4.179429560949719513e-01,4.189631745883086733e-01,4.200339516472522683e-01,4.211544775564057264e-01,4.223238819897395802e-01,4.235411117953447047e-01,4.248049988149238954e-01,4.261142573413140844e-01,4.274674333917775626e-01,4.288629714901456835e-01,4.302991801091417545e-01,4.317742602066798607e-01,4.332862402177519723e-01,4.348330656030704455e-01,4.364125583117777762e-01,4.380224238215775223e-01,4.396602537826949098e-01,4.413235291533502691e-01,4.430096339606591216e-01,4.447158685556220625e-01,4.464394055972358832e-01,4.481773843183093908e-01,4.499268016245804858e-01,4.516846356676950114e-01,4.534477534637689211e-01,4.552130044427056266e-01,4.569771389672417916e-01,4.587368792341062207e-01,4.604889362435956590e-01,4.622299547874865744e-01,4.639565494460163309e-01,4.656653513742408101e-01,4.673529559679235335e-01,4.690159839516825913e-01,4.706510467161444389e-01,4.722547649569630024e-01,4.738238100481359516e-01,4.753548740949610774e-01,4.768446896635404886e-01,4.782900493818207921e-01,4.796877985782768139e-01,4.810348530588532401e-01,4.823281871004903576e-01,4.835649155556561163e-01,4.847421730749044699e-01,4.858572367643654299e-01,4.869074992417185554e-01,4.878904426424702234e-01,4.888037172990614687e-01,4.896450187357106465e-01,4.904122833910464219e-01,4.911035300743948340e-01,4.917169428131683007e-01,4.922508501561917993e-01,4.927037744269944231e-01,4.930743835631195005e-01,4.933615292755314519e-01,4.935642127617818065e-01,4.936816652225897162e-01,4.937132636163248933e-01,4.936585993673924255e-01,4.935174295952887702e-01,4.932897485314534092e-01,4.929757001939367722e-01,4.925756619117149793e-01,4.920901957853475173e-01,4.915200685389241042e-01,4.908662419550767209e-01,4.901298777248504490e-01,4.893123610149677782e-01,4.884152432549027645e-01,4.874402752672820083e-01,4.863894474748193808e-01,4.852648814701923663e-01,4.840689157491426808e-01,4.828040747909236874e-01,4.814730678463748359e-01,4.800787730905538564e-01,4.786242297890626607e-01,4.771126509935949556e-01,4.755474256462297600e-01,4.739320677017082040e-01,4.722702682791236062e-01,4.705658228525432807e-01,4.688226661532310380e-01,4.670448999475849128e-01,4.652366765174438257e-01,4.634022902032313707e-01,4.615461224024843823e-01,4.596726518904026282e-01,4.577864287841870161e-01,4.558920793272192018e-01,4.539942733602733149e-01,4.520977294794424339e-01,4.502072301969268220e-01,4.483275481991468858e-01,4.464635038105039810e-01,4.446199109558945373e-01,4.428015680603147319e-01,4.410132663042377055e-01,4.392597766809461235e-01,4.375458257500463577e-01,4.358760782425701863e-01,4.342551532324729902e-01,4.326875944743844293e-01,4.311778684630730996e-01,4.297303310631207518e-01,4.283492652993243222e-01,4.270388021504477605e-01,4.258029853962208011e-01,4.246456995301168824e-01,4.235707008811663843e-01,4.225815781598410426e-01,4.216817800438477093e-01,4.208745604668239215e-01,4.201630087043187189e-01,4.195500207727602127e-01,4.190383030240822371e-01,4.186303613665326995e-01,4.183284897160555182e-01,4.181347664486129712e-01,4.180510473358057255e-01,4.180789606685775261e-01,4.182199140463959686e-01,4.184750685900880396e-01,4.188453535867020516e-01,4.193314563979910758e-01,4.199337922672319312e-01,4.206525731117883860e-01,4.214877255396818345e-01,4.224389581428849016e-01,4.235056864841116875e-01,4.246870963843479285e-01,4.259821518586503486e-01,4.273895102117177269e-01,4.289076192339628113e-01,4.305346629015838755e-01,4.322686065083803375e-01,4.341071731142767676e-01,4.360477968263876125e-01,4.380877603665258579e-01,4.402240632213814120e-01,4.424535028626931377e-01,4.447726739537901652e-01,4.471779445601890002e-01,4.496655055971751080e-01,4.522313216081956244e-01,4.548712028603691393e-01,4.575807751246432353e-01,4.603554841733821790e-01,4.631906379437558119e-01,4.660813819648812473e-01,4.690227201362768272e-01,4.720095260973826701e-01,4.750365928351406586e-01,4.780985547808419001e-01,4.811899819615346741e-01,4.843053462437731382e-01,4.874390689825811585e-01,4.905854750159352462e-01,4.937388874490056256e-01,4.968935442036543915e-01,5.000437078481489994e-01,5.031835736972104511e-01,5.063073895225927989e-01,5.094093806307857797e-01,5.124838285019670536e-01,5.155250217225065823e-01,5.185273269415411335e-01,5.214851483039231184e-01,5.243929731298513364e-01,5.272453839302645440e-01,5.300370473901110380e-01,5.327627373588602611e-01,5.354173751932637115e-01,5.379959916151193511e-01,5.404937404832039771e-01,5.429059604967227948e-01,5.452281589472726120e-01,5.474559674959929012e-01,5.495852505071361360e-01,5.516120467639011871e-01,5.535325612014578844e-01,5.553432645715550287e-01,5.570407902562790614e-01,5.586220340378926785e-01,5.600840786501172230e-01,5.614242735263389461e-01,5.626401791452187995e-01,5.637296310027457569e-01,5.646907120855779727e-01,5.655217135437067277e-01,5.662212426979567059e-01,5.667881357579563906e-01,5.672214797793853069e-01,5.675206487378754439e-01,5.676852790421381689e-01,5.677152406841754484e-01,5.676107222451269863e-01,5.673721035118498568e-01,5.670001049440920315e-01,5.664956460343227862e-01,5.658599217854467511e-01,5.650944041190482103e-01,5.642007895269195439e-01,5.631810435087192257e-01,5.620373567586195440e-01,5.607721247200145864e-01,5.593880650915107333e-01,5.578880328714180825e-01,5.562751532736044391e-01,5.545527311503911649e-01,5.527242848150659693e-01,5.507935376492535395e-01,5.487643827283664733e-01,5.466409168665847806e-01,5.444273718946732732e-01,5.421281612015589335e-01
2.176304976989781870e-01,2.183027560495352515e-01,2.189561131475408484e-01,2.195900303164541600e-01,2.202039894793150487e-01,2.207974762678228120e-01,2.213699987244860390e-01,2.219210627620264997e-01,2.224501983365665958e-01,2.229569466880645390e-01,2.234408558141768031e-01,2.239014865442396640e-01,2.243384131652415847e-01,2.247512240943755346e-01,2.251395174751396056e-01,2.255028977228347720e-01,2.258409949603404354e-01,2.261534387139580438e-01,2.264398765422087623e-01,2.266999685509337448e-01,2.269333878181148956e-01,2.271398219966803689e-01,2.273189692836006803e-01,2.274705430716392196e-01,2.275942698688647181e-01,2.276898941501560025e-01,2.277571751291903590e-01,2.277958924268889962e-01,2.278058305774327830e-01,2.277867945522098481e-01,2.277386212493223150e-01,2.276611468035811547e-01,2.275542427850272276e-01,2.274177926618715928e-01,2.272516915165613827e-01,2.270558728886690747e-01,2.268302928029717613e-01,2.265749173812445505e-01,2.262897377285795486e-01,2.259747851616900616e-01,2.256301122783171964e-01,2.252557791953271049e-01,2.248519065966715358e-01,2.244186138982352252e-01,2.239560634133614669e-01,2.234644549308738570e-01,2.229440021449503595e-01,2.223949736232669616e-01,2.218176575911705306e-01,2.212123651220210263e-01,2.205794695531115290e-01,2.199193604746517983e-01,2.192324690406618204e-01,2.185192607082475924e-01,2.177802517245495950e-01,2.170159752822041765e-01,2.162270224320547996e-01,2.154140183945759679e-01,2.145776210007024898e-01,2.137185371226656694e-01,2.128375137582307897e-01,2.119353311715752031e-01,2.110128211670036780e-01,2.100708520733487183e-01,2.091103274485158481e-01,2.081321997941261437e-01,2.071374660060600892e-01,2.061271521863044243e-01,2.051023268057690918e-01,2.040641078819153964e-01,2.030136432855925155e-01,2.019521245001187348e-01,2.008807793006870679e-01,1.998008624332688055e-01,1.987136843276985643e-01,1.976205746830302645e-01,1.965229026066360463e-01,1.954220633927184203e-01,1.943194971167553631e-01,1.932166595336890780e-01,1.921150364461233773e-01,1.910161432951045513e-01,1.899215189691112471e-01,1.888327249788614715e-01,1.877513428300870146e-01,1.866789608802297551e-01,1.856172034136081561e-01,1.845676961817854789e-01,1.835320764378426672e-01,1.825119908654402601e-01,1.815090951119100182e-01,1.805250366439536680e-01,1.795614816146810788e-01,1.786200848521591611e-01,1.777024908830303618e-01,1.768103393653323308e-01,1.759452656811731353e-01,1.751088841695681020e-01,1.743027980601605520e-01,1.735285766235895588e-01,1.727877850132772952e-01,1.720819470958648012e-01,1.714125660617645541e-01,1.707811017493279238e-01,1.701889910175142517e-01,1.696376291224887534e-01,1.691283581322939322e-01,1.686624826094713092e-01,1.682412603664598938e-01,1.678658948957910957e-01,1.675375301409778861e-01,1.672572664622638816e-01,1.670261309718208687e-01,1.668450874130860961e-01,1.667150427371545673e-01,1.666368247830724014e-01,1.666111985415525132e-01,1.666388426096824527e-01,1.667203829445933483e-01,1.668563390170868521e-01,1.670471617835590783e-01,1.672932246976088777e-01,1.675948074195214577e-01,1.679521102845424052e-01,1.683652367638308056e-01,1.688341979979775809e-01,1.693589349153753199e-01,1.699392722710485470e-01,1.705749571381036944e-01,1.712656297206717748e-01,1.720108417319991534e-01,1.728100488121779299e-01,1.736626102474162492e-01,1.745677899574947511e-01,1.755247551553212881e-01,1.765325777620666281e-01,1.775902323728259791e-01,1.786965953179816269e-01,1.798504564573710496e-01,1.810505067986208083e-01,1.822953523970748668e-01,1.835834950543270283e-01,1.849133594752218890e-01,1.862832800244617892e-01,1.876915005291561744e-01,1.891361903580672521e-01,1.906154318013363325e-01,1.921272260858881142e-01,1.936695036654085267e-01,1.952401220460891484e-01,1.968368646612998485e-01,1.984574493659393146e-01,2.000995283347313247e-01,2.017607051645511906e-01,2.034385133806634605e-01,2.051304366882780450e-01,2.068339124037681109e-01,2.085463380034767167e-01,2.102650609792886260e-01,2.119874006033833358e-01,2.137106385957576182e-01,2.154320357988522561e-01,2.171488284748409880e-01,2.188582220107196941e-01,2.205574397260882114e-01,2.222436680546747145e-01,2.239140988152129030e-01,2.255659295401825637e-01,2.271963562863778263e-01,2.288026048237336851e-01,2.303818978916915561e-01,2.319314853633409335e-01,2.334486488748854782e-01,2.349307039815667630e-01,2.363749949113375104e-01,2.377789179616394966e-01,2.391399049188812909e-01,2.404554453632146149e-01,2.417230851807460890e-01,2.429404339926742318e-01,2.441051639571291676e-01,2.452150182200828199e-01,2.462678181339073569e-01,2.472614573187602305e-01,2.481939216864776643e-01,2.490632808327138681e-01,2.498676924918653564e-01,2.506054182526324392e-01,2.512748056694086296e-01,2.518743236067714775e-01,2.524025229719441543e-01,2.528580846695017703e-01,2.532397957216981355e-01,2.535465415377797793e-01,2.537773531275157590e-01,2.539313502924676613e-01,2.540077972625093272e-01,2.540060690764134876e-01,2.539256746084241900e-01,2.537662336332882629e-01,2.535275107657208316e-01,2.532093840279067143e-01,2.528118656529773634e-01,2.523351077953107646e-01,2.517793778457798615e-01,2.511450618092191944e-01,2.504327123238689889e-01,2.496429698281090459e-01,2.487766310895413446e-01,2.478346004891545384e-01,2.468179178852139555e-01,2.457277448436626099e-01,2.445653592770295759e-01,2.433321697200400147e-01,2.420296927133501752e-01,2.406595605493790646e-01,2.392235279753737454e-01,2.377234453766930988e-01,2.361612807445830631e-01,2.345390925363474710e-01,2.328590405222655813e-01,2.311234057503980810e-01,2.293345213884946665e-01,2.274948421497920426e-01,2.256068768929881674e-01,2.236732318013593401e-01,2.216965887796679691e-01,2.196796824694884631e-01,2.176253313894525032e-01,2.155364050792398234e-01,2.134158199588535310e-01,2.112665503820438939e-01,2.090916111778523823e-01,2.068940637226114876e-01,2.046769907351444484e-01,2.024435026691494277e-01,2.001967452541894843e-01,1.979398591569159205e-01,1.956760146879729101e-01,1.934083705917103990e-01,1.911400989453042598e-01,1.888743599041733667e-01,1.866142985768933504e-01,1.843630353739265093e-01,1.821236856522490677e-01,1.798993196635634007e-01,1.776929792278436893e-01,1.755076654028729644e-01,1.733463313595847988e-01,1.712118800793725193e-01,1.691071621388324508e-01,1.670349684727039097e-01,1.649980129967674736e-01,1.629989490490304505e-01,1.610403597322301039e-01,1.591247347439293525e-01,1.572544902736786321e-01,1.554319501344329224e-01,1.536593518025282101e-01,1.519388278266170234e-01,1.502724254758165678e-01,1.486620734811259226e-01,1.471096064474282372e-01,1.456167546450746753e-01,1.441851211303063485e-01,1.428162109849308026e-01,1.415114098285496780e-01,1.402719753006695103e-01,1.390990636314593520e-01,1.379937005792325755e-01,1.369567852411225917e-01,1.359890998708029319e-01,1.350913106476516468e-01,1.342639420985632936e-01,1.335074050490530351e-01,1.328219867688921196e-01,1.322078443582580254e-01,1.316650157709191860e-01,1.311934134461537615e-01,1.307928309829202440e-01,1.304629359241259445e-01,1.302032825179744724e-01,1.300132980601365340e-01,1.298923026472083575e-01,1.298394989843953962e-01,1.298539778360983665e-01,1.299347250346391536e-01,1.300806114516543099e-01,1.302904146700275267e-01,1.305628078532121428e-01,1.308963582270588621e-01,1.312895570603399009e-01,1.317407952403781835e-01,1.322483775719215937e-01,1.328105274586397766e-01,1.334253960830667218e-01,1.340910476504008630e-01,1.348055003083357684e-01,1.355666791241655345e-01,1.363724698749485542e-01,1.372206861285758528e-01,1.381091121107497766e-01,1.390354590168174087e-01,1.399974234942966411e-01,1.409926463015929998e-01,1.420187406107765726e-01,1.430732967878648454e-01,1.441538899935153051e-01,1.452580646404911802e-01,1.463833614372177794e-01,1.475273129141671524e-01,1.486874476149163404e-01,1.498613031765209935e-01,1.510464237730699544e-01,1.522403576047324514e-01,1.534406812081878235e-01,1.546449857524246074e-01,1.558509046984124513e-01,1.570560766563775801e-01,1.582582002768245233e-01,1.594549975036199385e-01,1.606442412793993024e-01,1.618237538912058737e-01,1.629914117308536303e-01,1.641451385846376954e-01,1.652829235791487272e-01,1.664028113317276292e-01,1.675029266396025340e-01,1.685814506485282804e-01,1.696366439198219167e-01,1.706668320927463567e-01,1.716704271376886526e-01,1.726459165830705467e-01,1.735918737280951751e-01,1.745069554928596611e-01,1.753898982147726604e-01,1.762395266958348139e-01,1.770547612924973646e-01,1.778346085001017152e-01,1.785781579059767255e-01,1.792846063170570881e-01,1.799532322856013111e-01,1.805834098558985468e-01,1.811745967700248705e-01,1.817263613485143314e-01,1.822383444016587306e-01,1.827103032913699188e-01,1.831420578566035628e-01,1.835335485186398441e-01,1.838847808018441721e-01,1.841958584312603509e-01,1.844669787456090504e-01,1.846984118937339825e-01,1.848905322921494676e-01,1.850437705675486988e-01,1.851586575583946959e-01,1.852357967655856863e-01,1.852758615032156220e-01,1.852796111914690458e-01,1.852478668941138495e-01,1.851815201314990222e-01,1.850815356884896179e-01,1.849489206904030847e-01,1.847847647164043705e-01,1.845902121846307864e-01,1.843664433054602314e-01,1.841147046736537618e-01,1.838362845494083686e-01,1.835325184691819767e-01,1.832047721749339164e-01,1.828544687109656119e-01,1.824830413809247209e-01,1.820919775614462666e-01,1.816827593854521417e-01,1.812569274343270032e-01,1.808160192165997326e-01,1.803615929381183480e-01,1.798952232229412418e-01,1.794184902735808107e-01,1.789329873400289372e-01,1.784402904563437975e-01,1.779420019705559575e-01,1.774396919637729608e-01,1.769349498780887486e-01,1.764293260984310108e-01,1.759243842861889506e-01,1.754216550114678363e-01,1.749226443785846519e-01,1.744288513210555946e-01,1.739417416318320975e-01,1.734627488128565043e-01,1.729932815800099277e-01,1.725347073979238421e-01,1.720883657139319345e-01,1.716555552414918417e-01,1.712375407864581700e-01,1.708355294781926104e-01,1.704506953997697027e-01,1.700841731530984280e-01,1.697370332651938485e-01,1.694103092144304823e-01,1.691049844252266732e-01,1.688219878122497186e-01,1.685621903956502354e-01,1.683264212140756777e-01,1.681154486801862136e-01,1.679299803316909034e-01,1.677706756927067611e-01,1.676381414433066042e-01,1.675329221952756853e-01,1.674555043006130672e-01,1.674063238937454068e-01,1.673857571026302893e-01,1.673941214189513804e-01,1.674316807613523972e-01,1.674986433701705080e-01,1.675951616550629408e-01,1.677213335724826726e-01,1.678772079305632936e-01,1.680627727021351825e-01,1.682779701508692327e-01,1.685226873029678496e-01,1.687967642855038308e-01,1.690999929155186654e-01,1.694321161292937084e-01,1.697928245825250093e-01,1.701817758737941277e-01
5.141068676400303294e-01,5.154586580001785379e-01,5.169142172778253830e-01,5.184701535052653742e-01,5.201228936352380039e-01,5.218686142633630620e-01,5.237032908158978373e-01,5.256226774215343456e-01,5.276223575063662130e-01,5.296977023997240241e-01,5.318439066807026938e-01,5.340560453740068603e-01,5.363289858970002877e-01,5.386574949830760239e-01,5.410362027186187417e-01,5.434596084347238509e-01,5.459221377130681896e-01,5.484181036686607280e-01,5.509417571282988479e-01,5.534872720480649155e-01,5.560488078090916053e-01,5.586204591176318068e-01,5.611963213812870555e-01,5.637704787645557714e-01,5.663369995159643899e-01,5.688900460383050639e-01,5.714237369928532040e-01,5.739323123112268776e-01,5.764100082240356526e-01,5.788512052657047713e-01,5.812503470100935932e-01,5.836019874099140914e-01,5.859008093799576988e-01,5.881416132807792962e-01,5.903193577712471107e-01,5.924291822209393210e-01,5.944663378882285576e-01,5.964263082923579873e-01,5.983047456024135347e-01,6.000975445387493057e-01,6.018007488476123656e-01,6.034106766940144917e-01,6.049238529210934079e-01,6.063370731218887810e-01,6.076473427663767746e-01,6.088519549814442877e-01,6.099484515908638604e-01,6.109346402045151558e-01,6.118086083586831148e-01,6.125687168531203097e-01,6.132136411950429578e-01,6.137422921670346865e-01,6.141538974898037573e-01,6.144479833151098580e-01,6.146243582916772752e-01,6.146831107325916310e-01,6.146246536956547768e-01,6.144496625911538557e-01,6.141591017634412397e-01,6.137542614038323796e-01,6.132366605855693598e-01,6.126081524141926415e-01,6.118708261173613216e-01,6.110270753868286553e-01,6.100795251667447960e-01,6.090310755782524232e-01,6.078848974994406351e-01,6.066443725037857782e-01,6.053131449766862016e-01,6.038950687929784955e-01,6.023942318740967972e-01,6.008149112665421843e-01,5.991615741225513325e-01,5.974389318396063908e-01,5.956518013710065951e-01,5.938052026408030537e-01,5.919042810040062719e-01,5.899543498457130442e-01,5.879608238949398658e-01,5.859292393740033189e-01,5.838652282075309508e-01,5.817745220359427094e-01,5.796629194575613209e-01,5.775362375132948589e-01,5.754003896038540899e-01,5.732612925685161009e-01,5.711248661374329627e-01,5.689970726645775523e-01,5.668838198646293236e-01,5.647909924710936558e-01,5.627244519121586963e-01,5.606899680597591251e-01,5.586932821442103236e-01,5.567400187384867749e-01,5.548357280441413852e-01,5.529858346795424318e-01,5.511956200226775238e-01,5.494702775936619599e-01,5.478147897201369743e-01,5.462340257616885575e-01,5.447326836079229295e-01,5.433152274052706066e-01,5.419859801706734537e-01,5.407490202603851825e-01,5.396082387021343685e-01,5.385673059717184241e-01,5.376296270471002670e-01,5.367984016483088316e-01,5.360765493580176289e-01,5.354667786509063054e-01,5.349714793937428992e-01,5.345928537026568561e-01,5.343327545789787747e-01,5.341928047282530345e-01,5.341743472366921042e-01,5.342784146851097260e-01,5.345057930468847252e-01,5.348569830877255571e-01,5.353321596674344152e-01,5.359312430535190241e-01,5.366538786055288224e-01,5.374994178606420370e-01,5.384669165952321590e-01,5.395551780112676221e-01,5.407627120044410374e-01,5.420877823840476450e-01,5.435283374934238854e-01,5.450821299215721227e-01,5.467466186143060680e-01,5.485190271703642706e-01,5.503963181604580868e-01,5.523752775508861124e-01,5.544523875831395276e-01,5.566239801767213224e-01,5.588861559282299885e-01,5.612348223149163928e-01,5.636656943587746715e-01,5.661743388873964333e-01,5.687561118858619480e-01,5.714062643890908122e-01,5.741198822258679613e-01,5.768919240940397763e-01,5.797172357781125163e-01,5.825905655050770404e-01,5.855065608742286987e-01,5.884597988277561198e-01,5.914447910825643140e-01,5.944560021894949031e-01,5.974878258181967050e-01,6.005346960004963597e-01,6.035909739128066942e-01,6.066510438286180085e-01,6.097093336199437275e-01,6.127602466623622846e-01,6.157982731336536508e-01,6.188179309840800002e-01,6.218138293816288797e-01,6.247806328922288488e-01,6.277131043635101326e-01,6.306061210246013404e-01,6.334546701380051603e-01,6.362538612486862144e-01,6.389989336966919176e-01,6.416853181650026272e-01,6.443085457199163590e-01,6.468643500492018417e-01,6.493486129121213146e-01,6.517574623346280571e-01,6.540871484759587240e-01,6.563341614903372978e-01,6.584951955584866790e-01,6.605671572265385816e-01,6.625471611955737750e-01,6.644325956834348235e-01,6.662210128323047265e-01,6.679102430373053956e-01,6.694983476833368252e-01,6.709836390844486909e-01,6.723646370802168759e-01,6.736401658855600827e-01,6.748092395536647858e-01,6.758711415985758642e-01,6.768254147128414111e-01,6.776718300681161544e-01,6.784104122475848042e-01,6.790414392110551978e-01,6.795653732094928401e-01,6.799829950613904828e-01,6.802952588930660793e-01,6.805033725686203683e-01,6.806087622364480616e-01,6.806130278448228044e-01,6.805180728161701609e-01,6.803259272236138466e-01,6.800388350942899729e-01,6.796592459799688513e-01,6.791897974842165953e-01,6.786332805472075069e-01,6.779926355892713641e-01,6.772710014782283849e-01,6.764716236565831986e-01,6.755979071687040483e-01,6.746533799160697731e-01,6.736416815653218926e-01,6.725665570420802375e-01,6.714318402005019504e-01,6.702414482894846204e-01,6.689993725286015325e-01,6.677096850735156908e-01,6.663764656402565434e-01,6.650038651890871622e-01,6.635960570731945785e-01,6.621572313486897565e-01,6.606915485956023071e-01,6.592032029298673379e-01,6.576963474337657045e-01,6.561751389453216454e-01,6.546436466362726136e-01,6.531059148468759679e-01,6.515659315453729006e-01,6.500276142410471580e-01,6.484947616056746522e-01,6.469711215259263959e-01,6.454603613232471337e-01,6.439659718369079577e-01,6.424913717347459086e-01,6.410398677025885839e-01,6.396145855204975472e-01,6.382185707654816076e-01,6.368546602325302342e-01,6.355255798776170417e-01,6.342338688047369777e-01,6.329819410953114733e-01,6.317719907795471546e-01,6.306060745096034870e-01,6.294860531597173958e-01,6.284136342876316395e-01,6.273902827710957641e-01,6.264173473351362098e-01,6.254959446268935075e-01,6.246270156451084743e-01,6.238113261565289003e-01,6.230494127383190417e-01,6.223416840227917746e-01,6.216883041685057343e-01,6.210892837754135032e-01,6.205444565549227409e-01,6.200534398113884960e-01,6.196156998484930734e-01,6.192305473663539672e-01,6.188970761789307495e-01,6.186142435045304255e-01,6.183808714461416223e-01,6.181955759329030853e-01,6.180568763738051308e-01,6.179630949663382777e-01,6.179124865949537915e-01,6.179031115188567957e-01,6.179329765627330495e-01,6.179999214411424635e-01,6.181017263218632207e-01,6.182360223773772923e-01,6.184004035618162476e-01,6.185923764451812801e-01,6.188093616982054401e-01,6.190487382368463631e-01,6.193078325248538851e-01,6.195839113775312157e-01,6.198742278258712046e-01,6.201760125972980431e-01,6.204864845165637410e-01,6.208028662995341840e-01,6.211223419758259423e-01,6.214422110973061297e-01,6.217596812065561140e-01,6.220720651379083588e-01,6.223767341115380436e-01,6.226710515216552499e-01,6.229524880741722503e-01,6.232185811172076262e-01,6.234669251196183204e-01,6.236952152835641972e-01,6.239012350858361700e-01,6.240828920555077097e-01,6.242381745285502381e-01,6.243651976335381493e-01,6.244621799375191795e-01,6.245275072515211745e-01,6.245596563460104056e-01,6.245572677119377580e-01,6.245191164146171037e-01,6.244441175698780544e-01,6.243313450028505907e-01,6.241800208559264984e-01,6.239895219025944906e-01,6.237593822307327951e-01,6.234893006152717465e-01,6.231791329627592857e-01,6.228288862007126392e-01,6.224387438039802323e-01,6.220090431991394109e-01,6.215402698824790129e-01,6.210331076018572594e-01,6.204883355411978663e-01,6.199069405143308176e-01,6.192900058619633663e-01,6.186388326728379239e-01,6.179547978198216551e-01,6.172394453725682517e-01,6.164944707024517800e-01,6.157216654850731219e-01,6.149229513020956217e-01,6.141003883412039510e-01,6.132561239976432876e-01,6.123924026130732612e-01,6.115116113850317392e-01,6.106161499176933072e-01,6.097085681477327768e-01,6.087914698165245442e-01,6.078674879910682671e-01,6.069393494106116727e-01,6.060098180527400125e-01,6.050816855577554332e-01,6.041577781180582640e-01,6.032409599754220419e-01,6.023340702598692920e-01,6.014399601290711939e-01,6.005614896609740017e-01,5.997014852378379501e-01,5.988627331282024846e-01,5.980480285848885913e-01,5.972600461176572617e-01,5.965014700214016363e-01,5.957748867477927757e-01,5.950828091625591787e-01,5.944276771515333291e-01,5.938118403407074419e-01,5.932375383132493241e-01,5.927069051647839704e-01,5.922219640110047978e-01,5.917845862317485661e-01,5.913965647972608819e-01,5.910595161541535303e-01,5.907749174350194199e-01,5.905441009194030144e-01,5.903682294434611233e-01,5.902483319640475790e-01,5.901852480709487425e-01,5.901796673578142416e-01,5.902320873906906629e-01,5.903428169179215645e-01,5.905120196004205457e-01,5.907396566734021137e-01,5.910254918285586800e-01,5.913691424110208983e-01,5.917699947149098749e-01,5.922272750312704837e-01,5.927400152861929117e-01,5.933070627971036570e-01,5.939270986072828773e-01,5.945986001810810162e-01,5.953198421478036462e-01,5.960889985988482298e-01,5.969039870219485788e-01,5.977626336182021438e-01,5.986625490684316375e-01,5.996011825308553700e-01,6.005758777857523878e-01,6.015837843434382881e-01,6.026219599001423344e-01,6.036872633927696796e-01,6.047764886153137454e-01,6.058862855814334258e-01,6.070132138386863385e-01,6.081537049714335064e-01,6.093041255877776896e-01,6.104607358978703102e-01,6.116197344100168243e-01,6.127772852332296072e-01,6.139294392924153909e-01,6.150723060889174976e-01,6.162018224589169701e-01,6.173140533068499636e-01,6.184049412005686586e-01,6.194704819023685305e-01,6.205066912637033916e-01,6.215095908681232961e-01,6.224752346634644384e-01,6.233997232848539349e-01,6.242792336886965332e-01,6.251099836833385881e-01,6.258882993859821164e-01,6.266105691278393008e-01,6.272732924403403576e-01,6.278730994413499467e-01,6.284067005166561470e-01,6.288709661482831947e-01,6.292629173556741895e-01,6.295797061850118004e-01,6.298186131877385741e-01,6.299771464473442606e-01,6.300529627640060193e-01,6.300438987027675575e-01,6.299479715581317585e-01,6.297634385373009902e-01,6.294887066109504659e-01,6.291224250168038212e-01,6.286634465815934547e-01,6.281108618232292828e-01,6.274639681834340843e-01,6.267223059834869936e-01,6.258856279737270434e-01,6.249539305442841641e-01,6.239274448555991448e-01,6.228066648861861898e-01,6.215922674642198054e-01,6.202852334126628397e-01,6.188867393188255406e-01,6.173981948319690050e-01,6.158212878804577572e-01,6.141578840449939403e-01,6.124101318139630878e-01,6.105803568370237189e-01,6.086711432398821398e-01,6.066852867917966741e-01,6.046257760797260072e-01,6.024958403150603159e-01
3.020020441179707138e-01,2.993198067698376041e-01,2.966947484189425555e-01,2.941288536412603460e-01,2.916240567615613899e-01,2.891822681283688357e-01,2.868053468408385265e-01,2.844951182543918877e-01,2.822533433059442043e-01,2.800817516682635455e-01,2.779820137960865023e-01,2.759557455393866210e-01,2.740045008961201622e-01,2.721297875317214565e-01,2.703330286013508887e-01,2.686155891905264159e-01,2.669787784281558718e-01,2.654238112594102250e-01,2.639518585259233441e-01,2.625639685939346046e-01,2.612611585494368227e-01,2.600443243608794863e-01,2.589142904202866857e-01,2.578718003340876308e-01,2.569175018350383088e-01,2.560519440269151681e-01,2.552755867527617406e-01,2.545887921700662471e-01,2.539918220806734461e-01,2.534848314618136089e-01,2.530678877169322827e-01,2.527409493711536559e-01,2.525038468663716729e-01,2.523563306174599896e-01,2.522980378656841105e-01,2.523284811828347407e-01,2.524470860256238791e-01,2.526531418727212541e-01,2.529458442689435649e-01,2.533242780647590453e-01,2.537874096663381707e-01,2.543340977767635791e-01,2.549630785106010711e-01,2.556730144060843646e-01,2.564624037810039892e-01,2.573296868467575549e-01,2.582731782923277097e-01,2.592910762178052275e-01,2.603814854741537399e-01,2.615424201434167761e-01,2.627717790501387096e-01,2.640673655568509526e-01,2.654268975676415954e-01,2.668479952896306018e-01,2.683282035669191656e-01,2.698649549071103770e-01,2.714556324118413966e-01,2.730975200910084610e-01,2.747878339176867413e-01,2.765237250009930370e-01,2.783022792331124040e-01,2.801205129984568609e-01,2.819753957108427911e-01,2.838638388699708526e-01,2.857827142146399102e-01,2.877288525475851233e-01,2.896990411696242496e-01,2.916900568359333534e-01,2.936986234496988257e-01,2.957214583698026256e-01,2.977552872956840124e-01,2.997967981657497782e-01,3.018426951639346378e-01,3.038896728529077995e-01,3.059344564276766376e-01,3.079737633285487552e-01,3.100043689501830180e-01,3.120230406952572699e-01,3.140266003578727205e-01,3.160119204267093362e-01,3.179758990134864405e-01,3.199154947404387328e-01,3.218277452907259417e-01,3.237097260658077791e-01,3.255585982574403792e-01,3.273716037225590236e-01,3.291460599033280698e-01,3.308793662069807184e-01,3.325690380848482230e-01,3.342126714945706789e-01,3.358079678653682065e-01,3.373527422401085829e-01,3.388449180443278141e-01,3.402825515688174818e-01,3.416637855253205069e-01,3.429869328616627078e-01,3.442504038005645972e-01,3.454527611316363656e-01,3.465926915893710603e-01,3.476690321105281867e-01,3.486807520073846867e-01,3.496269705947699924e-01,3.505069524388461089e-01,3.513201074793121936e-01,3.520660068677639587e-01,3.527443660323407726e-01,3.533550398534264225e-01,3.538980569866961856e-01,3.543735902780993374e-01,3.547819596688454036e-01,3.551236475056866460e-01,3.553992783420561463e-01,3.556096284790328244e-01,3.557556292942793408e-01,3.558383527376603461e-01,3.558590124251230780e-01,3.558189887311474786e-01,3.557197599874882821e-01,3.555629743732570125e-01,3.553504044338634538e-01,3.550839515550348602e-01,3.547656338190396386e-01,3.543975836160867532e-01,3.539820879454868563e-01,3.535215111898801221e-01,3.530183277414110643e-01,3.524751154315386437e-01,3.518945532401808185e-01,3.512793999498964315e-01,3.506325014218271696e-01,3.499567866858364074e-01,3.492552428085558547e-01,3.485309150021439484e-01,3.477869230179738702e-01,3.470264240347417095e-01,3.462526140441065103e-01,3.454687342933311367e-01,3.446780426969755506e-01,3.438838106383003690e-01,3.430893409454393028e-01,3.422979139072589994e-01,3.415128305097586137e-01,3.407373636744522316e-01,3.399747718975666411e-01,3.392282907529676206e-01,3.385011046939914725e-01,3.377963693528941991e-01,3.371171873522725848e-01,3.364665879688415462e-01,3.358475573428255090e-01,3.352629995975885402e-01,3.347157245295915295e-01,3.342084730039106000e-01,3.337438881128070856e-01,3.333244977559081668e-01,3.329527346242984187e-01,3.326309127563809032e-01,3.323612253195971089e-01,3.321457424418666204e-01,3.319863953818448787e-01,3.318849976092184129e-01,3.318431932164549458e-01,3.318624860805563515e-01,3.319442490864197848e-01,3.320896828624942398e-01,3.322998295275469416e-01,3.325755708996368520e-01,3.329176263705058703e-01,3.333265440069060892e-01,3.338027016658752233e-01,3.343463097490782521e-01,3.349573924328652086e-01,3.356358167594720721e-01,3.363812563170778813e-01,3.371932295669957114e-01,3.380710555851770271e-01,3.390138945230188328e-01,3.400207228438884566e-01,3.410903574012083550e-01,3.422214292284238013e-01,3.434123988946438111e-01,3.446615782277895335e-01,3.459670998506098050e-01,3.473269180143196966e-01,3.487388824127950482e-01,3.502006401884824593e-01,3.517097079195899423e-01,3.532634578093181710e-01,3.548591313818104664e-01,3.564938113705863332e-01,3.581644894307109417e-01,3.598680004707244806e-01,3.616010801749418024e-01,3.633603596474679898e-01,3.651423640447750696e-01,3.669435179170364436e-01,3.687601666518222077e-01,3.705885584893079954e-01,3.724249137708198765e-01,3.742653443668263469e-01,3.761059252683243148e-01,3.779426801178891737e-01,3.797716070671611766e-01,3.815886571233549907e-01,3.833897624586879438e-01,3.851708658333307667e-01,3.869278821175845540e-01,3.886567434780883179e-01,3.903534003195977542e-01,3.920138111039010442e-01,3.936339797089342118e-01,3.952099624276635970e-01,3.967378635888687000e-01,3.982138107083264544e-01,3.996340628454801980e-01,4.009948984262766136e-01,4.022927268106195609e-01,4.035240144160543441e-01,4.046853507658444427e-01,4.057734563375431924e-01,4.067851268499083628e-01,4.077173049272092009e-01,4.085670729750921493e-01,4.093316490840971378e-01,4.100083950460380877e-01,4.105948305595217285e-01,4.110886343659558295e-01,4.114876434115934956e-01,4.117898761597206247e-01,4.119935323633083790e-01,4.120969850039184479e-01,4.120987908131288902e-01,4.119977036904537426e-01,4.117926735442024588e-01,4.114828280797429017e-01,4.110675268161404494e-01,4.105463094599094420e-01,4.099189165094461185e-01,4.091853215296450963e-01,4.083456887732394569e-01,4.074003729634567139e-01,4.063499847883583205e-01,4.051952965138844731e-01,4.039373072609271365e-01,4.025772456894331497e-01,4.011164971327137452e-01,3.995567104613836351e-01,3.978996840955171255e-01,3.961474592078014223e-01,3.943022251716405968e-01,3.923664248284188805e-01,3.903426346033995742e-01,3.882336442418795608e-01,3.860424328122611937e-01,3.837721226889703185e-01,3.814260387716031375e-01,3.790076481199557423e-01,3.765205870500862306e-01,3.739686322084151970e-01,3.713557409994383551e-01,3.686859492438816499e-01,3.659634650892414354e-01,3.631926250267097922e-01,3.603778614209068309e-01,3.575237100852022842e-01,3.546348145296545074e-01,3.517159224639146986e-01,3.487718439862741993e-01,3.458074670987404953e-01,3.428277497169088250e-01,3.398376959233679329e-01,3.368423649929737085e-01,3.338468447691944618e-01,3.308562538547466514e-01,3.278757147884781009e-01,3.249104027860726385e-01,3.219654313222635178e-01,3.190459459440190826e-01,3.161570515912507373e-01,3.133038312302230399e-01,3.104913258630310757e-01,3.077245289582472010e-01,3.050083921971774581e-01,3.023477615470717139e-01,2.997474527078148321e-01,2.972121660368675089e-01,2.947465265376720822e-01,2.923550462442749964e-01,2.900421475460934206e-01,2.878121047665965215e-01,2.856690921737200517e-01,2.836171515881353300e-01,2.816601703593074046e-01,2.798019119950390099e-01,2.780459705312386953e-01,2.763957714712290681e-01,2.748546132229581773e-01,2.734255921799929601e-01,2.721116218055767977e-01,2.709154765085131644e-01,2.698397022260622946e-01,2.688866855425759428e-01,2.680586084692220261e-01,2.673574537739548673e-01,2.667850040744649820e-01,2.663428533568490408e-01,2.660323840721916522e-01,2.658547674406250283e-01,2.658109691261698604e-01,2.659017493212135208e-01,2.661276613630010335e-01,2.664890358272244963e-01,2.669860239591049234e-01,2.676185235528765194e-01,2.683862659599385858e-01,2.692887531051553207e-01,2.703252822480202711e-01,2.714949639711048412e-01,2.727966935832335515e-01,2.742291609997004609e-01,2.757908882956809915e-01,2.774801785034604062e-01,2.792951537951628427e-01,2.812337712464658690e-01,2.832937840497564141e-01,2.854727915475721023e-01,2.877682002886856605e-01,2.901772727308686295e-01,2.926970945546982783e-01,2.953246180126350984e-01,2.980566407413215990e-01,3.008898063152143920e-01,3.038206380803879503e-01,3.068455347916802523e-01,3.099607469150953976e-01,3.131624322817727624e-01,3.164466584330583587e-01,3.198093511201193784e-01,3.232463708271848257e-01,3.267534807540152242e-01,3.303263603651793723e-01,3.339606439885903777e-01,3.376518708067521302e-01,3.413955422049989585e-01,3.451871121919923291e-01,3.490219822242129899e-01,3.528955193776341925e-01,3.568030894512398965e-01,3.607400157694362064e-01,3.647016027837921004e-01,3.686831839870048921e-01,3.726800639179986274e-01,3.766875816399222199e-01,3.807010867957205114e-01,3.847159337840041493e-01,3.887275314333709098e-01,3.927313380168713786e-01,3.967228098231314060e-01,4.006974932682612622e-01,4.046509755954194598e-01,4.085789167387045007e-01,4.124770307519479151e-01,4.163411185148835347e-01,4.201670534175003802e-01,4.239507775273533285e-01,4.276883472122203766e-01,4.313758897183334606e-01,4.350096532128451821e-01,4.385859722139482941e-01,4.421012705193462233e-01,4.455521160348487331e-01,4.489351571051339862e-01,4.522471681583506431e-01,4.554850452605619382e-01,4.586457991422234759e-01,4.617265742212963153e-01,4.647246070020166764e-01,4.676372884617051584e-01,4.704621397542825822e-01,4.731967903267758624e-01,4.758390000733402347e-01,4.783866880145644096e-01,4.808378634137767671e-01,4.831906952932814581e-01,4.854434715302881620e-01,4.875945991859139683e-01,4.896426460656300161e-01,4.915862818686314029e-01,4.934242963176614927e-01,4.951556590525461043e-01,4.967793873025826423e-01,4.982947153565355780e-01,4.997008983071015153e-01,5.009974043177111147e-01,5.021837406356179923e-01,5.032596040309594843e-01,5.042247635858898569e-01,5.050790957716569940e-01,5.058226229890816494e-01,5.064554352343626498e-01,5.069777604944214477e-01,5.073898882004137523e-01,5.076922484165781180e-01,5.078853551826972845e-01,5.079698117697215576e-01,5.079462901316591505e-01,5.078155876962309190e-01,5.075785513203494581e-01,5.072361578996609222e-01,5.067894007030044889e-01,5.062393912147098440e-01,5.055872766710268751e-01,5.048343198033258261e-01,5.039818062391653308e-01,5.030311109710483564e-01,5.019836496402791948e-01,5.008409160870578303e-01,4.996044319393593280e-01,4.982757836392815443e-01,4.968566024103401313e-01,4.953485730709010770e-01,4.937534147382835470e-01,4.920728907081511339e-01,4.903087800910926330e-01,4.884629409472473482e-01,4.865372208692994582e-01,4.845335373218025987e-01
4.454428217282728197e-01,4.443509261486981443e-01,4.433581473564485176e-01,4.424665374347338531e-01,4.416781112131548115e-01,4.409947574413690119e-01,4.404183082564012142e-01,4.399505266513882296e-01,4.395930741009857479e-01,4.393475120009611157e-01,4.392153140779713194e-01,4.391978807775407945e-01,4.392964738975674299e-01,4.395122857173386355e-01,4.398463951595552035e-01,4.402997488477710664e-01,4.408732306253573818e-01,4.415675380435256647e-01,4.423833212781222990e-01,4.433210668584592340e-01,4.443811526249872856e-01,4.455638234044850265e-01,4.468691768904506922e-01,4.482972169745687574e-01,4.498477694010011296e-01,4.515205519121164301e-01,4.533151304091157519e-01,4.552309117049878617e-01,4.572671917268549824e-01,4.594230591090548432e-01,4.616975141733816179e-01,4.640893688150016794e-01,4.665973078914342209e-01,4.692198065565220122e-01,4.719552369263709801e-01,4.748017988907322628e-01,4.777575180989751535e-01,4.808202744175660848e-01,4.839877776088417072e-01,4.872575801695298026e-01,4.906270784906865967e-01,4.940935094461755828e-01,4.976539301553938865e-01,5.013052717267240110e-01,5.050442597047648530e-01,5.088675307028800443e-01,5.127715069231877365e-01,5.167524787114357032e-01,5.208065921613415084e-01,5.249298403415966208e-01,5.291180697099491237e-01,5.333669831580292175e-01,5.376721513553627263e-01,5.420290068250427362e-01,5.464328521412673556e-01,5.508788810047918760e-01,5.553621210233736782e-01,5.598775425522575233e-01,5.644199659043216410e-01,5.689841337934141707e-01,5.735646603471939997e-01,5.781560802840346458e-01,5.827528698556171394e-01,5.873493830346921962e-01,5.919399425001704573e-01,5.965187939430773856e-01,6.010801127604519234e-01,6.056180365174733682e-01,6.101266812741255041e-01,6.146001204052963240e-01,6.190323750142989745e-01,6.234175059514869277e-01,6.277495369063836872e-01,6.320224987427841556e-01,6.362304523788058219e-01,6.403674750730067311e-01,6.444276598186361449e-01,6.484051778467008198e-01,6.522942283730188695e-01,6.560890756654764733e-01,6.597840716683316398e-01,6.633736380079190420e-01,6.668522840303054977e-01,6.702146550198415653e-01,6.734554445870205575e-01,6.765695468268309032e-01,6.795519213018426097e-01,6.823977359285993138e-01,6.851022348608067913e-01,6.876608818076590524e-01,6.900692836834392274e-01,6.923232349776802241e-01,6.944187184026721082e-01,6.963519107740551162e-01,6.981191903345864702e-01,6.997171561413364493e-01,7.011426219015851613e-01,7.023926257579006238e-01,7.034644558169589335e-01,7.043556323229046567e-01,7.050639233935785954e-01,7.055873640750536246e-01,7.059242287140757854e-01,7.060730824172489761e-01,7.060327327335946812e-01,7.058023029490664291e-01,7.053811266273788405e-01,7.047689062366984114e-01,7.039655691782626956e-01,7.029713407494060373e-01,7.017867698697799472e-01,7.004126396657557319e-01,6.988500843047860123e-01,6.971004710140037419e-01,6.951655319319027804e-01,6.930472124427201619e-01,6.907478016125336850e-01,6.882698710156802679e-01,6.856162608267184488e-01,6.827901027660426836e-01,6.797948338852868311e-01,6.766340994595814173e-01,6.733118904512808145e-01,6.698324310525444192e-01,6.662002040270267322e-01,6.624199569509773289e-01,6.584966780365557604e-01,6.544355944879413078e-01,6.502421965968543383e-01,6.459221372027371677e-01,6.414813561783720974e-01,6.369259463594909576e-01,6.322622313790188242e-01,6.274966991253787540e-01,6.226360363527819741e-01,6.176870796754777571e-01,6.126568185967929958e-01,6.075524152273014122e-01,6.023811258199497365e-01,5.971503393216167632e-01,5.918675664254571256e-01,5.865404031762355697e-01,5.811765089568462495e-01,5.757836181013751276e-01,5.703695551068763692e-01,5.649421334403298411e-01,5.595092184421865955e-01,5.540786881796010421e-01,5.486584119920298042e-01,5.432562423710267652e-01,5.378800279112201377e-01,5.325375492479160755e-01,5.272365165433090528e-01,5.219846034414391545e-01,5.167893644918076790e-01,5.116582984646698140e-01,5.065987296552835195e-01,5.016179084637997221e-01,4.967229187020470449e-01,4.919207081239935220e-01,4.872180396482333475e-01,4.826214981065190535e-01,4.781375058892220475e-01,4.737722400923577437e-01,4.695317065294205006e-01,4.654216441127285164e-01,4.614475873469123801e-01,4.576147970503305906e-01,4.539283022092547304e-01,4.503928640740768041e-01,4.470129335544044680e-01,4.437927151061905051e-01,4.407361101965704964e-01,4.378467146336755822e-01,4.351278311038056512e-01,4.325824311840228420e-01,4.302131837393406433e-01,4.280224392078414430e-01,4.260121889587492050e-01,4.241841423811688050e-01,4.225396351143894114e-01,4.210796764721720931e-01,4.198049468541109053e-01,4.187157735146415649e-01,4.178121580843851546e-01,4.170937492535394253e-01,4.165598599455691553e-01,4.162094732968699695e-01,4.160412326503145630e-01,4.160534348596030552e-01,4.162440755941378412e-01,4.166108050060650103e-01,4.171509539161616931e-01,4.178615349383488775e-01,4.187392900939913565e-01,4.197805917412341659e-01,4.209815834131198087e-01,4.223380883352287896e-01,4.238456503399465891e-01,4.254995590112479742e-01,4.272948290499345436e-01,4.292262411934854582e-01,4.312883142481156451e-01,4.334753786310379664e-01,4.357814953510984468e-01,4.382005590044436016e-01,4.407262632393571522e-01,4.433521222958123342e-01,4.460714695533301022e-01,4.488775168747114463e-01,4.517632926563298623e-01,4.547217348605118170e-01,4.577456592822716774e-01,4.608277728369343240e-01,4.639607274232338541e-01,4.671370847151993799e-01,4.703493477969539760e-01,4.735900004968474075e-01,4.768515049950562412e-01,4.801262816819095725e-01,4.834067995319186184e-01,4.866855304561379936e-01,4.899549899647498430e-01,4.932077379414452900e-01,4.964363851914763148e-01,4.996336623089472351e-01,5.027923720639475569e-01,5.059054171080159534e-01,5.089658419367339981e-01,5.119668101898252610e-01,5.149016610753827106e-01,5.177638789284157994e-01,5.205471215467104562e-01,5.232452405093586112e-01,5.258522994434585707e-01,5.283625468043841034e-01,5.307704659965456484e-01,5.330707746829351779e-01,5.352584472904462487e-01,5.373286784148587625e-01,5.392769675961065490e-01,5.410990202129128956e-01,5.427908822292313307e-01,5.443488612269661298e-01,5.457695305841542277e-01,5.470498019871640194e-01,5.481868597400745280e-01,5.491782241365918971e-01,5.500216922930324381e-01,5.507153902117744027e-01,5.512577739515807096e-01,5.516476165924814046e-01,5.518839845780689757e-01,5.519663165359719459e-01,5.518943201647493746e-01,5.516680556133345403e-01,5.512879064923529304e-01,5.507545691117730069e-01,5.500690501220852902e-01,5.492326688842709137e-01,5.482470538823102091e-01,5.471141584509333633e-01,5.458362289270864975e-01,5.444157867212819912e-01,5.428556595492924908e-01,5.411589619685369668e-01,5.393290733901158207e-01,5.373696506425729158e-01,5.352845816360376485e-01,5.330780530967720310e-01,5.307544589594318518e-01,5.283184216198779648e-01,5.257748037187538470e-01,5.231286712099878500e-01,5.203852888983887537e-01,5.175501099191932575e-01,5.146287777741996861e-01,5.116270641204104797e-01,5.085509420445691875e-01,5.054064885859668177e-01,5.021999340747186347e-01,4.989376080451232709e-01,4.956259450629421637e-01,4.922714727340566365e-01,4.888807819515813002e-01,4.854605542434876631e-01,4.820174777267918209e-01,4.785583221351357164e-01,4.750898429493825015e-01,4.716188144408519634e-01,4.681520201565894101e-01,4.646961983525221274e-01,4.612580777840217805e-01,4.578443373918888448e-01,4.544615906555227736e-01,4.511163837505191565e-01,4.478151838028774923e-01,4.445643694871578844e-01,4.413701876325552553e-01,4.382387856099009826e-01,4.351762079243445824e-01,4.321882649329839565e-01,4.292807258142918858e-01,4.264591247503535798e-01,4.237288585262828366e-01,4.210951027131296098e-01,4.185628970178455477e-01,4.161370322649484144e-01,4.138221145765209052e-01,4.116225403174590403e-01,4.095424432669356185e-01,4.075857892714622732e-01,4.057562466594105133e-01,4.040572860576835956e-01,4.024920964454433703e-01,4.010636400616618413e-01,3.997746091428621695e-01,3.986274496551162616e-01,3.976243182190615233e-01,3.967671290407672191e-01,3.960575287206576922e-01,3.954968737627552744e-01,3.950862737646614886e-01,3.948265632156159888e-01,3.947182874612811254e-01,3.947617447612554731e-01,3.949569446258210936e-01,3.953036499729505326e-01,3.958013586730267375e-01,3.964492854123207732e-01,3.972463867455741648e-01,3.981914019111905123e-01,3.992827824366874112e-01,4.005187464861491020e-01,4.018972652133801504e-01,4.034160815271619072e-01,4.050727110878337145e-01,4.068644374877491421e-01,4.087883349261601240e-01,4.108412476949267478e-01,4.130198580793703056e-01,4.153206198952600903e-01,4.177398021366982572e-01,4.202735039251245808e-01,4.229176621261331870e-01,4.256680322096246250e-01,4.285202502005976966e-01,4.314697588638567449e-01,4.345119128770709160e-01,4.376419116266959120e-01,4.408548775275973330e-01,4.441457738516002007e-01,4.475095165523582108e-01,4.509409087929969751e-01,4.544346828695088325e-01,4.579855209300970342e-01,4.615880411301530040e-01,4.652367874812213810e-01,4.689263132628470054e-01,4.726511213569513092e-01,4.764056855061392093e-01,4.801845123999042841e-01,4.839820786832712551e-01,4.877928729585300216e-01,4.916114413885664391e-01,4.954323067680790338e-01,4.992500697637550777e-01,5.030593528320792540e-01,5.068548762886255776e-01,5.106313745642109270e-01,5.143836949670390624e-01,5.181067398227082732e-01,5.217955080651165423e-01,5.254451091488069325e-01,5.290507279117945272e-01,5.326076511627945154e-01,5.361113394728945769e-01,5.395572941651261001e-01,5.429412135027599229e-01,5.462588951947062732e-01,5.495062570113151690e-01,5.526793971534859073e-01,5.557745286236476234e-01,5.587880325851369845e-01,5.617164385804757076e-01,5.645564325279446294e-01,5.673048696412460457e-01,5.699587425995588097e-01,5.725152427630660901e-01,5.749716980880362760e-01,5.773256261883692453e-01,5.795747113811554607e-01,5.817168168356495750e-01,5.837499548090760992e-01,5.856723031457068407e-01,5.874822529304392082e-01,5.891783499493835619e-01,5.907592890872830349e-01,5.922239595357473574e-01,5.935714309548097978e-01,5.948008941265336968e-01,5.959117668917016664e-01,5.969035846919069632e-01,5.977760743227604756e-01,5.985291079138884696e-01,5.991627093879483557e-01,5.996770748261124329e-01,6.000725816005156865e-01,6.003496626013625770e-01,6.005090036121721875e-01,6.005513711754709716e-01,6.004776981534353242e-01,6.002890112507374143e-01,5.999865380749446198e-01,5.995715636242031632e-01,5.990455673364190048e-01,5.984100914615954059e-01,5.976668119687369440e-01,5.968175357574014850e-01,5.958641714853432081e-01,5.948087102739360033e-01,5.936532484555511191e-01,5.924000049342424967e-01,5.910512675531676141e-01,5.896094064017401992e-01,5.880769059855402991e-01,5.864562882225239360e-01
4.961848671652326903e-01,4.984266551395936107e-01,5.006387805255212431e-01,5.028162858136030477e-01,5.049542966480219386e-01,5.070480799572952835e-01,5.090930528041737180e-01,5.110847812994394612e-01,5.130189714734106898e-01,5.148915111362358799e-01,5.166984161420703492e-01,5.184359439817408655e-01,5.201004701237303962e-01,5.216885858201569803e-01,5.231970862038433090e-01,5.246229549025109851e-01,5.259633451439248431e-01,5.272156496867141939e-01,5.283774580932856235e-01,5.294465572006168408e-01,5.304209486548751018e-01,5.312988678105160512e-01,5.320787185403544894e-01,5.327591509122338032e-01,5.333390023468783658e-01,5.338173537545831682e-01,5.341934534006523849e-01,5.344668020109288875e-01,5.346370771022054269e-01,5.347041497559719136e-01,5.346681066694571882e-01,5.345292440624445085e-01,5.342880353540272464e-01,5.339451311094292052e-01,5.335013699900753581e-01,5.329577783791654699e-01,5.323155520365187021e-01,5.315760541018444973e-01,5.307408005257444605e-01,5.298114502147633909e-01,5.287898234301718903e-01,5.276779120289450953e-01,5.264777720512545667e-01,5.251916421353087783e-01,5.238218533422991374e-01,5.223708325899187876e-01,5.208411614781742749e-01,5.192354782149649628e-01,5.175564918168950035e-01,5.158070274099596508e-01,5.139899664786053979e-01,5.121082535128581581e-01,5.101648729695886786e-01,5.081628873818452297e-01,5.061053635110356330e-01,5.039954389234166943e-01,5.018362155593368845e-01,4.996308803166210066e-01,4.973825718553949726e-01,4.950944464216239793e-01,4.927696850012345808e-01,4.904114031685605779e-01,4.880227203636733901e-01,4.856067282409991526e-01,4.831665048124730300e-01,4.807050468596403836e-01,4.782253426880028191e-01,4.757303048695570857e-01,4.732227981912923709e-01,4.707056338754845859e-01,4.681815608965453901e-01,4.656532369199765653e-01,4.631232610093569124e-01,4.605941471830348743e-01,4.580683460478925939e-01,4.555482079606480439e-01,4.530360049556561575e-01,4.505339118803409759e-01,4.480440323766822774e-01,4.455683444946636484e-01,4.431087979483475658e-01,4.406671542075115133e-01,4.382451747329778602e-01,4.358444683792005447e-01,4.334665736102246703e-01,4.311129275198892774e-01,4.287848932825769066e-01,4.264837130576913382e-01,4.242105666166541833e-01,4.219665202809878002e-01,4.197525936543475278e-01,4.175696721405263712e-01,4.154186008107788597e-01,4.133001293294123468e-01,4.112149582454108776e-01,4.091636685577820787e-01,4.071468190697731804e-01,4.051648743162508115e-01,4.032182591563288621e-01,4.013073275694505337e-01,3.994323863787293538e-01,3.975937076865149189e-01,3.957914865169510077e-01,3.940259160507533220e-01,3.922971318331678892e-01,3.906052382395323042e-01,3.889503194311821344e-01,3.873324314632782261e-01,3.857516379352673996e-01,3.842079528950362310e-01,3.827013946741479322e-01,3.812319958291759958e-01,3.797997621931718526e-01,3.784047226234898420e-01,3.770468997383047416e-01,3.757263202918090794e-01,3.744430642280744403e-01,3.731971905676969015e-01,3.719887940706485541e-01,3.708179901668902101e-01,3.696849439126166925e-01,3.685898118658868516e-01,3.675328207057144692e-01,3.665141931211362003e-01,3.655342272122846237e-01,3.645932312078123405e-01,3.636915833365061967e-01,3.628296512020057207e-01,3.620079033624016840e-01,3.612268143820311916e-01,3.604869068571942003e-01,3.597887447609778855e-01,3.591329516214595841e-01,3.585201609469130801e-01,3.579510654376716339e-01,3.574263922945586369e-01,3.569469182217203107e-01,3.565134292308024810e-01,3.561267773144543014e-01,3.557878083086685184e-01,3.554974299490178402e-01,3.552565567806976188e-01,3.550661141869645987e-01,3.549270838508805648e-01,3.548404308886712322e-01,3.548071339367405153e-01,3.548282001339236880e-01,3.549045981174412945e-01,3.550373500739044674e-01,3.552274151671729885e-01,3.554757908538760391e-01,3.557834098344839768e-01,3.561512407507850253e-01,3.565801656141619480e-01,3.570710849767303463e-01,3.576248171101266693e-01,3.582421798679920055e-01,3.589239164665631865e-01,3.596707422919530606e-01,3.604832726441407620e-01,3.613620943676081332e-01,3.623077193794095319e-01,3.633205883425696947e-01,3.644010300492586119e-01,3.655493358578998375e-01,3.667656709732465270e-01,3.680501328147585127e-01,3.694026951162946437e-01,3.708232500741705517e-01,3.723115770363535915e-01,3.738673434461175504e-01,3.754900886429146101e-01,3.771792494252781403e-01,3.789341434867052327e-01,3.807539381298417624e-01,3.826377016489547755e-01,3.845843659253402880e-01,3.865927240033302237e-01,3.886614553129066896e-01,3.907890513232460949e-01,3.929739445658198549e-01,3.952143672428225507e-01,3.975084607856998464e-01,3.998541895853642281e-01,4.022494353483221374e-01,4.046918804071592546e-01,4.071791259477136049e-01,4.097086322874761710e-01,4.122777060044622299e-01,4.148835414689794887e-01,4.175232328709870266e-01,4.201937405491483202e-01,4.228918598643086058e-01,4.256143525382545256e-01,4.283578457054777466e-01,4.311188263271757970e-01,4.338937346664400452e-01,4.366788967238511288e-01,4.394705510622938238e-01,4.422648907497254700e-01,4.450579962501546860e-01,4.478458791982238285e-01,4.506245553963246220e-01,4.533899074721015610e-01,4.561378548805150590e-01,4.588642439018661978e-01,4.615648957322175949e-01,4.642356073869960409e-01,4.668722082752752578e-01,4.694704978574829046e-01,4.720262991534450170e-01,4.745354478435488965e-01,4.769938147021567931e-01,4.793973204722494219e-01,4.817419083072186914e-01,4.840236082705975384e-01,4.862385209727422275e-01,4.883828035949778767e-01,4.904527147448898283e-01,4.924446114993121237e-01,4.943549596888113240e-01,4.961803397556394102e-01,4.979174463124014238e-01,4.995631340977314538e-01,5.011143886897454491e-01,5.025683297361922541e-01,5.039222804020674351e-01,5.051737037427690424e-01,5.063202409571606610e-01,5.073597286951035956e-01,5.082901996471833606e-01,5.091098623318788263e-01,5.098171454652185020e-01,5.104106998409700946e-01,5.108893808276899762e-01,5.112522636394066788e-01,5.114986657721969365e-01,5.116281274839576954e-01,5.116404106250109773e-01,5.115355392485647634e-01,5.113137818035182747e-01,5.109756234659948992e-01,5.105218060027586491e-01,5.099533375887606024e-01,5.092714563269548078e-01,5.084776169128437662e-01,5.075736199413171112e-01,5.065614015621912047e-01,5.054432042810137471e-01,5.042214836593233995e-01,5.028989578210212308e-01,5.014785725720012355e-01,4.999635064646227312e-01,4.983571415289504980e-01,4.966631297074304285e-01,4.948853055034007076e-01,4.930277154385595551e-01,4.910946187759792081e-01,4.890904702025515305e-01,4.870199155949532788e-01,4.848877757958137136e-01,4.826990300241946197e-01,4.804588524531539506e-01,4.781725389408575944e-01,4.758455390561157072e-01,4.734834520516137402e-01,4.710919504640571076e-01,4.686768575245089385e-01,4.662440896088540510e-01,4.637996314194080538e-01,4.613495777715134749e-01,4.589000140263393979e-01,4.564571312203690723e-01,4.540271655738234990e-01,4.516163237520408602e-01,4.492308457688106715e-01,4.468769775142947265e-01,4.445609247765113237e-01,4.422888932202349577e-01,4.400670041227924267e-01,4.379013344061362112e-01,4.357978964313556358e-01,4.337626187829987656e-01,4.318013078288621687e-01,4.299196594780084757e-01,4.281232692665511985e-01,4.264175643111107195e-01,4.248078459131583995e-01,4.232992181200307957e-01,4.218966308685330180e-01,4.206048374370998655e-01,4.194284018887270982e-01,4.183716499360662922e-01,4.174387193939750884e-01,4.166334861921640598e-01,4.159596036066719460e-01,4.154204595421632229e-01,4.150191760032935218e-01,4.147586412498823205e-01,4.146414214429977041e-01,4.146698302949627379e-01,4.148458714394651081e-01,4.151712547700111555e-01,4.156474117137489155e-01,4.162754209484649248e-01,4.170561022645047355e-01,4.179899283255445464e-01,4.190770487256955112e-01,4.203173180617926774e-01,4.217102597028278277e-01,4.232550675520120320e-01,4.249506341588918379e-01,4.267955109370497047e-01,4.287879254909058857e-01,4.309258329109800778e-01,4.332068141372546477e-01,4.356281828177152593e-01,4.381869306081035975e-01,4.408797459490866322e-01,4.437030245989195265e-01,4.466528831156613144e-01,4.497251406760616188e-01,4.529153426742105193e-01,4.562187842258224046e-01,4.596304790097855975e-01,4.631452207850468294e-01,4.667575408498230161e-01,4.704617564325551116e-01,4.742519690898805429e-01,4.781220608785862192e-01,4.820657446188764128e-01,4.860765320624851338e-01,4.901477896674641954e-01,4.942727059574299475e-01,4.984443462030586081e-01,5.026556584255280624e-01,5.068994366565930942e-01,5.111684377104822596e-01,5.154553057149037221e-01,5.197526031605333996e-01,5.240528824353515303e-01,5.283486260204303120e-01,5.326323206555468870e-01,5.368964128725854934e-01,5.411333978142526258e-01,5.453357978263482231e-01,5.494961505647464328e-01,5.536070949531716190e-01,5.576612591770373495e-01,5.616514822060237888e-01,5.655706066043598712e-01,5.694116474838648578e-01,5.731677384157274346e-01,5.768321645112760576e-01,5.803983483860545300e-01,5.838599526309810051e-01,5.872107614523486285e-01,5.904448032856963735e-01,5.935563260846486999e-01,5.965397770751299511e-01,5.993898517897242595e-01,6.021015243277072493e-01,6.046699892583261571e-01,6.070907640165400521e-01,6.093595818649103490e-01,6.114725383649686208e-01,6.134259488908138103e-01,6.152165034334057259e-01,6.168411811561889113e-01,6.182972621125975010e-01,6.195823784434029147e-01,6.206944814557436851e-01,6.216318545428340947e-01,6.223931125589596824e-01,6.229772141446822120e-01,6.233834605713179933e-01,6.236115095207389603e-01,6.236613432750941488e-01,6.235332788151377592e-01,6.232280119684782127e-01,6.227465421356381814e-01,6.220902194521442663e-01,6.212607333250511621e-01,6.202601104292644330e-01,6.190906711815031827e-01,6.177550937283924348e-01,6.162563476806377505e-01,6.145977032523384231e-01,6.127827719958575114e-01,6.108154014553905942e-01,6.086997792582861111e-01,6.064403039862854561e-01,6.040417069320945798e-01,6.015089014766348274e-01,5.988471164947760661e-01,5.960617568491914930e-01,5.931584793447692849e-01,5.901431208125884620e-01,5.870217378294800836e-01,5.838005586326490137e-01,5.804859598763698614e-01,5.770845308785869099e-01,5.736029228044314809e-01,5.700479565272064120e-01,5.664265799841721183e-01,5.627457798066290984e-01,5.590126845242922027e-01,5.552344459402374088e-01,5.514182994407316185e-01,5.475714762652420520e-01,5.437012776455091290e-01,5.398149450283052930e-01,5.359197814881276889e-01,5.320230043031333178e-01,5.281318276318300864e-01,5.242533812407448313e-01,5.203947560077617496e-01,5.165629349432940831e-01,5.127648106155345831e-01,5.090071641122001500e-01,5.052966411976056449e-01,5.016397512606582954e-01,4.980428605519843788e-01,4.945121563959229416e-01,4.910536400931310719e-01,4.876731633399042920e-01,4.843763286735003892e-01
3.597300626534672557e-02,3.574024866667219191e-02,3.551026802237675778e-02,3.528332921504053615e-02,3.505969767763342237e-02,3.483963633594912984e-02,3.462340576666129988e-02,3.441126205262613064e-02,3.420346162671832058e-02,3.400025318713843780e-02,3.380188266213397796e-02,3.360859087929404104e-02,3.342061450705788306e-02,3.323818217307111800e-02,3.306151862940599762e-02,3.289083992360754966e-02,3.272635708455561704e-02,3.256827149103116298e-02,3.241677900016166208e-02,3.227206406643090553e-02,3.213430624838744393e-02,3.200367250699241717e-02,3.188032122705499599e-02,3.176440139314650607e-02,3.165605217616332401e-02,3.155540000073003837e-02,3.146256307488968368e-02,3.137764643074948678e-02,3.130074500167460971e-02,3.123194092886974471e-02,3.117130563273091265e-02,3.111889457665049583e-02,3.107475600717104353e-02,3.103892228818790761e-02,3.101141493748826861e-02,3.099224005186710165e-02,3.098139263243996494e-02,3.097885468684307905e-02,3.098459363354609877e-02,3.099856602105035414e-02,3.102071259987835422e-02,3.105096287466153210e-02,3.108923261817263597e-02,3.113542439775987894e-02,3.118942791057734143e-02,3.125112037467011467e-02,3.132036606155495090e-02,3.139701633258566715e-02,3.148091170188723614e-02,3.157187885782122838e-02,3.166973349154579565e-02,3.177428022757778497e-02,3.188531152467300595e-02,3.200261048575570033e-02,3.212594811520544380e-02,3.225508545754612877e-02,3.238977409069444813e-02,3.252975645145308320e-02,3.267476745867654159e-02,3.282452984017559389e-02,3.297876177836493033e-02,3.313717230008242365e-02,3.329946450648485490e-02,3.346533429059075221e-02,3.363447212196146036e-02,3.380656345070004454e-02,3.398128797969067472e-02,3.415832177158656391e-02,3.433733833135629854e-02,3.451800613431076775e-02,3.469999340301255925e-02,3.488296567692437261e-02,3.506658804292654696e-02,3.525052551442103138e-02,3.543444025158384858e-02,3.561799891847332311e-02,3.580086818230262397e-02,3.598271789001824400e-02,3.616321783297642145e-02,3.634204490211372096e-02,3.651887828773228706e-02,3.669340031643716915e-02,3.686530227092477824e-02,3.703427725504895157e-02,3.720002788430483431e-02,3.736226253046495693e-02,3.752069758506366981e-02,3.767505680274183671e-02,3.782507374593501587e-02,3.797049068653932102e-02,3.811105915137018990e-02,3.824654360521518442e-02,3.837671486886924666e-02,3.850135805956341611e-02,3.862026943065143686e-02,3.873325588328564717e-02,3.884013760611515487e-02,3.894074907973003874e-02,3.903493452195334890e-02,3.912255253436260766e-02,3.920347921104613831e-02,3.927759807943351222e-02,3.934481118714937969e-02,3.940503376567989352e-02,3.945819446503274347e-02,3.950423805151005718e-02,3.954312189292767676e-02,3.957482041096062331e-02,3.959932125507949902e-02,3.961662608567648181e-02,3.962675324022593704e-02,3.962973539497263720e-02,3.962561695170650072e-02,3.961446157147820862e-02,3.959634332135056334e-02,3.957135108292894610e-02,3.953958904666003693e-02,3.950117281656977120e-02,3.945623451289929917e-02,3.940491677403584747e-02,3.934737552992694648e-02,3.928377977173078822e-02,3.921431069466534136e-02,3.913915889257969100e-02,3.905852920745740003e-02,3.897263643985679482e-02,3.888170417743339741e-02,3.878596562925121921e-02,3.868566759465620619e-02,3.858105978934644326e-02,3.847240439414700147e-02,3.835996822625767355e-02,3.824402839406063070e-02,3.812486490538875145e-02,3.800276750564909184e-02,3.787802640136554017e-02,3.775094085271209210e-02,3.762181090152078022e-02,3.749094200486252637e-02,3.735864142889465389e-02,3.722521765098504160e-02,3.709098212266403322e-02,3.695624491856320387e-02,3.682131845178434476e-02,3.668651191518387811e-02,3.655213500123800224e-02,3.641849460410048755e-02,3.628589469736077933e-02,3.615463734441874688e-02,3.602501845297796657e-02,3.589733169320451223e-02,3.577186409385725574e-02,3.564889677377159477e-02,3.552870434891548107e-02,3.541155596063070427e-02,3.529771311043350401e-02,3.518742604374119898e-02,3.508094023399778438e-02,3.497849091666280219e-02,3.488030246065055434e-02,3.478659162986790648e-02,3.469756080287707267e-02,3.461340597209806857e-02,3.453430946963729348e-02,3.446044249640768664e-02,3.439196310014126096e-02,3.432901974843249882e-02,3.427174533628102315e-02,3.422026258915095154e-02,3.417467854113570569e-02,3.413509074163015300e-02,3.410157990104089459e-02,3.407421280747278264e-02,3.405304596161003172e-02,3.403812012237265872e-02,3.402946271635937797e-02,3.402708735542439578e-02,3.403099356773045536e-02,3.404116741033844790e-02,3.405758171978774673e-02,3.408019538792361053e-02,3.410895471464996803e-02,3.414379004740416418e-02,3.418462279370895751e-02,3.423135921631313000e-02,3.428389351484061737e-02,3.434210648279368422e-02,3.440586891388436319e-02,3.447503902129521458e-02,3.454946271917350153e-02,3.462897730311624567e-02,3.471340741909929861e-02,3.480256913083348835e-02,3.489626828082457305e-02,3.499429928267743656e-02,3.509645279916581706e-02,3.520250693828790717e-02,3.531223460422367594e-02,3.542539953592026974e-02,3.554175976861070202e-02,3.566106862940314481e-02,3.578307170513408964e-02,3.590750939311984635e-02,3.603412104491085510e-02,3.616263940486834361e-02,3.629279376416666425e-02,3.642431292572384516e-02,3.655692229012137001e-02,3.669034521977004165e-02,3.682430731991871015e-02,3.695853086885086958e-02,3.709273977193053295e-02,3.722665898112927779e-02,3.736001553236818068e-02,3.749253800134420139e-02,3.762395928337614048e-02,3.775401180894764203e-02,3.788243761997293901e-02,3.800897799893405982e-02,3.813338352325561925e-02,3.825540653179420464e-02,3.837480859648043086e-02,3.849135593115906445e-02,3.860482181143765762e-02,3.871498869409107507e-02,3.882164608425869856e-02,3.892459074743950809e-02,3.902362985924649752e-02,3.911857899401118693e-02,3.920926345709860317e-02,3.929551686073423644e-02,3.937718605896575741e-02,3.945412511451806131e-02,3.952620274685090390e-02,3.959329333251892374e-02,3.965528662977177432e-02,3.971208244878947358e-02,3.976359220593514432e-02,3.980973715785648959e-02,3.985045347318264680e-02,3.988568634004633490e-02,3.991539616793642054e-02,3.993955001822842993e-02,3.995813272556038992e-02,3.997113694425533104e-02,3.997856933633268245e-02,3.998044528828190863e-02,3.997679730784615970e-02,3.996766531238992587e-02,3.995309883613976792e-02,3.993316508086829780e-02,3.990793617150686923e-02,3.987749920796495456e-02,3.984194886646336142e-02,3.980139145781213389e-02,3.975594421267110434e-02,3.970573302340348054e-02,3.965089214631097037e-02,3.959156704607030841e-02,3.952791161720025509e-02,3.946008739023641049e-02,3.938826367435800668e-02,3.931261838250624252e-02,3.923333590984377089e-02,3.915060622560417869e-02,3.906462927719500655e-02,3.897560720547665197e-02,3.888374993738168139e-02,3.878926954107730224e-02,3.869238629696592630e-02,3.859332164653678926e-02,3.849230235766731845e-02,3.838955680652831465e-02,3.828531744661445302e-02,3.817981835776782656e-02,3.807329370111871281e-02,3.796598087719919856e-02,3.785811806074355912e-02,3.774994186241840272e-02,3.764168964475546331e-02,3.753359866556047614e-02,3.742590404998850234e-02,3.731883745557786070e-02,3.721263315991309162e-02,3.710751982405929850e-02,3.700372306003742173e-02,3.690146442240576502e-02,3.680096587101824857e-02,3.670244020446829930e-02,3.660609865696060061e-02,3.651214619941098305e-02,3.642078263490362150e-02,3.633220499031547535e-02,3.624659894889149109e-02,3.616414956296597205e-02,3.608503269390064133e-02,3.600941692429884128e-02,3.593746526890456705e-02,3.586933329700420225e-02,3.580516862191340105e-02,3.574511190992980814e-02,3.568929571129215994e-02,3.563784432034705629e-02,3.559087459106038964e-02,3.554849547910109847e-02,3.551080554505933740e-02,3.547789797347905560e-02,3.544985483849767693e-02,3.542675175599096365e-02,3.540865545472413056e-02,3.539562275022453686e-02,3.538770266185637531e-02,3.538493812476382894e-02,3.538736009926713583e-02,3.539499199996591627e-02,3.540785046537967690e-02,3.542594322073296109e-02,3.544926979227028263e-02,3.547782109615410517e-02,3.551158140160558946e-02,3.555052620807302999e-02,3.559462408710944992e-02,3.564383646092127850e-02,3.569811730423442381e-02,3.575741353896850355e-02,3.582166475063370409e-02,3.589080678890819304e-02,3.596476452567341081e-02,3.604346059470468766e-02,3.612680993724455558e-02,3.621472265394463236e-02,3.630710340855900636e-02,3.640385087550979809e-02,3.650486117135044034e-02,3.661002144067821568e-02,3.671922014904918652e-02,3.683233801664935469e-02,3.694925212486628585e-02,3.706983683154171233e-02,3.719396430257439212e-02,3.732150142549299499e-02,3.745231387553102365e-02,3.758626396532547403e-02,3.772321317130316459e-02,3.786301945510091305e-02,3.800554008294783348e-02,3.815063011202304843e-02,3.829814318658333883e-02,3.844793486557857021e-02,3.859985419741031321e-02,3.875375506588091962e-02,3.890948917911051658e-02,3.906690717988428596e-02,3.922585969740260969e-02,3.938619951715695983e-02,3.954777760721255725e-02,3.971044707544917063e-02,3.987406095872959161e-02,4.003847328351759632e-02,4.020353908716281510e-02,4.036911547442716131e-02,4.053505761582323896e-02,4.070122751478114087e-02,4.086748378778969071e-02,4.103368749693066253e-02,4.119970330283325571e-02,4.136539544866316143e-02,4.153063232299327584e-02,4.169528069450562091e-02,4.185921318746701342e-02,4.202230055849913437e-02,4.218441814708497745e-02,4.234544247366729686e-02,4.250525151898942866e-02,4.266372472519675690e-02,4.282074581045765271e-02,4.297619803655274712e-02,4.312996786029867080e-02,4.328194193494226683e-02,4.343201223114979276e-02,4.358006823384814182e-02,4.372600613566120231e-02,4.386971802944081289e-02,4.401110292679819708e-02,4.415005801108493749e-02,4.428648496219934200e-02,4.442028633777648366e-02,4.455136349751942504e-02,4.467962163719652741e-02,4.480496844127463546e-02,4.492731000302349620e-02,4.504655705186332709e-02,4.516261972720249374e-02,4.527540606595948508e-02,4.538483353826988642e-02,4.549081430313212798e-02,4.559326302112928775e-02,4.569209695547339634e-02,4.578723211415960254e-02,4.587858784342720153e-02,4.596608263341264711e-02,4.604963751933010413e-02,4.612917331704309565e-02,4.620461347429213883e-02,4.627588037817455952e-02,4.634289968198857662e-02,4.640559540802589866e-02,4.646389599828690958e-02,4.651772781778586857e-02,4.656702029748920751e-02,4.661170472018503347e-02,4.665171173104831759e-02,4.668697497427830301e-02,4.671742817484134114e-02,4.674300597443020039e-02,4.676364844985222979e-02,4.677929431026529861e-02,4.678988289998727013e-02,4.679535966032001559e-02,4.679566753190661510e-02,4.679075499573686486e-02,4.678057166884277973e-02,4.676506958044811257e-02,4.674420282017219958e-02,4.671792786502740324e-02,4.668620781240265943e-02,4.664900377854277330e-02
3.565169749363286122e-01,3.588229307886214858e-01,3.610962482559774700e-01,3.633354013332665278e-01,3.655389524165342241e-01,3.677055570396602358e-01,3.698339404151829712e-01,3.719229203121656724e-01,3.739713891883791330e-01,3.759783433666798458e-01,3.779428538152433958e-01,3.798640560757208795e-01,3.817411954135366270e-01,3.835735801582469962e-01,3.853606018452143123e-01,3.871017338801307495e-01,3.887965201652522906e-01,3.904445839721087386e-01,3.920456177654761953e-01,3.935993804184187428e-01,3.951056999142441573e-01,3.965644814830797116e-01,3.979756742534339420e-01,3.993393031846901864e-01,4.006554381400957432e-01,4.019242181812058834e-01,4.031458223972053667e-01,4.043204789753606643e-01,4.054484753551176879e-01,4.065301256281872999e-01,4.075657919329681578e-01,4.085558890337709914e-01,4.095008303757231016e-01,4.104010824966642934e-01,4.112571455687771271e-01,4.120695359436291616e-01,4.128387860384319374e-01,4.135654628670683564e-01,4.142501359991183629e-01,4.148933925483912488e-01,4.154958397040588447e-01,4.160580689590653858e-01,4.165807074954274714e-01,4.170643728866127997e-01,4.175096564805506616e-01,4.179172067727882633e-01,4.182876092382147859e-01,4.186214689214480811e-01,4.189193919992528770e-01,4.191819643834185372e-01,4.194097536208677424e-01,4.196033394601766942e-01,4.197632453078905534e-01,4.198900212002108501e-01,4.199841707360085774e-01,4.200462001206342610e-01,4.200765911912586192e-01,4.200758089237061066e-01,4.200442861258468774e-01,4.199824409974985406e-01,4.198906852163586945e-01,4.197694001516446005e-01,4.196189535763890088e-01,4.194396642880611203e-01,4.192318909569178742e-01,4.189959107656942017e-01,4.187320321816102586e-01,4.184405151864850625e-01,4.181216202752198741e-01,4.177755808241789826e-01,4.174026287900087229e-01,4.170029846465075907e-01,4.165768413879680776e-01,4.161243982597699897e-01,4.156458504423046207e-01,4.151413662495757051e-01,4.146111354363127832e-01,4.140553223397492322e-01,4.134741017256611251e-01,4.128676700890554496e-01,4.122361834404643099e-01,4.115798398023999272e-01,4.108988270684816313e-01,4.101933634745150159e-01,4.094636541007890540e-01,4.087099307785176383e-01,4.079324508740531097e-01,4.071314819951517006e-01,4.063072903421012239e-01,4.054602012068293515e-01,4.045905409848040146e-01,4.036986931141374191e-01,4.027850199099449191e-01,4.018499596347229197e-01,4.008939520565644177e-01,3.999174939103471438e-01,3.989210944011599702e-01,3.979053195053303682e-01,3.968707632235937144e-01,3.958180605524689866e-01,3.947478843779242408e-01,3.936609514683160338e-01,3.925580163638457409e-01,3.914398852671338580e-01,3.903074051496033814e-01,3.891614519726473986e-01,3.880029635591072945e-01,3.868329154446445428e-01,3.856523118286886986e-01,3.844622418374104011e-01,3.832637872071944507e-01,3.820581034918777430e-01,3.808463687352684479e-01,3.796298274898958769e-01,3.784097265256176068e-01,3.771873895954043210e-01,3.759641545083733938e-01,3.747413949413250789e-01,3.735205184554649116e-01,3.723029784899347105e-01,3.710902224329523102e-01,3.698837768602082354e-01,3.686851412848477505e-01,3.674958698612449948e-01,3.663175092006130118e-01,3.651516563887481914e-01,3.639998872355807991e-01,3.628638033930464135e-01,3.617450212037179869e-01,3.606451584015708534e-01,3.595657975864808842e-01,3.585085832796447436e-01,3.574750900350872618e-01,3.564669162381400858e-01,3.554856403334238912e-01,3.545328134025785838e-01,3.536099743492711611e-01,3.527186533649016575e-01,3.518602994723328825e-01,3.510363744439571332e-01,3.502482878644566644e-01,3.494974075445987927e-01,3.487850662096788068e-01,3.481125323548324713e-01,3.474810345192866912e-01,3.468917284030146875e-01,3.463457297977878824e-01,3.458440915830064410e-01,3.453877777541690119e-01,3.449777083771479735e-01,3.446147138337245508e-01,3.442995426150317062e-01,3.440328996932913719e-01,3.438153619689446328e-01,3.436474520766266694e-01,3.435296017146381442e-01,3.434621487354687086e-01,3.434453248793296609e-01,3.434793002556853492e-01,3.435641179068500417e-01,3.436997508161089843e-01,3.438860662543606894e-01,3.441228166973115954e-01,3.444096649917398056e-01,3.447461895490141481e-01,3.451318344852304931e-01,3.455659790869315406e-01,3.460478719323822339e-01,3.465766768103041851e-01,3.471514528464488825e-01,3.477711427486749884e-01,3.484346293796534155e-01,3.491406579999912219e-01,3.498879109605615989e-01,3.506749508880347421e-01,3.515002549501529683e-01,3.523622123877514500e-01,3.532591306162605194e-01,3.541892304742546571e-01,3.551506388985117835e-01,3.561414114240648021e-01,3.571595401813161264e-01,3.582029225174094278e-01,3.592693965432103287e-01,3.603567489324141504e-01,3.614626991294847547e-01,3.625849011075136796e-01,3.637209689843514671e-01,3.648684517680020889e-01,3.660248979484788112e-01,3.671877753009294976e-01,3.683545351819721980e-01,3.695226153724860407e-01,3.706894280777579542e-01,3.718523461949304609e-01,3.730087686217265497e-01,3.741560493588541036e-01,3.752915998733671321e-01,3.764127885146856811e-01,3.775170121954911640e-01,3.786016850360826580e-01,3.796642589596848638e-01,3.807021950161191826e-01,3.817130105210071456e-01,3.826942450554677855e-01,3.836434976379115569e-01,3.845584095989131868e-01,3.854366980496561901e-01,3.862761211353843982e-01,3.870745120787414395e-01,3.878298069646883839e-01,3.885399694313362295e-01,3.892030909448135345e-01,3.898173102763549114e-01,3.903809065137066603e-01,3.908922185011515227e-01,3.913497133167130881e-01,3.917519294369828931e-01,3.920975478739833209e-01,3.923853359526090490e-01,3.926142061923482696e-01,3.927831526903080017e-01,3.928913299382019164e-01,3.929379839038524280e-01,3.929224983997103293e-01,3.928443982034861004e-01,3.927033151241296483e-01,3.924990372962471330e-01,3.922314505734247891e-01,3.919006013286178147e-01,3.915066649717401370e-01,3.910499431826222616e-01,3.905308720809459455e-01,3.899500190380649212e-01,3.893081031149306370e-01,3.886059374617018003e-01,3.878444957340167476e-01,3.870248548872140537e-01,3.861482499447845274e-01,3.852159962020588191e-01,3.842295725420336039e-01,3.831905436655624331e-01,3.821006049810010685e-01,3.809615577399025899e-01,3.797753112010172072e-01,3.785438830779110364e-01,3.772693842612040438e-01,3.759540033934005154e-01,3.746000646850120575e-01,3.732099385361556942e-01,3.717860760046807211e-01,3.703310141527994537e-01,3.688473711761509621e-01,3.673378008384075022e-01,3.658050262891589521e-01,3.642518165521505535e-01,3.626810037970012446e-01,3.610954320231340442e-01,3.594979952345745966e-01,3.578916051815477228e-01,3.562792002358587395e-01,3.546637127198586925e-01,3.530481060344065614e-01,3.514353179368234215e-01,3.498282851231864776e-01,3.482299372866828890e-01,3.466431722156992912e-01,3.450708746882826805e-01,3.435158737846979449e-01,3.419809496338681587e-01,3.404688794933822260e-01,3.389823347879276638e-01,3.375239539216003948e-01,3.360962934238406752e-01,3.347018525576829218e-01,3.333430262595602489e-01,3.320221546333638751e-01,3.307414556576560583e-01,3.295030831247028336e-01,3.283090617314787241e-01,3.271613241383337645e-01,3.260616881125171784e-01,3.250118521366729407e-01,3.240134054976882005e-01,3.230678074808027156e-01,3.221763917477828421e-01,3.213403566121072474e-01,3.205607657648076314e-01,3.198385713337640879e-01,3.191745462144429113e-01,3.185693609532245785e-01,3.180235192285915113e-01,3.175373820926787882e-01,3.171111704573554291e-01,3.167449826419150849e-01,3.164387316355580793e-01,3.161922163069392777e-01,3.160050543001375889e-01,3.158767598789365416e-01,3.158066633947329005e-01,3.157939857658125238e-01,3.158377949623589753e-01,3.159370133501792077e-01,3.160904294026764538e-01,3.162966805688415817e-01,3.165543225626014090e-01,3.168617418405582642e-01,3.172171910618032387e-01,3.176188357122490258e-01,3.180647126624570609e-01,3.185527432029425787e-01,3.190807322963538639e-01,3.196463984523844615e-01,3.202473643469723186e-01,3.208811461892784878e-01,3.215451875525192627e-01,3.222368453193102944e-01,3.229533983885268245e-01,3.236920814878096464e-01,3.244500352294547585e-01,3.252243631129971280e-01,3.260121242688944765e-01,3.268103351664892187e-01,3.276159684735193145e-01,3.284259865604283180e-01,3.292373033062883092e-01,3.300468646778060289e-01,3.308515763802549192e-01,3.316483536116284214e-01,3.324341209886852999e-01,3.332058393989495992e-01,3.339604486157923269e-01,3.346949781794224532e-01,3.354064422090816122e-01,3.360919457970840130e-01,3.367485987187093799e-01,3.373736115979552586e-01,3.379642375443968616e-01,3.385178112262579586e-01,3.390317429205090827e-01,3.395035278695821557e-01,3.399307507520717975e-01,3.403111114852096497e-01,3.406423641098064725e-01,3.409224302422332320e-01,3.411493027919638155e-01,3.413211189426207937e-01,3.414361164766813173e-01,3.414926729923938864e-01,3.414893014010084715e-01,3.414246259568162190e-01,3.412974453255797624e-01,3.411066789240767561e-01,3.408513695245494746e-01,3.405307532877095977e-01,3.401441817059476791e-01,3.396911701943928219e-01,3.391713847180147234e-01,3.385846482638619204e-01,3.379309152524285764e-01,3.372103411404850926e-01,3.364231808350128805e-01,3.355698901102875387e-01,3.346510610647219219e-01,3.336674504174659828e-01,3.326199257417101762e-01,3.315095578116449837e-01,3.303375396541824438e-01,3.291052189343859902e-01,3.278140878268501757e-01,3.264657660703532693e-01,3.250620138421355665e-01,3.236047513237021445e-01,3.220959904296893384e-01,3.205379068658593678e-01,3.189327625430404267e-01,3.172829674457536830e-01,3.155910214960181981e-01,3.138595525610676229e-01,3.120912598391977766e-01,3.102889711774736714e-01,3.084555971973895194e-01,3.065941091716997691e-01,3.047075813575982894e-01,3.027991510231167194e-01,3.008720325699540399e-01,2.989294704525457536e-01,2.969747972171960515e-01,2.950113741286017888e-01,2.930425850237419749e-01,2.910718629978504279e-01,2.891026740545938889e-01,2.871384747057058595e-01,2.851827586843955209e-01,2.832390045607846019e-01,2.813106855346541590e-01,2.794012854779083233e-01,2.775142449379325860e-01,2.756529924014438637e-01,2.738209195026043430e-01,2.720213848245379706e-01,2.702576882446196538e-01,2.685330979846979327e-01,2.668508104627321798e-01,2.652139541318841442e-01,2.636255906484146205e-01,2.620887070918624384e-01,2.606062100433226836e-01,2.591809099751080092e-01,2.578155183410633100e-01,2.565126851306219202e-01,2.552748947559958514e-01,2.541045764407847685e-01,2.530040220003763052e-01,2.519754159158738571e-01,2.510208077715090913e-01,2.501421479997980590e-01,2.493412272900324966e-01,2.486197298538238010e-01,2.479792052711548567e-01,2.474210562588609608e-01,2.469465438963668880e-01,2.465568168047058695e-01,2.462528485653170673e-01,2.460354945680005290e-01,2.459054425469366090e-01,2.458632730243449083e-01
1.315260636450303611e-01,1.320470016071776664e-01,1.325792530888365017e-01,1.331223982133314943e-01,1.336759563284609376e-01,1.342394075083807869e-01,1.348121847526717598e-01,1.353936664287316571e-01,1.359831903383675600e-01,1.365800530210146690e-01,1.371835098520929885e-01,1.377927660935873155e-01,1.384070062057335959e-01,1.390253685332646094e-01,1.396469610954415574e-01,1.402708630067518447e-01,1.408961274138511854e-01,1.415217749136682135e-01,1.421468143216361446e-01,1.427702307188108977e-01,1.433909902028362160e-01,1.440080571743193039e-01,1.446203685882551382e-01,1.452268643739020870e-01,1.458264913557675846e-01,1.464181720128925335e-01,1.470008581173253281e-01,1.475734872257425945e-01,1.481350171320297837e-01,1.486844156505693348e-01,1.492206723236779442e-01,1.497427824383660844e-01,1.502497780335663724e-01,1.507407076715071015e-01,1.512146618305724166e-01,1.516707398777730476e-01,1.521081048627366816e-01,1.525259314062349658e-01,1.529234547911182407e-01,1.532999409820102188e-01,1.536547066532117645e-01,1.539871144137924253e-01,1.542965867954081693e-01,1.545825825563286737e-01,1.548446297633275515e-01,1.550823121347611189e-01,1.552952644628941559e-01,1.554831874224326949e-01,1.556458391413069464e-01,1.557830465693176847e-01,1.558947012938961818e-01,1.559807532075313530e-01,1.560412235987883867e-01,1.560761979865873950e-01,1.560858310495414625e-01,1.560703408288441341e-01,1.560300127369311229e-01,1.559652044037511676e-01,1.558763427169386484e-01,1.557638983295594748e-01,1.556284435548363210e-01,1.554705786544473278e-01,1.552909903431302641e-01,1.550904194240010636e-01,1.548696648650214058e-01,1.546295886172393275e-01,1.543711161498355910e-01,1.540952072624698910e-01,1.538028912084305477e-01,1.534952451086742664e-01,1.531733936756483339e-01,1.528385003431292077e-01,1.524917785099130230e-01,1.521344763579294823e-01,1.517678789355600966e-01,1.513933092468949526e-01,1.510121169591678580e-01,1.506256726160875026e-01,1.502353773580080154e-01,1.498426541679905855e-01,1.494489302660892971e-01,1.490556579064240272e-01,1.486642841221710309e-01,1.482762724776713614e-01,1.478930829048120954e-01,1.475161699170534357e-01,1.471469837669361069e-01,1.467869602013447405e-01,1.464375261822623009e-01,1.461000808309079191e-01,1.457760100465026465e-01,1.454666693515394016e-01,1.451733772622823826e-01,1.448974350425304980e-01,1.446400898121589784e-01,1.444025535108439118e-01,1.441859957127574199e-01,1.439915363464509546e-01,1.438202453482839982e-01,1.436731333205429617e-01,1.435511603854602580e-01,1.434552249010034031e-01,1.433861626452060667e-01,1.433447329701379169e-01,1.433316468745094441e-01,1.433475250720356864e-01,1.433929362368596694e-01,1.434683596744913414e-01,1.435742025866645066e-01,1.437107988123634550e-01,1.438783958702244126e-01,1.440771753849284242e-01,1.443072230039446346e-01,1.445685532010873298e-01,1.448610888242746197e-01,1.451846837259190559e-01,1.455391000376102806e-01,1.459240235639970018e-01,1.463390450638465956e-01,1.467836983203645584e-01,1.472574109179549950e-01,1.477595533399654604e-01,1.482894008314273593e-01,1.488461599111363387e-01,1.494289644410523310e-01,1.500368737525867024e-01,1.506688692237574401e-01,1.513238747794457550e-01,1.520007372673230772e-01,1.526982481528107727e-01,1.534151286986650820e-01,1.541500582002019448e-01,1.549016460260535522e-01,1.556684513211283871e-01,1.564489918390284950e-01,1.572417381310213247e-01,1.580451230946525454e-01,1.588575325269576954e-01,1.596773350542817216e-01,1.605028546949078538e-01,1.613323972233893233e-01,1.621642532800164072e-01,1.629966867985261081e-01,1.638279586716779312e-01,1.646563173024779558e-01,1.654800072299655866e-01,1.662972847940524801e-01,1.671063977422944657e-01,1.679056082778234427e-01,1.686932044841697731e-01,1.694674808316004588e-01,1.702267563122844274e-01,1.709693884151284593e-01,1.716937574097726904e-01,1.723982818346199153e-01,1.730814304346463273e-01,1.737417007730994445e-01,1.743776578435043967e-01,1.749878943460113356e-01,1.755710939892399791e-01,1.761259711587813415e-01,1.766513141461219794e-01,1.771459890656958136e-01,1.776089140393227739e-01,1.780390928526729422e-01,1.784356054104224154e-01,1.787975962767989480e-01,1.791243120215380569e-01,1.794150730365182411e-01,1.796692798724223716e-01,1.798864251904423728e-01,1.800661010904067993e-01,1.802079711340621448e-01,1.803118020467075477e-01,1.803774562716839169e-01,1.804048814334058837e-01,1.803941199948597141e-01,1.803453132734811337e-01,1.802586929470140764e-01,1.801345836067103912e-01,1.799734088509677699e-01,1.797756744159324516e-01,1.795419950647053342e-01,1.792730549396265860e-01,1.789696446652909723e-01,1.786326266156852416e-01,1.782629672509273289e-01,1.778616941773009386e-01,1.774299401847233004e-01,1.769688924592790480e-01,1.764798334402367941e-01,1.759641119031342404e-01,1.754231343855764125e-01,1.748583897179644131e-01,1.742714249341211219e-01,1.736638441288992085e-01,1.730373041008279877e-01,1.723935163182274966e-01,1.717342400453134021e-01,1.710612745114327149e-01,1.703764593178819509e-01,1.696816623211081787e-01,1.689787913516783147e-01,1.682697664006754246e-01,1.675565374306160760e-01,1.668410630565799746e-01,1.661253143904863339e-01,1.654112604198676728e-01,1.647008846982576102e-01,1.639961515850903995e-01,1.632990255068548502e-01,1.626114443413446409e-01,1.619353420775375973e-01,1.612726110387356360e-01,1.606251235655672405e-01,1.599947170460017110e-01,1.593831922386825806e-01,1.587922927259219907e-01,1.582237247240712852e-01,1.576791428505764370e-01,1.571601360542355386e-01,1.566682404093629188e-01,1.562049181905757200e-01,1.557715714511919425e-01,1.553695154205058659e-01,1.550000012970372543e-01,1.546641945662650675e-01,1.543631801944707616e-01,1.540979512457119893e-01,1.538694087033106728e-01,1.536783776473653051e-01,1.535255698695434101e-01,1.534116115718603679e-01,1.533370238048662182e-01,1.533022354391138653e-01,1.533075694799309885e-01,1.533532453412502772e-01,1.534393783457518035e-01,1.535659796984507885e-01,1.537329586205527787e-01,1.539401123924874493e-01,1.541871430350231498e-01,1.544736371678376574e-01,1.547990841979326182e-01,1.551628726181953910e-01,1.555642771457154683e-01,1.560024842907516973e-01,1.564765749524689720e-01,1.569855306750961577e-01,1.575282429762429048e-01,1.581035050281109633e-01,1.587100246119596270e-01,1.593464200157068411e-01,1.600112192754841178e-01,1.607028771165283365e-01,1.614197646775819839e-01,1.621601797174953008e-01,1.629223528918743724e-01,1.637044357838435826e-01,1.645045346705909239e-01,1.653206862761620044e-01,1.661508746557148197e-01,1.669930356237842861e-01,1.678450598250066095e-01,1.687047978538968318e-01,1.695700637189981597e-01,1.704386478889203804e-01,1.713083073099650466e-01,1.721767870612859463e-01,1.730418059476188930e-01,1.739010849934313208e-01,1.747523398239472225e-01,1.755932811703978247e-01,1.764216260244900469e-01,1.772351148611633065e-01,1.780314902462850901e-01,1.788085301642971803e-01,1.795640291987497528e-01,1.802958203649972224e-01,1.810017697244177270e-01,1.816797948370486304e-01,1.823278513332116657e-01,1.829439500002852936e-01,1.835261597869271011e-01,1.840726114016311143e-01,1.845815002126034443e-01,1.850510856401705317e-01,1.854797118259996214e-01,1.858657933017080210e-01,1.862078332719349916e-01,1.865044022399056367e-01,1.867541853239705896e-01,1.869559370882121763e-01,1.871085162234132626e-01,1.872108742940360449e-01,1.872620678972910513e-01,1.872612437351065806e-01,1.872076659541089261e-01,1.871006934398670163e-01,1.869397965363663039e-01,1.867245505513717152e-01,1.864546448402197854e-01,1.861298706240491485e-01,1.857501332540102690e-01,1.853154499420707202e-01,1.848259418311546665e-01,1.842818419975124911e-01,1.836834967952800934e-01,1.830313652563804461e-01,1.823259947976250961e-01,1.815680531870272896e-01,1.807583099280044014e-01,1.798976440278666211e-01,1.789870171729703308e-01,1.780275095397103047e-01,1.770202812393837921e-01,1.759665916164199484e-01,1.748677965799484146e-01,1.737253234762448639e-01,1.725407018162353201e-01,1.713155259912613748e-01,1.700514742080193875e-01,1.687502969744728853e-01,1.674138160844658163e-01,1.660439093680890210e-01,1.646425225110539348e-01,1.632116593948150229e-01,1.617533678731579994e-01,1.602697466095283907e-01,1.587629339531574924e-01,1.572351129382792700e-01,1.556884873420948945e-01,1.541252979328952000e-01,1.525478088146641209e-01,1.509582960006286834e-01,1.493590486165881359e-01,1.477523700750618951e-01,1.461405585437869359e-01,1.445259152856189222e-01,1.429107315957819924e-01,1.412972951669998201e-01,1.396878634331558677e-01,1.380846766741142539e-01,1.364899550006067330e-01,1.349058855975739379e-01,1.333346148223864269e-01,1.317782511055630990e-01,1.302388638649291386e-01,1.287184668144031874e-01,1.272190296833997092e-01,1.257424591783142254e-01,1.242906031359342356e-01,1.228652562420807226e-01,1.214681266548789662e-01,1.201008670619596735e-01,1.187650588174642696e-01,1.174621998655542010e-01,1.161937143548104207e-01,1.149609405474389390e-01,1.137651472193687008e-01,1.126074973636784077e-01,1.114890877385104201e-01,1.104109163616325551e-01,1.093738971105708280e-01,1.083788467379581955e-01,1.074264960351500459e-01,1.065174848630475041e-01,1.056523587223833632e-01,1.048315715677917842e-01,1.040554828489325401e-01,1.033243675769228848e-01,1.026383987909644940e-01,1.019976650776494853e-01,1.014021648784930868e-01,1.008518118780908635e-01,1.003464228860656560e-01,9.988574149469346686e-02,9.946941794595659525e-02,9.909702524039086524e-02,9.876805685932282808e-02,9.848192727939100721e-02,9.823797514360783911e-02,9.803547375155861887e-02,9.787362340006926231e-02,9.775155797136111935e-02,9.766834582391380193e-02,9.762300062774287301e-02,9.761447580172863403e-02,9.764167878965021585e-02,9.770345616649574183e-02,9.779862071612431540e-02,9.792593813668890035e-02,9.808413554505969467e-02,9.827190200735250181e-02,9.848790769172144355e-02,9.873079071718308952e-02,9.899916197948380181e-02,9.929162408348415902e-02,9.960675686695101561e-02,9.994313436619817193e-02,1.002993213279128049e-01,1.006738853575194492e-01,1.010653943090858431e-01,1.014724144560849722e-01,1.018935284797533175e-01,1.023273352160728455e-01,1.027724438548362346e-01,1.032274812101434125e-01,1.036911034155003908e-01,1.041619960578234749e-01,1.046388730603960565e-01,1.051204703790063338e-01,1.056055782829035949e-01,1.060930163978719004e-01,1.065816455296529769e-01,1.070703774059840047e-01,1.075581624177269213e-01,1.080440042343208534e-01,1.085269617738013337e-01,1.090061373937514233e-01,1.094806948092573451e-01,1.099498533446553600e-01,1.104128868244456246e-01,1.108691301205003005e-01,1.113179749427797571e-01,1.117588801160479817e-01,1.121913543587357842e-01
1.011899133852372373e-01,9.990383576658505571e-02,9.864012494308528611e-02,9.740096071646064946e-02,9.618850249710421407e-02,9.500486460673158995e-02,9.385212601434922419e-02,9.273231843774208671e-02,9.164742909102308044e-02,9.059939139068967640e-02,8.959007966636503562e-02,8.862131237770290437e-02,8.769484248795431092e-02,8.681235682869688219e-02,8.597547138068258044e-02,8.518572023935985782e-02,8.444457679008145201e-02,8.375341645312409100e-02,8.311354541877945257e-02,8.252617342692408764e-02,8.199242689033291176e-02,8.151333906024609000e-02,8.108985384933424523e-02,8.072281235281338063e-02,8.041296702178078737e-02,8.016096428396586593e-02,7.996735777990932048e-02,7.983258921678620945e-02,7.975701105054969209e-02,7.974085936279579068e-02,7.978427269303782488e-02,7.988728553387430820e-02,8.004983269731610895e-02,8.027172414115556209e-02,8.055269083158816956e-02,8.089234273883638693e-02,8.129019394474283622e-02,8.174565531065597357e-02,8.225803083459101717e-02,8.282653102529154154e-02,8.345026676585813596e-02,8.412824903692917022e-02,8.485939222545170468e-02,8.564252444044548329e-02,8.647637628146041811e-02,8.735959519808560170e-02,8.829074028466760149e-02,8.926828780591421209e-02,9.029063723003584452e-02,9.135610772519708878e-02,9.246294623876900876e-02,9.360932722171674825e-02,9.479337029801586378e-02,9.601311930828650143e-02,9.726656420449839024e-02,9.855164048632115981e-02,9.986623997174923217e-02,1.012081960176988704e-01,1.025753068442809557e-01,1.039653362873736997e-01,1.053760058081825990e-01,1.068050150509581575e-01,1.082500439517347229e-01,1.097087422144392976e-01,1.111787542195233763e-01,1.126577069690823801e-01,1.141432248719195658e-01,1.156329339014775248e-01,1.171244653732918528e-01,1.186154548683382992e-01,1.201035539455408557e-01,1.215864274959331248e-01,1.230617727545322976e-01,1.245273034276090651e-01,1.259807744974165145e-01,1.274199664950115274e-01,1.288427117363704077e-01,1.302468749642258783e-01,1.316303765161477290e-01,1.329911882398498724e-01,1.343273398538412100e-01,1.356369142256292071e-01,1.369180659343212370e-01,1.381690102350635330e-01,1.393880395675454187e-01,1.405735118871640765e-01,1.417238621297616519e-01,1.428376130297953628e-01,1.439133604530496713e-01,1.449497927832978650e-01,1.459456734905189845e-01,1.468998594019318982e-01,1.478113025965354099e-01,1.486790423248087467e-01,1.495022130720232434e-01,1.502800444191695339e-01,1.510118557255961114e-01,1.516970710196915706e-01,1.523352082698453958e-01,1.529258857070087130e-01,1.534688154406773364e-01,1.539638083589533191e-01,1.544107776183925584e-01,1.548097220776396832e-01,1.551607544056231580e-01,1.554640728542509287e-01,1.557199708921210846e-01,1.559288353697793061e-01,1.560911444100381018e-01,1.562074776832545198e-01,1.562784848892751488e-01,1.563049259302663474e-01,1.562876264202750776e-01,1.562274924642246543e-01,1.561255297686378052e-01,1.559828110141323887e-01,1.558004744624341964e-01,1.555797485731460761e-01,1.553219086326452780e-01,1.550283177396046819e-01,1.547003833929128935e-01,1.543395840983987355e-01,1.539474434497729860e-01,1.535255443923990160e-01,1.530755157522728505e-01,1.525990273064765645e-01,1.520977881477333093e-01,1.515735489681512005e-01,1.510280936659968154e-01,1.504632262563354028e-01,1.498807812454903132e-01,1.492826102944663502e-01,1.486705768020720186e-01,1.480465687528625951e-01,1.474124701876759758e-01,1.467701729539215016e-01,1.461215679679431223e-01,1.454685412447952464e-01,1.448129706048525422e-01,1.441567164761087261e-01,1.435016341718167998e-01,1.428495510521808620e-01,1.422022678548268693e-01,1.415615619659597313e-01,1.409291778893752567e-01,1.403068295656312858e-01,1.396961843337757303e-01,1.390988730731019529e-01,1.385164825450219961e-01,1.379505495849590035e-01,1.374025619955777100e-01,1.368739536693629466e-01,1.363660991274044387e-01,1.358803209276745194e-01,1.354178759114885444e-01,1.349799559820329398e-01,1.345676937988998512e-01,1.341821483018090511e-01,1.338243152246553491e-01,1.334951198389139893e-01,1.331954066164726391e-01,1.329259585885333994e-01,1.326874802255929853e-01,1.324806015938849446e-01,1.323058736405456071e-01,1.321637751343677503e-01,1.320547127291814560e-01,1.319790046799420025e-01,1.319369041712158963e-01,1.319285816131951505e-01,1.319541333776489966e-01,1.320135814839002442e-01,1.321068682980107711e-01,1.322338674549218274e-01,1.323943791619245081e-01,1.325881297999527419e-01,1.328147718449181058e-01,1.330738960017062988e-01,1.333650207844249147e-01,1.336875962159965459e-01,1.340410169348474345e-01,1.344246073011557130e-01,1.348376338157518395e-01,1.352793072403818964e-01,1.357487753017150300e-01,1.362451413592937477e-01,1.367674542324682774e-01,1.373147205448743691e-01,1.378858840573786992e-01,1.384798679684304812e-01,1.390955390390779534e-01,1.397317279199855600e-01,1.403872444591003910e-01,1.410608513591935231e-01,1.417512890857228203e-01,1.424572742443658835e-01,1.431774959276649328e-01,1.439106293313500429e-01,1.446553256270752541e-01,1.454102323038086453e-01,1.461739713345190650e-01,1.469451790756050868e-01,1.477224683706665209e-01,1.485044502949275369e-01,1.492897498795883460e-01,1.500769910903674287e-01,1.508647988409953233e-01,1.516518108384737606e-01,1.524366767627478580e-01,1.532180668145792790e-01,1.539946577462943111e-01,1.547651557175835635e-01,1.555282865644477819e-01,1.562827968946849111e-01,1.570274552919141975e-01,1.577610762302170677e-01,1.584824889651849367e-01,1.591905672357831203e-01,1.598842011107903249e-01,1.605623395115424179e-01,1.612239492587818346e-01,1.618680493019705180e-01,1.624936952256594291e-01,1.630999829200057982e-01,1.636860501884253583e-01,1.642510809125313220e-01,1.647943032928755880e-01,1.653149851649156621e-01,1.658124516092017164e-01,1.662860689683405835e-01,1.667352418677257031e-01,1.671594406158700696e-01,1.675581604398965474e-01,1.679309614717311439e-01,1.682774400424672523e-01,1.685972536489936113e-01,1.688900896932189477e-01,1.691556956389258792e-01,1.693938561552541799e-01,1.696044022554994146e-01,1.697872120794026718e-01,1.699422140338436582e-01,1.700693650962772918e-01,1.701686745516226285e-01,1.702401909449057504e-01,1.702840030938243265e-01,1.703002362172025275e-01,1.702890583259147605e-01,1.702506669442375997e-01,1.701853003906892148e-01,1.700932209379039106e-01,1.699747496325183516e-01,1.698302034024717633e-01,1.696599456186869692e-01,1.694643705926143495e-01,1.692438934127229455e-01,1.689989560805177093e-01,1.687300199042370552e-01,1.684375739598747146e-01,1.681221219761921404e-01,1.677841905924974120e-01,1.674243122021710772e-01,1.670430499204321184e-01,1.666409715289192683e-01,1.662186587744868826e-01,1.657767100315213904e-01,1.653157116578215513e-01,1.648362871640146887e-01,1.643390407558174005e-01,1.638246031649945311e-01,1.632935954393153755e-01,1.627466346296993771e-01,1.621843610120037582e-01,1.616073972328209152e-01,1.610163642660568106e-01,1.604118949587555187e-01,1.597946052332427369e-01,1.591651133112477745e-01,1.585240316335637389e-01,1.578719670513044071e-01,1.572095160105331513e-01,1.565372783640772425e-01,1.558558345820402480e-01,1.551657608155701251e-01,1.544676288287893107e-01,1.537620006158782471e-01,1.530494192927394914e-01,1.523304314703792239e-01,1.516055691172556452e-01,1.508753463862423372e-01,1.501402783017115050e-01,1.494008668257061634e-01,1.486576057286468633e-01,1.479109769613028980e-01,1.471614502219037723e-01,1.464094917830783826e-01,1.456555539164000324e-01,1.449000870187107937e-01,1.441435281769744836e-01,1.433863035533541053e-01,1.426288421467401812e-01,1.418715514377748843e-01,1.411148557725447339e-01,1.403591486781335662e-01,1.396048330462369425e-01,1.388523069888219774e-01,1.381019600319427221e-01,1.373541813212012241e-01,1.366093529355415503e-01,1.358678594273352025e-01,1.351300890379917574e-01,1.343964198925709508e-01,1.336672316544307570e-01,1.329429181881442434e-01,1.322238466239876453e-01,1.315104177730274104e-01,1.308030108368173350e-01,1.301020239842968773e-01,1.294078436898151163e-01,1.287208793512479577e-01,1.280415227885936535e-01,1.273701911466480485e-01,1.267072879062051960e-01,1.260532371648609984e-01,1.254084622689365935e-01,1.247733916579837621e-01,1.241484590246584169e-01,1.235341033725209786e-01,1.229307732194188790e-01,1.223389252219113932e-01,1.217590116036978282e-01,1.211914983329117068e-01,1.206368534890691485e-01,1.200955548922531535e-01,1.195680741459596019e-01,1.190548993888294466e-01,1.185565125956627441e-01,1.180734108933951393e-01,1.176060770653650778e-01,1.171550033237921118e-01,1.167206883861027916e-01,1.163036254551532561e-01,1.159043055428857077e-01,1.155232240223872248e-01,1.151608566825866181e-01,1.148176997522505211e-01,1.144942242711285141e-01,1.141909049568266415e-01,1.139082080526211682e-01,1.136465800136326754e-01,1.134064791536904676e-01,1.131883222890879281e-01,1.129925445122577921e-01,1.128195446656905937e-01,1.126697104329033583e-01,1.125434186967642636e-01,1.124410194149549347e-01,1.123628471746270507e-01,1.123092104264681312e-01,1.122803985202913135e-01,1.122766693351529427e-01,1.122982683699416395e-01,1.123453927953101672e-01,1.124182232867573655e-01,1.125169115534181835e-01,1.126415686065114496e-01,1.127922792378793365e-01,1.129690834484629036e-01,1.131719977406627636e-01,1.134009880310487828e-01,1.136559931844134397e-01,1.139369006688772112e-01,1.142435700074943689e-01,1.145758036950709491e-01,1.149333734019732517e-01,1.153160012245136590e-01,1.157233651185394369e-01,1.161550982655240455e-01,1.166107869436004696e-01,1.170899737552715814e-01,1.175921554089441323e-01,1.181167739259154498e-01,1.186632291245349746e-01,1.192308764977018792e-01,1.198190191828088780e-01,1.204269125292606601e-01,1.210537706638051964e-01,1.216987573613194928e-01,1.223609910368704257e-01,1.230395425057897174e-01,1.237334370292155622e-01,1.244416595496697503e-01,1.251631571072358839e-01,1.258968223605964887e-01,1.266415173501547198e-01,1.273960560097403827e-01,1.281592221076361393e-01,1.289297643833938745e-01,1.297063869618991783e-01,1.304877708111996382e-01,1.312725663474273441e-01,1.320593830071588037e-01,1.328468202241837870e-01,1.336334361821512884e-01,1.344177865750684486e-01,1.351983886421410375e-01,1.359737493716986489e-01,1.367423650602532237e-01,1.375027196562333687e-01,1.382532780183197141e-01,1.389925076523781944e-01,1.397188748816324266e-01,1.404308425659102078e-01,1.411268710478191246e-01,1.418054314686402473e-01,1.424650034894179296e-01,1.431040780409734425e-01,1.437211554621199427e-01,1.443147680437503466e-01,1.448834510650520435e-01,1.454257828224908844e-01,1.459403537886384550e-01,1.464257948002752052e-01,1.468807654253345418e-01,1.473039673702574992e-01,1.476941324321531801e-01,1.480500536989994564e-01
1.952777986854890013e-01,1.957784651101130979e-01,1.961902020326940776e-01,1.965112934605110218e-01,1.967401674586680693e-01,1.968754402708280116e-01,1.969158931680955460e-01,1.968604817091244019e-01,1.967083311000276669e-01,1.964587550262846816e-01,1.961112339189373388e-01,1.956654228334385737e-01,1.951211751553713347e-01,1.944784935911676726e-01,1.937375859431141045e-01,1.928988131714102772e-01,1.919627224435193902e-01,1.909300512887432411e-01,1.898016783930873419e-01,1.885786788083969046e-01,1.872622827151261826e-01,1.858539000184450951e-01,1.843550922705092798e-01,1.827675839851279627e-01,1.810932740893930748e-01,1.793341861513744750e-01,1.774925236003098428e-01,1.755706184745056686e-01,1.735709534348102157e-01,1.714961499048797688e-01,1.693489602262245042e-01,1.671322681253465114e-01,1.648490791932263333e-01,1.625025253770396860e-01,1.600958413885796294e-01,1.576323848475023326e-01,1.551156060319318630e-01,1.525490518406006635e-01,1.499363786660911635e-01,1.472812934647374228e-01,1.445876162235229245e-01,1.418592339751661713e-01,1.391000902064772060e-01,1.363141978183949610e-01,1.335056197209064655e-01,1.306784781478414759e-01,1.278369251156674102e-01,1.249851508841124254e-01,1.221273871598867050e-01,1.192678710944912457e-01,1.164108664745530375e-01,1.135606489508208250e-01,1.107214904171590630e-01,1.078976672355281552e-01,1.050934464184160450e-01,1.023130698206781430e-01,9.956077412896650880e-02,9.684075397701578936e-02,9.415718408115626714e-02,9.151418207066874810e-02,8.891583437232436493e-02,8.636617585286014698e-02,8.386918272488327886e-02,8.142876408206133065e-02,7.904875989143840542e-02,7.673295464175054759e-02,7.448503217665053411e-02,7.230860578677361650e-02,7.020720084391381122e-02,6.818425286034764110e-02,6.624308436155498803e-02,6.438693527758765356e-02,6.261893421873333809e-02,6.094209684529378057e-02,5.935932913374955544e-02,5.787340905272560232e-02,5.648701694469274170e-02,5.520268861248025377e-02,5.402284166602634025e-02,5.294975920890501037e-02,5.198560091658922105e-02,5.113238438990485440e-02,5.039199065689427964e-02,4.976616032214097735e-02,4.925650100696099543e-02,4.886446511263423803e-02,4.859136648338187314e-02,4.843836827482655982e-02,4.840649855545062913e-02,4.849662798069480363e-02,4.870947273532493654e-02,4.904561566344279450e-02,4.950547469931405875e-02,5.008932613124370686e-02,5.079728442329413396e-02,5.162933623423388019e-02,5.258529749186712648e-02,5.366484373083608289e-02,5.486750004790975216e-02,5.619264781252716889e-02,5.763951142154766921e-02,5.920718270853361775e-02,6.089460501559548766e-02,6.270057227828361446e-02,6.462374737177260797e-02,6.666264022325642247e-02,6.881564533124223670e-02,7.108100572246275894e-02,7.345683067332321736e-02,7.594110649022645099e-02,7.853168704474482176e-02,8.122630632756798474e-02,8.402256325474403986e-02,8.691795323656295591e-02,8.990983974382285582e-02,9.299549036210598418e-02,9.617203827204270916e-02,9.943653403159995186e-02,1.027859064150178636e-01,1.062169942575525300e-01,1.097265364199016130e-01,1.133111773454097415e-01,1.169674719666640439e-01,1.206918905534934833e-01,1.244808286804644643e-01,1.283305931227631258e-01,1.322374240168849302e-01,1.361974909371256592e-01,1.402069008678964168e-01,1.442616952750909731e-01,1.483578624634239451e-01,1.524913362323905841e-01,1.566580032959853652e-01,1.608537108821024575e-01,1.650742570768523043e-01,1.693154129009150632e-01,1.735729347139262635e-01,1.778425154130158503e-01,1.821198604913976393e-01,1.864006564284203804e-01,1.906805498118309128e-01,1.949552164178621205e-01,1.992203102835980733e-01,2.034715005413573474e-01,2.077044317507222293e-01,2.119148011448910296e-01,2.160982992112757684e-01,2.202506447035766646e-01,2.243675769488778504e-01,2.284448665274387558e-01,2.324783295767057223e-01,2.364637998084020976e-01,2.403971787897508927e-01,2.442743912023004060e-01,2.480914496805612379e-01,2.518443842859157122e-01,2.555293175149423446e-01,2.591424256599361153e-01,2.626799553828956246e-01,2.661382220605239546e-01,2.695136339981302753e-01,2.728026808124107694e-01,2.760019252080818664e-01,2.791080338335139577e-01,2.821177656079220109e-01,2.850279799366449152e-01,2.878356335739369887e-01,2.905377980347567113e-01,2.931316426697677113e-01,2.956144633255298748e-01,2.979836676275695040e-01,3.002367803229605281e-01,3.023714652377675338e-01,3.043854813114033053e-01,3.062767554745673415e-01,3.080433250219198893e-01,3.096833658504769549e-01,3.111951812933319572e-01,3.125772518889645690e-01,3.138281623383722962e-01,3.149466516171500752e-01,3.159316286607280477e-01,3.167821169208358545e-01,3.174973265152740698e-01,3.180765914718327592e-01,3.185194116166222278e-01,3.188254506719038761e-01,3.189945108278652297e-01,3.190265735004707559e-01,3.189217610679942472e-01,3.186803577782020835e-01,3.183028197253357505e-01,3.177897544166490285e-01,3.171419296364884066e-01,3.163602723420718132e-01,3.154458779023013859e-01,3.143999824982794955e-01,3.132240025368821512e-01,3.119194940592359688e-01,3.104881923046124981e-01,3.089319583659800861e-01,3.072528330011748410e-01,3.054529990868855571e-01,3.035347823250221233e-01,3.015006800311635371e-01,2.993533075176101899e-01,2.970954411142895935e-01,2.947299920021346775e-01,2.922600166679769074e-01,2.896887029473804720e-01,2.870193590465486833e-01,2.842554380406699943e-01,2.814005093981426509e-01,2.784582693426214117e-01,2.754325134490802629e-01,2.723271768957203909e-01,2.691462739107809421e-01,2.658939451796302200e-01,2.625744218464036717e-01,2.591920243940284418e-01,2.557511555299603057e-01,2.522563261335077911e-01,2.487120936509434332e-01,2.451230979017232359e-01,2.414940727912053553e-01,2.378297687740872912e-01,2.341350147286663519e-01,2.304146783707160528e-01,2.266736722622315348e-01,2.229169525092120907e-01,2.191494887581042494e-01,2.153762881279771280e-01,2.116023565109542703e-01,2.078327258437308589e-01,2.040724065695569966e-01,2.003264305913149135e-01,1.965998003959060769e-01,1.928975114340867880e-01,1.892245090356625692e-01,1.855857451209141362e-01,1.819860971843108022e-01,1.784304027054042785e-01,1.749234524355624265e-01,1.714699844376815774e-01,1.680746429329919855e-01,1.647420211324684691e-01,1.614766133118545333e-01,1.582828430467303760e-01,1.551650197551438237e-01,1.521273593218844533e-01,1.491739784019829318e-01,1.463088616164007483e-01,1.435358919919486054e-01,1.408588074753824304e-01,1.382812240250688440e-01,1.358066123780302947e-01,1.334383066031379350e-01,1.311794846333049214e-01,1.290331716097029569e-01,1.270022295562617809e-01,1.250893636067718639e-01,1.232971130600208493e-01,1.216278212214700477e-01,1.200836756207740857e-01,1.186666705017904305e-01,1.173786192820763241e-01,1.162211515528521893e-01,1.151956918137752028e-01,1.143034880854435914e-01,1.135455737922868025e-01,1.129227867472157587e-01,1.124357846716386028e-01,1.120849930031377478e-01,1.118706536319153122e-01,1.117927909555814364e-01,1.118512312116592827e-01,1.120455988674717157e-01,1.123753061284241683e-01,1.128395608794595106e-01,1.134373656872547653e-01,1.141675184994058456e-01,1.150286318643787692e-01,1.160190896936213467e-01,1.171370982322495619e-01,1.183806589363871342e-01,1.197475782944390776e-01,1.212354852711595432e-01,1.228418087830311367e-01,1.245637949986963394e-01,1.263985235233014426e-01,1.283428821792367558e-01,1.303935892200250579e-01,1.325472233367233077e-01,1.348001666356634931e-01,1.371486707689951456e-01,1.395888276657898108e-01,1.421165901972266665e-01,1.447277770425512700e-01,1.474180667310635573e-01,1.501830207132787143e-01,1.530180793503883863e-01,1.559185834989617048e-01,1.588797668911054450e-01,1.618967661710440931e-01,1.649646303466004993e-01,1.680783331556060800e-01,1.712327706596445398e-01,1.744227985542858017e-01,1.776431873434753950e-01,1.808886828806863245e-01,1.841539946184468923e-01,1.874337881673797945e-01,1.907227310800506115e-01,1.940154561417714862e-01,1.973066223099728678e-01,2.005908676487587194e-01,2.038628604338222072e-01,2.071173016657046895e-01,2.103489046229874149e-01,2.135524420462441286e-01,2.167227317478300219e-01,2.198546565431644118e-01,2.229431637759618501e-01,2.259832696235455629e-01,2.289700914893204875e-01,2.318988283258014704e-01,2.347647786004976866e-01,2.375633687326870747e-01,2.402901199098912144e-01,2.429406863633327973e-01,2.455108596061931492e-01,2.479965632730187497e-01,2.503938720148819463e-01,2.526990050439201219e-01,2.549083600121599402e-01,2.570184680260186871e-01,2.590260558743178176e-01,2.609280169814720551e-01,2.627214375337743046e-01,2.644035645754984065e-01,2.659718602858958669e-01,2.674239749172032665e-01,2.687577460253662842e-01,2.699712372933300020e-01,2.710627063484995491e-01,2.720306039529850617e-01,2.728736043973711833e-01,2.735906019045969972e-01,2.741807065169681312e-01,2.746432168596346646e-01,2.749776784022811560e-01,2.751838400699330722e-01,2.752616789742761139e-01,2.752113663888702266e-01,2.750333097990786957e-01,2.747281308348223927e-01,2.742966554335333207e-01,2.737399281417193242e-01,2.730592002013260133e-01,2.722559343484426408e-01,2.713317995355015722e-01,2.702886463053700283e-01,2.691285519017909689e-01,2.678537558072794922e-01,2.664667258597182009e-01,2.649700726147724006e-01,2.633666022560481879e-01,2.616593125369514050e-01,2.598513418683868759e-01,2.579460106044803580e-01,2.559467701607248125e-01,2.538572421816348013e-01,2.516811989019798745e-01,2.494225292091102331e-01,2.470852429725674537e-01,2.446735039455582850e-01,2.421915515857065160e-01,2.396437448816116922e-01,2.370345537786793244e-01,2.343685211295412907e-01,2.316502656958286388e-01,2.288844845968126540e-01,2.260759435544922868e-01,2.232294575357129662e-01,2.203498813922326605e-01,2.174421090443620919e-01,2.145110669476779086e-01,2.115616981454458423e-01,2.085989386891505259e-01,2.056277488289275091e-01,2.026530689401471463e-01,1.996798150747434997e-01,1.967128940648563695e-01,1.937571514514958571e-01,1.908174143228289765e-01,1.878984403463230535e-01,1.850049280009013475e-01,1.821415138106403375e-01,1.793127386740306362e-01,1.765230772842623086e-01,1.737768923113047204e-01,1.710784610186278365e-01,1.684319348440624642e-01,1.658413527820510047e-01,1.633106335820888044e-01,1.608435622020351063e-01,1.584437863464072949e-01,1.561148177285806016e-01,1.538599946838010712e-01,1.516825278557830115e-01,1.495854472659873813e-01,1.475716259820626097e-01,1.456437630316059773e-01,1.438043820622860736e-01,1.420558409051860815e-01,1.404002717689105950e-01,1.388396794559650371e-01,1.373758304566291555e-01,1.360103218158228433e-01,1.347445551002347808e-01,1.335797242599927603e-01,1.325168436229604563e-01,1.315566998704017776e-01,1.306999109722356833e-01,1.299468697562311814e-01,1.292977830582271448e-01,1.287526476273809506e-01
7.002712831765144363e-01,6.995015306762819574e-01,6.987717391609384876e-01,6.980822284339757156e-01,6.974332913089702490e-01,6.968253135067493664e-01,6.962586832150929883e-01,6.957337809707507814e-01,6.952510912605900373e-01,6.948110823083283316e-01,6.944142426977956140e-01,6.940611019749328703e-01,6.937522243674462130e-01,6.934881787789818341e-01,6.932695303194674752e-01,6.930969039165394419e-01,6.929709210780078399e-01,6.928922072054060077e-01,6.928613931903973011e-01,6.928791300915834173e-01,6.929460615171012527e-01,6.930627993340631177e-01,6.932300123482074694e-01,6.934483341488336672e-01,6.937183479989046386e-01,6.940406584012061009e-01,6.944158544180004666e-01,6.948444677297941352e-01,6.953270454318731808e-01,6.958640634015879067e-01,6.964559736086577413e-01,6.971032049318867108e-01,6.978061161809452351e-01,6.985650264405933729e-01,6.993802129870202444e-01,7.002519040897454694e-01,7.011802324851692525e-01,7.021653203626998518e-01,7.032071938349107043e-01,7.043057809478575626e-01,7.054609986953076506e-01,7.066726521699581154e-01,7.079405014325577117e-01,7.092641499359101376e-01,7.106431992161739153e-01,7.120771206385003715e-01,7.135653328177284926e-01,7.151071188543685064e-01,7.167017035692038185e-01,7.183482125124921458e-01,7.200456699771052849e-01,7.217930232595793916e-01,7.235891050234275479e-01,7.254326401637922750e-01,7.273223132489925469e-01,7.292566560484980975e-01,7.312341361503872372e-01,7.332530880822812902e-01,7.353118066817663223e-01,7.374084812993834115e-01,7.395411696594426099e-01,7.417078866192448050e-01,7.439065357714257365e-01,7.461349254321213431e-01,7.483908546666606654e-01,7.506719563376244020e-01,7.529758126385743822e-01,7.552999647383715764e-01,7.576418418866449622e-01,7.599988426221172544e-01,7.623682814748549141e-01,7.647474607550873715e-01,7.671335778348634671e-01,7.695238076667187954e-01,7.719152743723981525e-01,7.743050954199139913e-01,7.766903365456154784e-01,7.790680162921370666e-01,7.814351858932994110e-01,7.837888365138385716e-01,7.861259855963939058e-01,7.884436341975180618e-01,7.907387645735488579e-01,7.930084154268584040e-01,7.952496192292107802e-01,7.974594352548440845e-01,7.996349665587914046e-01,8.017733229746568657e-01,8.038716708767893460e-01,8.059272438161083629e-01,8.079373166374393955e-01,8.098992028929652420e-01,8.118103174584520021e-01,8.136681644738595898e-01,8.154702644434356218e-01,8.172142896028040671e-01,8.188979599995154235e-01,8.205191131815748884e-01,8.220756867143356184e-01,8.235657221074866863e-01,8.249873693406840625e-01,8.263388989356005299e-01,8.276186909721866547e-01,8.288253086062752351e-01,8.299573317910972081e-01,8.310135888954965910e-01,8.319930062992435538e-01,8.328945796061643092e-01,8.337175710764122005e-01,8.344612824451991262e-01,8.351252028882624190e-01,8.357090035069910661e-01,8.362124449590028208e-01,8.366354703549092608e-01,8.369781627986889738e-01,8.372407722538891539e-01,8.374236934062558868e-01,8.375274570591160206e-01,8.375527794542603210e-01,8.375004744598838480e-01,8.373715545978853703e-01,8.371671612961989473e-01,8.368885659893954276e-01,8.365371989547654152e-01,8.361146154278253917e-01,8.356225053412746906e-01,8.350627160437962271e-01,8.344371755562058901e-01,8.337479705801971175e-01,8.329973296468371480e-01,8.321875096895989810e-01,8.313209410227438978e-01,8.304001654266758292e-01,8.294277777391824147e-01,8.284064949111162868e-01,8.273391050369550692e-01,8.262284611930118539e-01,8.250775318366985189e-01,8.238892786409643954e-01,8.226667858304065328e-01,8.214131755780798017e-01,8.201315511426475746e-01,8.188251415142703271e-01,8.174971306838303420e-01,8.161507514282974052e-01,8.147892350446553911e-01,8.134158385547634040e-01,8.120337789444707077e-01,8.106462815641114483e-01,8.092565470053078025e-01,8.078677462692188671e-01,8.064829944974312159e-01,8.051054160181732033e-01,8.037380081358002082e-01,8.023837539703793098e-01,8.010455420638072921e-01,7.997262209841211611e-01,7.984285205390093676e-01,7.971550812701344579e-01,7.959084988277979056e-01,7.946911689541593660e-01,7.935054627014107576e-01,7.923536014646458403e-01,7.912376809692815982e-01,7.901596720253114547e-01,7.891214087908582364e-01,7.881246086726712008e-01,7.871708037698468274e-01,7.862614209902674123e-01,7.853977248075852957e-01,7.845808139310677110e-01,7.838116270280771625e-01,7.830909599442230640e-01,7.824194236734407504e-01,7.817974860457972408e-01,7.812254326373583302e-01,7.807033930351002793e-01,7.802313197630260655e-01,7.798090121710217204e-01,7.794360749262816412e-01,7.791119571957336731e-01,7.788359427957138870e-01,7.786071964734450068e-01,7.784246188896186691e-01,7.782870257931224778e-01,7.781930772043278433e-01,7.781412450972650108e-01,7.781298300194811057e-01,7.781570747653888676e-01,7.782209843667454718e-01,7.783194815871388172e-01,7.784503465596261940e-01,7.786112298754424010e-01,7.787996317546298508e-01,7.790129858969521148e-01,7.792486134815144183e-01,7.795036822650004416e-01,7.797753385179063690e-01,7.800605722044636758e-01,7.803563653333932537e-01,7.806595791879610280e-01,7.809670289085701711e-01,7.812754662507924719e-01,7.815816164736838489e-01,7.818821613512318969e-01,7.821737393101123592e-01,7.824530132135475435e-01,7.827165622607412665e-01,7.829610597807905581e-01,7.831831119941096153e-01,7.833793834341514772e-01,7.835465468251808785e-01,7.836813311287972317e-01,7.837804969675089550e-01,7.838408843022967032e-01,7.838593464288083901e-01,7.838328723400639353e-01,7.837585078691948759e-01,7.836333842955549578e-01,7.834547246600352954e-01,7.832198879610646758e-01,7.829263407516264817e-01,7.825716642190695405e-01,7.821535840189156596e-01,7.816699518763197130e-01,7.811187784027802117e-01,7.804982351700269216e-01,7.798066263528556918e-01,7.790424411264750271e-01,7.782043387672800128e-01,7.772911489570765164e-01,7.763019077329684769e-01,7.752357911900970011e-01,7.740922246236442428e-01,7.728707678933116609e-01,7.715712199345623468e-01,7.701935561222821303e-01,7.687379610137581309e-01,7.672048443761009251e-01,7.655947848801636368e-01,7.639085739806159570e-01,7.621472486847910011e-01,7.603119940887199668e-01,7.584042394809437093e-01,7.564256203769287312e-01,7.543779190156381098e-01,7.522632135921452079e-01,7.500836837039710492e-01,7.478417859343058360e-01,7.455400913680315655e-01,7.431814099986532307e-01,7.407687137511215214e-01,7.383051510753065871e-01,7.357940551898779491e-01,7.332389118915030313e-01,7.306433691250492357e-01,7.280112208596395407e-01,7.253464524288810722e-01,7.226531021820135070e-01,7.199353888528241541e-01,7.171976678264465610e-01,7.144443923098424687e-01,7.116801048621570480e-01,7.089094447055244164e-01,7.061371844022231725e-01,7.033681049664326501e-01,7.006070803245273426e-01,6.978590643814344130e-01,6.951290468887222351e-01,6.924220170123729368e-01,6.897430341603247861e-01,6.870971438436987988e-01,6.844894208542453562e-01,6.819249058074285941e-01,6.794086726774133389e-01,6.769456788573842143e-01,6.745409107348091515e-01,6.721993086445983145e-01,6.699256840074596653e-01,6.677248678043317121e-01,6.656015468638042387e-01,6.635603460336958470e-01,6.616057555011843894e-01,6.597421948572934625e-01,6.579739277989318236e-01,6.563050927982707616e-01,6.547397149243332493e-01,6.532816304723738643e-01,6.519345447451172504e-01,6.507019690553280666e-01,6.495872791013935776e-01,6.485936378584336026e-01,6.477240154899187585e-01,6.469811833991150340e-01,6.463677709414935579e-01,6.458860910972978875e-01,6.455383197374962023e-01,6.453264126370007459e-01,6.452520384617927984e-01,6.453166849975908725e-01,6.455216158981079699e-01,6.458678446154262343e-01,6.463560941704017404e-01,6.469869358630431222e-01,6.477606226045160565e-01,6.486771838041539562e-01,6.497364406639366541e-01,6.509379218326130090e-01,6.522809367316240170e-01,6.537644973634171297e-01,6.553874531522915214e-01,6.571483615576911852e-01,6.590455326894344434e-01,6.610770603111041366e-01,6.632408250533452510e-01,6.655344148893165279e-01,6.679552453049408811e-01,6.705004810995283115e-01,6.731670909033334871e-01,6.759518506074858601e-01,6.788512608089307676e-01,6.818617105384990884e-01,6.849793179499380491e-01,6.882000950293557517e-01,6.915197989977711623e-01,6.949340971209631013e-01,6.984384269160887060e-01,7.020281325370649750e-01,7.056983665671459072e-01,7.094441619506496322e-01,7.132604858243822843e-01,7.171420926867810852e-01,7.210836810205785152e-01,7.250799000317420528e-01,7.291252217900898724e-01,7.332141165577223951e-01,7.373409740875928042e-01,7.415001144158361868e-01,7.456858114291512463e-01,7.498923336748762880e-01,7.541139513655774618e-01,7.583448397972112343e-01,7.625792351865269270e-01,7.668113931878813849e-01,7.710355759257311314e-01,7.752460564855171432e-01,7.794371711886262100e-01,7.836033192346637533e-01,7.877389326183549256e-01,7.918385455229313141e-01,7.958967543757069496e-01,7.999082559616621513e-01,8.038678573259261384e-01,8.077704218973101868e-01,8.116110267125248301e-01,8.153847756979746286e-01,8.190869782464932358e-01,8.227130489364015142e-01,8.262585537800883895e-01,8.297192379898234993e-01,8.330909935704587932e-01,8.363698629961996422e-01,8.395521187529763063e-01,8.426341495568709927e-01,8.456125547592699965e-01,8.484841075973925673e-01,8.512458589799959396e-01,8.538949256813481714e-01,8.564287132087525789e-01,8.588448041516570930e-01,8.611409951315306399e-01,8.633152573488174220e-01,8.653658384735297693e-01,8.672911130520324363e-01,8.690897609863903472e-01,8.707605496786726684e-01,8.723026066569440351e-01,8.737151211337832457e-01,8.749975801628582239e-01,8.761496558211618879e-01,8.771712512476977919e-01,8.780623969335765722e-01,8.788233868830872542e-01,8.794547033927255786e-01,8.799569939453897316e-01,8.803311296613978154e-01,8.805781406569448411e-01,8.806992227863239542e-01,8.806958023556051840e-01,8.805693986999563183e-01,8.803217573025838849e-01,8.799547544064771909e-01,8.794704140645092094e-01,8.788709116382505959e-01,8.781585741534972955e-01,8.773358410783039796e-01,8.764052876211292364e-01,8.753695904694132057e-01,8.742315573991936706e-01,8.729940897516637044e-01,8.716601975311121242e-01,8.702329537301656259e-01,8.687155368580153914e-01,8.671111732360362589e-01,8.654231702511679947e-01,8.636549193550080439e-01,8.618098087766893345e-01,8.598912924756372256e-01,8.579028831328230353e-01,8.558480735531788230e-01,8.537304335463954397e-01,8.515534733860011807e-01,8.493208079361805884e-01,8.470359310630319882e-01,8.447024132027377563e-01,8.423237992375159910e-01,8.399035797031874084e-01,8.374452494885842313e-01,8.349522468753218796e-01,8.324279985844327268e-01,8.298758380695159254e-01,8.272990749460276128e-01,8.247009854927349615e-01,8.220847632997205778e-01,8.194535032274014030e-01,8.168102966734918091e-01,8.141581020806952784e-01
1.514886457383763929e-01,1.518428210067812034e-01,1.522282503134891329e-01,1.526444558619506897e-01,1.530908792217818004e-01,1.535668863192644062e-01,1.540717748981847435e-01,1.546047690281626696e-01,1.551650218725782737e-01,1.557516310207309740e-01,1.563636276121361246e-01,1.569999824976664460e-01,1.576596206002666978e-01,1.583413996252628075e-01,1.590441392642780727e-01,1.597666109241552557e-01,1.605075524110763652e-01,1.612656424140632150e-01,1.620395539756152581e-01,1.628279072659315208e-01,1.636293059747901402e-01,1.644423250455102903e-01,1.652655261000848252e-01,1.660974544706003975e-01,1.669366385417817011e-01,1.677816019522086755e-01,1.686308689665575178e-01,1.694829648422596091e-01,1.703364063971783138e-01,1.711897279610098965e-01,1.720414790489951662e-01,1.728902049923655426e-01,1.737344891978941375e-01,1.745729301202385841e-01,1.754041466835132845e-01,1.762267957842418020e-01,1.770395494695896355e-01,1.778411270835661973e-01,1.786302843857468514e-01,1.794058067821704960e-01,1.801665362486660760e-01,1.809113583884563725e-01,1.816391831506520005e-01,1.823490037076265224e-01,1.830398343030176511e-01,1.837107661383534929e-01,1.843609293505537039e-01,1.849895254207345741e-01,1.855957984515818060e-01,1.861790603689466583e-01,1.867386827921923009e-01,1.872740930969242212e-01,1.877847853036222758e-01,1.882703223161166783e-01,1.887303089252485855e-01,1.891644361919802841e-01,1.895724391840446499e-01,1.899541324727025693e-01,1.903093764597857118e-01,1.906381067746972802e-01,1.909403143354979349e-01,1.912160459754925768e-01,1.914654094401806450e-01,1.916885816724828162e-01,1.918857765697141171e-01,1.920572860761932676e-01,1.922034389757105999e-01,1.923246134110169758e-01,1.924212562612897803e-01,1.924938508517979596e-01,1.925429204014032503e-01,1.925690501726561032e-01,1.925728439066710929e-01,1.925549691224172355e-01,1.925161142026678707e-01,1.924570027421148577e-01,1.923783979606422667e-01,1.922810908632143767e-01,1.921658892770466698e-01,1.920336318804672371e-01,1.918851886800885254e-01,1.917214327062491397e-01,1.915432450938678866e-01,1.913515512358152648e-01,1.911472573424741195e-01,1.909312813763494598e-01,1.907045614004681533e-01,1.904680157635053328e-01,1.902225731292627176e-01,1.899691565447342023e-01,1.897086860204985348e-01,1.894420605643967193e-01,1.891701752480758059e-01,1.888939130621233309e-01,1.886141266137515426e-01,1.883316735733820413e-01,1.880473652633920523e-01,1.877620019504715188e-01,1.874763508161503833e-01,1.871911638741302342e-01,1.869071485993301085e-01,1.866249892385479503e-01,1.863453381278403487e-01,1.860687998341313820e-01,1.857959670074946223e-01,1.855273774412018739e-01,1.852635279601513307e-01,1.850048953284516573e-01,1.847518938091198271e-01,1.845049058000763909e-01,1.842642771806785595e-01,1.840303108836297274e-01,1.838032584807017811e-01,1.835833394373763972e-01,1.833707247103937288e-01,1.831655400561654490e-01,1.829678870543978153e-01,1.827778005034624842e-01,1.825952925094507240e-01,1.824203282355965350e-01,1.822528259058169564e-01,1.820926833626114738e-01,1.819397470495874858e-01,1.817938196915088733e-01,1.816546866254394044e-01,1.815220906471723683e-01,1.813957366072498356e-01,1.812753076249274675e-01,1.811604510618719799e-01,1.810507844630377394e-01,1.809459050339825015e-01,1.808453885234133085e-01,1.807487772203911769e-01,1.806555974576956880e-01,1.805653688012884561e-01,1.804775765141312383e-01,1.803917004483811815e-01,1.803072105099497724e-01,1.802235611679179894e-01,1.801402063235559570e-01,1.800565875363249468e-01,1.799721419523905297e-01,1.798863163568815704e-01,1.797985542706816708e-01,1.797082874545839759e-01,1.796149744176705199e-01,1.795180737466325060e-01,1.794170447396717105e-01,1.793113710775512681e-01,1.792005407925784111e-01,1.790840616288937870e-01,1.789614552126739255e-01,1.788322677268142924e-01,1.786960594537911062e-01,1.785524210995809713e-01,1.784009531045520347e-01,1.782412913729960746e-01,1.780730994140655443e-01,1.778960646180631211e-01,1.777098969828065922e-01,1.775143493267807293e-01,1.773091939104075310e-01,1.770942329820205385e-01,1.768693180618378935e-01,1.766343089517696252e-01,1.763891122288571700e-01,1.761336648780590375e-01,1.758679430430460655e-01,1.755919373950176054e-01,1.753056947932800091e-01,1.750092737895141970e-01,1.747027850822977790e-01,1.743863568311096179e-01,1.740601506054978709e-01,1.737243626215396741e-01,1.733792130703316892e-01,1.730249633914468232e-01,1.726618840737318139e-01,1.722902903427544485e-01,1.719105059497362531e-01,1.715228817269502937e-01,1.711278141637114780e-01,1.707256867332409278e-01,1.703169153865380370e-01,1.699019406937439802e-01,1.694812139718257504e-01,1.690551810588111215e-01,1.686243424087685849e-01,1.681891580077655712e-01,1.677501310308876781e-01,1.673077593658739981e-01,1.668625320258362854e-01,1.664149589369460225e-01,1.659655374680601148e-01,1.655147555616643673e-01,1.650631133075226575e-01,1.646110807831789313e-01,1.641591421783103744e-01,1.637077441218287299e-01,1.632573397542589899e-01,1.628083542057233435e-01,1.623611847150129295e-01,1.619162351467308969e-01,1.614738643801532092e-01,1.610343990778255185e-01,1.605981652421616668e-01,1.601654458599106323e-01,1.597364864836786358e-01,1.593115119793888923e-01,1.588907074387406748e-01,1.584742209853738926e-01,1.580621744285407859e-01,1.576546381316547008e-01,1.572516572952981362e-01,1.568532198014530032e-01,1.564592906199559486e-01,1.560697773291786494e-01,1.556845589633804317e-01,1.553034601809068771e-01,1.549262618715659678e-01,1.545527226289467870e-01,1.541825264589175015e-01,1.538153326713601332e-01,1.534507550678808896e-01,1.530883636873910658e-01,1.527276784973701229e-01,1.523681944782624420e-01,1.520093458004507792e-01,1.516505351493959985e-01,1.512911334455534218e-01,1.509304680963652612e-01,1.505678242867430350e-01,1.502024581452641450e-01,1.498335997533071506e-01,1.494604284546759421e-01,1.490821167957331328e-01,1.486977921775936851e-01,1.483065720190724912e-01,1.479075338991160116e-01,1.474997535344413080e-01,1.470822730435220604e-01,1.466541338690602048e-01,1.462143484441616459e-01,1.457619329435208833e-01,1.452958950191666487e-01,1.448152279090837991e-01,1.443189374059233865e-01,1.438060339283928346e-01,1.432755173618145139e-01,1.427264023834666495e-01,1.421577231917492135e-01,1.415685282220442709e-01,1.409578702864660582e-01,1.403248459973766016e-01,1.396685613104353962e-01,1.389881538470948696e-01,1.382827891714602242e-01,1.375516785035064415e-01,1.367940633527228722e-01,1.360092238851381974e-01,1.351964964055109852e-01,1.343552516861841462e-01,1.334849093980640944e-01,1.325849555730894136e-01,1.316549200330582314e-01,1.306944009861926437e-01,1.297030431615365242e-01,1.286805707724924253e-01,1.276267643963263088e-01,1.265414732526287944e-01,1.254246195822030507e-01,1.242761879436653227e-01,1.230962582460471272e-01,1.218849566791127270e-01,1.206425078686057945e-01,1.193692035780949956e-01,1.180654177245503283e-01,1.167316057893746650e-01,1.153682973433136222e-01,1.139761127293204557e-01,1.125557466998204220e-01,1.111079749586806331e-01,1.096336491540364499e-01,1.081337201784339508e-01,1.066092017296729616e-01,1.050611964529542391e-01,1.034908831581197869e-01,1.018995140355435092e-01,1.002884242581911362e-01,9.865902781252934572e-02,9.701280273028803358e-02,9.535129701609744435e-02,9.367614045108138554e-02,9.198902282226700811e-02,9.029169332217229504e-02,8.858597474388775483e-02,8.687374520927865218e-02,8.515693307905100595e-02,8.343752624963979292e-02,8.171755597428922990e-02,7.999910705668805688e-02,7.828431069982329238e-02,7.657532614209604238e-02,7.487434701002614046e-02,7.318361453958931173e-02,7.150537985474436642e-02,6.984191899162056627e-02,6.819553551349845366e-02,6.656854642571762015e-02,6.496326945431647737e-02,6.338202712846706388e-02,6.182714742105251127e-02,6.030095948894181879e-02,5.880577413613218701e-02,5.734389071831506174e-02,5.591758928863491129e-02,5.452912967997835397e-02,5.318073816824985672e-02,5.187461393482488414e-02,5.061291740925171617e-02,4.939776570861034721e-02,4.823122791685699462e-02,4.711532411561446948e-02,4.605201106155044216e-02,4.504319695104107291e-02,4.409072250685170530e-02,4.319635182053934569e-02,4.236178360750933458e-02,4.158863286534325576e-02,4.087843776660517875e-02,4.023266237711624338e-02,3.965266379562090715e-02,3.913972066406785910e-02,3.869501481455524250e-02,3.831962744045291913e-02,3.801454073649333798e-02,3.778063677790845232e-02,3.761869262580077450e-02,3.752937195268161996e-02,3.751323486328028700e-02,3.757072663015802866e-02,3.770218138947799974e-02,3.790781873814280667e-02,3.818774468519413323e-02,3.854194573007613950e-02,3.897029331387730916e-02,3.947254565955699013e-02,4.004833502487493285e-02,4.069718430359424433e-02,4.141849442704034767e-02,4.221155928963171711e-02,4.307554640501610327e-02,4.400951531892025731e-02,4.501241133153582874e-02,4.608307009369371626e-02,4.722021478348576579e-02,4.842246171193695381e-02,4.968832861109515053e-02,5.101622779921384521e-02,5.240446083308391428e-02,5.385124827459877167e-02,5.535471113086171818e-02,5.691287498512634380e-02,5.852369108058533970e-02,6.018501631680993336e-02,6.189463000031356077e-02,6.365024674499115964e-02,6.544949701640102868e-02,6.728995182830327382e-02,6.916913166747630515e-02,7.108447780093379853e-02,7.303338962681575619e-02,7.501323033326448564e-02,7.702130693739428491e-02,7.905489194150691623e-02,8.111123382026849682e-02,8.318754774028173926e-02,8.528102896131706245e-02,8.738886324994439569e-02,8.950821662555895342e-02,9.163625288178561812e-02,9.377014635785542451e-02,9.590706435253699980e-02,9.804419386215211529e-02,1.001787378394346506e-01,1.023079184978488987e-01,1.044289862526759510e-01,1.065392355738155189e-01,1.086359775530709865e-01,1.107165904704672105e-01,1.127784806469452755e-01,1.148191187060951524e-01,1.168360320940792230e-01,1.188268094891873627e-01,1.207891043633291528e-01,1.227206420694898215e-01,1.246192334664200513e-01,1.264827507481692814e-01,1.283091656559590399e-01,1.300965265350192135e-01,1.318429816659120180e-01,1.335467599765218505e-01,1.352062008507046720e-01,1.368197342115913262e-01,1.383858962857857366e-01,1.399033271780423249e-01,1.413707712838641328e-01,1.427870792527423660e-01,1.441512236261134894e-01,1.454622799864799254e-01,1.467194291745329005e-01,1.479219813566104991e-01,1.490693486441121707e-01,1.501610710555539296e-01,1.511967851254333861e-01,1.521762559899601797e-01,1.530993645566713079e-01,1.539660945487817678e-01,1.547765490792724075e-01,1.555309473467532955e-01,1.562296155442827184e-01,1.568729826970982899e-01,1.574615932771979421e-01,1.579961002011270044e-01,1.584772479552423174e-01,1.589058953568677213e-01,1.592829802317172472e-01
4.319748048843858879e-01,4.334176394136477484e-01,4.347257290634099491e-01,4.358980425325748587e-01,4.369337816964756760e-01,4.378324285187711884e-01,4.385937129071657559e-01,4.392176139598630846e-01,4.397043687411290591e-01,4.400544673296352127e-01,4.402686309185369629e-01,4.403478265207025344e-01,4.402932646801059335e-01,4.401063658345475416e-01,4.397888004889090596e-01,4.393424412920928779e-01,4.387693751124186470e-01,4.380718985417226263e-01,4.372525169745328788e-01,4.363138890966692940e-01,4.352589006199704680e-01,4.340905861105646135e-01,4.328121582070975637e-01,4.314269716635290575e-01,4.299385505250558071e-01,4.283505381925400979e-01,4.266667144087817332e-01,4.248909959022977301e-01,4.230273894181215133e-01,4.210799987687207091e-01,4.190530387570343684e-01,4.169507902822672252e-01,4.147776070713696805e-01,4.125379102077924021e-01,4.102361581785566869e-01,4.078768751502340750e-01,4.054645715427605546e-01,4.030038222103770607e-01,4.004991882428097782e-01,3.979552469463885633e-01,3.953765582851693217e-01,3.927676491321979158e-01,3.901330507241479451e-01,3.874772376912039573e-01,3.848046382395148290e-01,3.821196276967187000e-01,3.794265397241203264e-01,3.767296029868538176e-01,3.740330094715484943e-01,3.713408130842335564e-01,3.686570345194584708e-01,3.659855431199012799e-01,3.633301329666737689e-01,3.606944870000170500e-01,3.580821484434610902e-01,3.554965526184797331e-01,3.529410264795679875e-01,3.504187155364998363e-01,3.479326747241316964e-01,3.454857898878435085e-01,3.430808253715970646e-01,3.407203848873740504e-01,3.384069201813424965e-01,3.361427341289375259e-01,3.339300000396467905e-01,3.317706957901011000e-01,3.296666692792639131e-01,3.276196109699198167e-01,3.256310531013885123e-01,3.237023759571546755e-01,3.218347933747938150e-01,3.200293709639157602e-01,3.182870308023642014e-01,3.166085373833814609e-01,3.149944930488890460e-01,3.134453861101506034e-01,3.119615260632442877e-01,3.105431082378540264e-01,3.091901672369175569e-01,3.079026432740637476e-01,3.066802920110708319e-01,3.055227881305687676e-01,3.044296753546264500e-01,3.034003625860103304e-01,3.024341664033660670e-01,3.015302917603849275e-01,3.006878391021355901e-01,2.999058188131807356e-01,2.991831411706074029e-01,2.985186411977385768e-01,2.979110601402799041e-01,2.973590884499567877e-01,2.968613232282650283e-01,2.964163188719997621e-01,2.960225658999194320e-01,2.956784949799971529e-01,2.953825068827409250e-01,2.951329559774846789e-01,2.949281628479212269e-01,2.947664286222398400e-01,2.946460135491579813e-01,2.945651885509932288e-01,2.945221859875294390e-01,2.945152515043782948e-01,2.945426139456801540e-01,2.946025333804983548e-01,2.946932379684905623e-01,2.948130151766921170e-01,2.949601277968220137e-01,2.951328927020961945e-01,2.953296394917355738e-01,2.955487192104528926e-01,2.957885467573154181e-01,2.960475323959830818e-01,2.963241511023952390e-01,2.966169331659957997e-01,2.969244233060201466e-01,2.972452316056206634e-01,2.975780110545372947e-01,2.979214711367329516e-01,2.982743820308703664e-01,2.986355471298689501e-01,2.990038467507295517e-01,2.993782096175260921e-01,2.997576060187244762e-01,3.001410892742296666e-01,3.005277463031250096e-01,3.009167419975020685e-01,3.013072766558588245e-01,3.016986161602528416e-01,3.020900884841535849e-01,3.024810522169982252e-01,3.028709320766524438e-01,3.032592141008784714e-01,3.036454111077987461e-01,3.040290951958664611e-01,3.044098686022577160e-01,3.047873953203332764e-01,3.051613698426593468e-01,3.055315126827520267e-01,3.058975978742583535e-01,3.062594169590764914e-01,3.066167891287029379e-01,3.069695598750405430e-01,3.073176135299634515e-01,3.076608309379322836e-01,3.079991173701076557e-01,3.083323974239792764e-01,3.086605876885825106e-01,3.089836379165188940e-01,3.093014634911801508e-01,3.096140321821796437e-01,3.099212527339138545e-01,3.102230632355263973e-01,3.105193895647612168e-01,3.108101252041250429e-01,3.110951678440632140e-01,3.113744047298740991e-01,3.116476709153687130e-01,3.119148191302067441e-01,3.121756547950385041e-01,3.124299522854927513e-01,3.126774742458618417e-01,3.129179445358674094e-01,3.131510523624178588e-01,3.133764629482249098e-01,3.135937960947967618e-01,3.138026580612586214e-01,3.140025898837580653e-01,3.141931027537063215e-01,3.143737002701408878e-01,3.145438212935168787e-01,3.147028750152830456e-01,3.148502411150630453e-01,3.149852500068672234e-01,3.151072168714760258e-01,3.152154074746085222e-01,3.153090602319823521e-01,3.153874006683578535e-01,3.154496004765212636e-01,3.154948082201899373e-01,3.155221624032581995e-01,3.155307925068551733e-01,3.155197649968474738e-01,3.154881699075098300e-01,3.154350710679894587e-01,3.153595119535239633e-01,3.152605480809835270e-01,3.151372256205713929e-01,3.149885967545790755e-01,3.148137038627596418e-01,3.146116135032401284e-01,3.143813914098781415e-01,3.141221442285239140e-01,3.138329686864535506e-01,3.135130147412982793e-01,3.131614504805340093e-01,3.127774787733208495e-01,3.123603442109995632e-01,3.119093295240714658e-01,3.114237886976763403e-01,3.109030980668593958e-01,3.103466932047919680e-01,3.097541061103090132e-01,3.091248941077779366e-01,3.084587114072138703e-01,3.077552681683118352e-01,3.070143744752431569e-01,3.062359030152297934e-01,3.054198152984747838e-01,3.045661789233489736e-01,3.036751292774509392e-01,3.027469096633092493e-01,3.017818696241627019e-01,3.007804591906754199e-01,2.997432265414640695e-01,2.986708162521109489e-01,2.975640034767941811e-01,2.964236623159486328e-01,2.952507724619217733e-01,2.940464406465855274e-01,2.928118833617484040e-01,2.915484144683793133e-01,2.902574955004689761e-01,2.889406666118496392e-01,2.875996098182942440e-01,2.862361020636968179e-01,2.848520455753584257e-01,2.834494338352978038e-01,2.820304029788408551e-01,2.805971639992275724e-01,2.791520489488339973e-01,2.776974791971213996e-01,2.762359878493271803e-01,2.747701960645653196e-01,2.733028119080265217e-01,2.718366413244954760e-01,2.703745657970417771e-01,2.689195303554895999e-01,2.674745878405975774e-01,2.660428188721949971e-01,2.646273855390953167e-01,2.632315079253093049e-01,2.618584492961300025e-01,2.605115012911789485e-01,2.591940262579379706e-01,2.579093755110302699e-01,2.566609499584007192e-01,2.554521367574199009e-01,2.542863701730727066e-01,2.531670350836454086e-01,2.520975432792137982e-01,2.510812699179734708e-01,2.501215815450368307e-01,2.492217836709765821e-01,2.483851690564188863e-01,2.476149529203715283e-01,2.469143105563879337e-01,2.462863401263289398e-01,2.457340761254498407e-01,2.452604475381517934e-01,2.448683127730316156e-01,2.445604061464175805e-01,2.443393836156333987e-01,2.442077577167901248e-01,2.441679245570445300e-01,2.442221534990188236e-01,2.443725749396177260e-01,2.446211515521147239e-01,2.449697154600813387e-01,2.454199407363015784e-01,2.459733042297532479e-01,2.466311380357049665e-01,2.473945910105448676e-01,2.482646101135048966e-01,2.492419720965633745e-01,2.503272351852305344e-01,2.515207966991389044e-01,2.528228106968078981e-01,2.542332425874231916e-01,2.557518431881424248e-01,2.573781546612596838e-01,2.591115013016994095e-01,2.609509863307325483e-01,2.628955050745546695e-01,2.649437129934352209e-01,2.670940802243385037e-01,2.693448063013436644e-01,2.716939191287416344e-01,2.741392015379983116e-01,2.766782427469865469e-01,2.793083835198176823e-01,2.820267741857707677e-01,2.848303634903830983e-01,2.877158798214247692e-01,2.906798617076526425e-01,2.937186318052760203e-01,2.968283466942732707e-01,3.000049621894731455e-01,3.032442586264731954e-01,3.065418420449483872e-01,3.098931484914760892e-01,3.132934769855439949e-01,3.167379466234327423e-01,3.202215375866321323e-01,3.237391231661335134e-01,3.272854305087106730e-01,3.308550738527928359e-01,3.344425658716849714e-01,3.380423239485387810e-01,3.416486743718525898e-01,3.452558796253998863e-01,3.488581359101757262e-01,3.524495830564790544e-01,3.560243345353111821e-01,3.595764517760113854e-01,3.631000015303078032e-01,3.665890414405704179e-01,3.700376214851513468e-01,3.734398312050505875e-01,3.767897861422524475e-01,3.800816360826088647e-01,3.833095972625235048e-01,3.864679492518397486e-01,3.895510675715488924e-01,3.925533910059438303e-01,3.954694914294190067e-01,3.982940477854886030e-01,4.010218540240781393e-01,4.036478803340742272e-01,4.061672082370675896e-01,4.085750971305015522e-01,4.108669999512952753e-01,4.130385216398223536e-01,4.150854818912222410e-01,4.170038853124471423e-01,4.187899769774018344e-01,4.204402056243690677e-01,4.219512576623770106e-01,4.233200488191951605e-01,4.245437596694653370e-01,4.256198185931021616e-01,4.265458988708952792e-01,4.273199728033518774e-01,4.279402567722051520e-01,4.284052662986591042e-01,4.287137815001355601e-01,4.288648898834598877e-01,4.288579646083674479e-01,4.286926588633821478e-01,4.283689263277344339e-01,4.278870320402382021e-01,4.272475287465264948e-01,4.264512719998328483e-01,4.254994093235681674e-01,4.243933990667153600e-01,4.231349744171019611e-01,4.217261865528625919e-01,4.201693683336815699e-01,4.184671354410944843e-01,4.166224045747148885e-01,4.146383519172969767e-01,4.125184284280382641e-01,4.102663762026611538e-01,4.078861751776027833e-01,4.053820857770876751e-01,4.027585765134398810e-01,4.000203975383483379e-01,3.971725110764585120e-01,3.942200909633302719e-01,3.911685351007630485e-01,3.880234486017031248e-01,3.847906265671692250e-01,3.814760295408072266e-01,3.780857967233818839e-01,3.746262330370377369e-01,3.711037650203591887e-01,3.675249908875768967e-01,3.638965814027803058e-01,3.602253487107621721e-01,3.565181863061277490e-01,3.527820669085530159e-01,3.490240377548715633e-01,3.452511839210333222e-01,3.414706369668366048e-01,3.376895487238980587e-01,3.339150947505101774e-01,3.301544251545506237e-01,3.264146909942328145e-01,3.227029836231403159e-01,3.190263875127460347e-01,3.153918898151181205e-01,3.118064202161140996e-01,3.082768103527466774e-01,3.048097998038127310e-01,3.014119983707141404e-01,2.980899054315077623e-01,2.948498613454471062e-01,2.916980527210206731e-01,2.886404957962278028e-01,2.856830634620877718e-01,2.828313770186068887e-01,2.800908937574833613e-01,2.774668602676677587e-01,2.749642830661691573e-01,2.725879401741341246e-01,2.703423695247975655e-01,2.682318645343220731e-01,2.662604391373847301e-01,2.644318507229979076e-01,2.627495910651415079e-01,2.612168403051639554e-01,2.598365289445683235e-01,2.586112675006582151e-01,2.575433748868989348e-01,2.566348688623962815e-01,2.558874639999013101e-01,2.553025457710940138e-01,2.548812289504953088e-01,2.546242609841368743e-01,2.545321231028686015e-01,2.546049536468854568e-01,2.548426031870227315e-01,2.552445661085803730e-01,2.558100666509549592e-01,2.565380014172082279e-01,2.574269660519639125e-01
1.270179952337270879e-01,1.284126750354470936e-01,1.298122953192086260e-01,1.312148714601542865e-01,1.326184022071200397e-01,1.340208615954968374e-01,1.354202007931470386e-01,1.368143555622429175e-01,1.382012655773616205e-01,1.395788375905122336e-01,1.409449986012271672e-01,1.422976630355589356e-01,1.436347521263299232e-01,1.449541970071889785e-01,1.462539376520886614e-01,1.475319359228737803e-01,1.487861720946486999e-01,1.500146475430054471e-01,1.512153923185728666e-01,1.523864764200274502e-01,1.535259968837446587e-01,1.546320959488030056e-01,1.557029615023957370e-01,1.567368219427134057e-01,1.577319633958944034e-01,1.586867252811213491e-01,1.595995083318636487e-01,1.604687700103825110e-01,1.612930370954828996e-01,1.620709046360515881e-01,1.628010375398948328e-01,1.634821779993629320e-01,1.641131463661905099e-01,1.646928363729186218e-01,1.652202338696532602e-01,1.656944024531525617e-01,1.661145006390197798e-01,1.664797685585799325e-01,1.667895442312657406e-01,1.670432498985355285e-01,1.672404151427512309e-01,1.673806535063163681e-01,1.674636832795720620e-01,1.674893161601222202e-01,1.674574701342573524e-01,1.673681467155707647e-01,1.672214664371532988e-01,1.670176307520228609e-01,1.667569597918810986e-01,1.664398608635657695e-01,1.660668397051829615e-01,1.656385017039138929e-01,1.651555601951973651e-01,1.646188113664306119e-01,1.640291513758550257e-01,1.633875673074407231e-01,1.626951438217827117e-01,1.619530526827526185e-01,1.611625498395532208e-01,1.603249833092304788e-01,1.594417791179320310e-01,1.585144486054053947e-01,1.575445726826632808e-01,1.565338129322262906e-01,1.554839058671468599e-01,1.543966529007645971e-01,1.532739195232979135e-01,1.521176282373400968e-01,1.509297654573201197e-01,1.497123751610273945e-01,1.484675399146927477e-01,1.471973994812116326e-01,1.459041289859012158e-01,1.445899386445889945e-01,1.432570774521618184e-01,1.419078239873635683e-01,1.405444740169833062e-01,1.391693512465669857e-01,1.377847855920579512e-01,1.363931281955720887e-01,1.349967290042737855e-01,1.335979379065912187e-01,1.321991101812788338e-01,1.308025836601617309e-01,1.294106915282495218e-01,1.280257407247279156e-01,1.266500263972210327e-01,1.252858149371664509e-01,1.239353384756494564e-01,1.226007952462308537e-01,1.212843470622494008e-01,1.199881120232482029e-01,1.187141577434196321e-01,1.174645044080693534e-01,1.162411111909359834e-01,1.150458838675369050e-01,1.138806615990368143e-01,1.127472228750757977e-01,1.116472653880098004e-01,1.105824251472009995e-01,1.095542568729070548e-01,1.085642371920509386e-01,1.076137647165889555e-01,1.067041430385336498e-01,1.058366024630674335e-01,1.050122801315752641e-01,1.042322172237994948e-01,1.034973688607998404e-01,1.028085921767870614e-01,1.021666555380192631e-01,1.015722212381243439e-01,1.010258646827105616e-01,1.005280537855945816e-01,1.000791607202535932e-01,9.967946085298773351e-02,9.932913455357691990e-02,9.902824750212482763e-02,9.877678411064938491e-02,9.857462259517642267e-02,9.842154170468837837e-02,9.831722922233239459e-02,9.826127531177693275e-02,9.825317145599715696e-02,9.829232583259180089e-02,9.837804992023915784e-02,9.850956627664876619e-02,9.868601423909889592e-02,9.890644325588103525e-02,9.916982866316746692e-02,9.947505927362637612e-02,9.982095294841038247e-02,1.002062472167817159e-01,1.006296182085235080e-01,1.010896698443951025e-01,1.015849402056854117e-01,1.021139105879983466e-01,1.026750068435850899e-01,1.032665949751452317e-01,1.038870013081862331e-01,1.045344986042071184e-01,1.052073241587445501e-01,1.059036761013790323e-01,1.066217171034477551e-01,1.073595854711740932e-01,1.081153924167116698e-01,1.088872266241461551e-01,1.096731659309157086e-01,1.104712721413255855e-01,1.112795988629956823e-01,1.120962000422041221e-01,1.129191254129929267e-01,1.137464397519146742e-01,1.145762024704547466e-01,1.154064990268716812e-01,1.162354254620460020e-01,1.170611043854980493e-01,1.178816829673963590e-01,1.186953346976770129e-01,1.195002673471833171e-01,1.202947285654053233e-01,1.210770010457300760e-01,1.218454216069195239e-01,1.225983601460328420e-01,1.233342503919570565e-01,1.240515744371509799e-01,1.247488691992875709e-01,1.254247360097348052e-01,1.260778330114443735e-01,1.267068854381253606e-01,1.273106876184790237e-01,1.278880985225487044e-01,1.284380506887826678e-01,1.289595503961098455e-01,1.294516778748529551e-01,1.299135909189823856e-01,1.303445188973784974e-01,1.307437749664554782e-01,1.311107551691155781e-01,1.314449243765134501e-01,1.317458375151764893e-01,1.320131248680684599e-01,1.322465036591794207e-01,1.324457653061746343e-01,1.326107878412336738e-01,1.327415267194684834e-01,1.328380151563144651e-01,1.329003717877579871e-01,1.329287876719248140e-01,1.329235327035911129e-01,1.328849515058237729e-01,1.328134646114560169e-01,1.327095653986828938e-01,1.325738142695070121e-01,1.324068492098390282e-01,1.322093652559666599e-01,1.319821281892955833e-01,1.317259616166022718e-01,1.314417536800887853e-01,1.311304502036903241e-01,1.307930476463346203e-01,1.304305967479324202e-01,1.300441970738965558e-01,1.296349935932139541e-01,1.292041729990666410e-01,1.287529676241948584e-01,1.282826399299809017e-01,1.277944881943852418e-01,1.272898411901955129e-01,1.267700533618325298e-01,1.262365085669772680e-01,1.256905983540634597e-01,1.251337440119293376e-01,1.245673683068591192e-01,1.239929150214359455e-01,1.234118262564196239e-01,1.228255507171491234e-01,1.222355349920101059e-01,1.216432186064993620e-01,1.210500406089345254e-01,1.204574302844464012e-01,1.198667991185390080e-01,1.192795368500305375e-01,1.186970261851983122e-01,1.181206187954250281e-01,1.175516433421687906e-01,1.169913952648834743e-01,1.164411456160818065e-01,1.159021317258707440e-01,1.153755477697092496e-01,1.148625569209390379e-01,1.143642753576676607e-01,1.138817785776540664e-01,1.134161035546444457e-01,1.129682285747133363e-01,1.125390913417149003e-01,1.121295767160494367e-01,1.117405150612968273e-01,1.113726883775476711e-01,1.110268244887493566e-01,1.107035916345629478e-01,1.104036023457276861e-01,1.101274154649324183e-01,1.098755293810014660e-01,1.096483856257565448e-01,1.094463636792930988e-01,1.092697876017156150e-01,1.091189243079278975e-01,1.089939736459921704e-01,1.088950887960047353e-01,1.088223573004381550e-01,1.087758106717421347e-01,1.087554242632291918e-01,1.087611144032206295e-01,1.087927417339317748e-01,1.088501216977010994e-01,1.089330053194681597e-01,1.090410988625934857e-01,1.091740544481534098e-01,1.093314719752415398e-01,1.095129181081490044e-01,1.097178964933763212e-01,1.099458716764973032e-01,1.101962773454265992e-01,1.104684873035305659e-01,1.107618545939984128e-01,1.110756838037038063e-01,1.114092534929347483e-01,1.117618078307926754e-01,1.121325542376074569e-01,1.125206846597973237e-01,1.129253532289088979e-01,1.133457006148428925e-01,1.137808429925774717e-01,1.142298755143953265e-01,1.146918848467465279e-01,1.151659344196064444e-01,1.156510813843096980e-01,1.161463739723556238e-01,1.166508516319948868e-01,1.171635512163430870e-01,1.176835045531801904e-01,1.182097511264406653e-01,1.187413165441653234e-01,1.192772452494486185e-01,1.198165841260597775e-01,1.203583905169485213e-01,1.209017214081880426e-01,1.214456593434845577e-01,1.219892897936614429e-01,1.225317218299207533e-01,1.230720778639918245e-01,1.236095034632651302e-01,1.241431576433020822e-01,1.246722207551225758e-01,1.251959109650531143e-01,1.257134519464968847e-01,1.262241040445719054e-01,1.267271517502343292e-01,1.272219049104836852e-01,1.277077025480367611e-01,1.281839155881302761e-01,1.286499407971671005e-01,1.291052072108368753e-01,1.295491767364847502e-01,1.299813349862069534e-01,1.304012046554675897e-01,1.308083408548052218e-01,1.312023254643983339e-01,1.315827767649132840e-01,1.319493400729210009e-01,1.323016940830188393e-01,1.326395428965487233e-01,1.329626283065282188e-01,1.332707253845545337e-01,1.335636237496996559e-01,1.338411540537767785e-01,1.341031721190176773e-01,1.343495527066752293e-01,1.345802134659420390e-01,1.347950840381842430e-01,1.349941176294234546e-01,1.351773036139781725e-01,1.353446397264206624e-01,1.354961566605258072e-01,1.356318943542945687e-01,1.357519190830714373e-01,1.358563169219646760e-01,1.359451807443614602e-01,1.360186273143643154e-01,1.360767840875264090e-01,1.361197958542860464e-01,1.361478126918282128e-01,1.361609974671491030e-01,1.361595235131222159e-01,1.361435711274307236e-01,1.361133275624183958e-01,1.360689884425492768e-01,1.360107465939030535e-01,1.359388063849933659e-01,1.358533642449660794e-01,1.357546333229891211e-01,1.356428062633879827e-01,1.355180972226403546e-01,1.353806973262396685e-01,1.352308128340213023e-01,1.350686340772669913e-01,1.348943556706136970e-01,1.347081615504457375e-01,1.345102325333966120e-01,1.343007440947502351e-01,1.340798612533235235e-01,1.338477491637403705e-01,1.336045592948637006e-01,1.333504407318811258e-01,1.330855312655739586e-01,1.328099619616944504e-01,1.325238551408744747e-01,1.322273260537072392e-01,1.319204871877205087e-01,1.316034292773009817e-01,1.312762540963674507e-01,1.309390440479276385e-01,1.305918812855943745e-01,1.302348396073436665e-01,1.298679870583615004e-01,1.294913826316973215e-01,1.291050934017384522e-01,1.287091719092788855e-01,1.283036761878806331e-01,1.278886474323944755e-01,1.274641506537455282e-01,1.270302246837676508e-01,1.265869295317767762e-01,1.261343201479702691e-01,1.256724483992579244e-01,1.252013789016677703e-01,1.247211831661458048e-01,1.242319281825447763e-01,1.237337011260008501e-01,1.232265923578274025e-01,1.227107028972653641e-01,1.221861416264141686e-01,1.216530374273120385e-01,1.211115269700575175e-01,1.205617643349004148e-01,1.200039203023449130e-01,1.194381801632418277e-01,1.188647473726516662e-01,1.182838504532971596e-01,1.176957309673194868e-01,1.171006538605322000e-01,1.164989128003847407e-01,1.158908153212114545e-01,1.152767009118648850e-01,1.146569236796706054e-01,1.140318782277690568e-01,1.134019682166539644e-01,1.127676443697971514e-01,1.121293627720073849e-01,1.114876218473712655e-01,1.108429443407560194e-01,1.101958800252910986e-01,1.095470063232206054e-01,1.088969344418943969e-01,1.082462956440951446e-01,1.075957555249766745e-01,1.069460085573497587e-01,1.062977726699532305e-01,1.056517950884472146e-01,1.050088490492569471e-01,1.043697337142621279e-01,1.037352778477076826e-01,1.031063261280738691e-01,1.024837530887769133e-01,1.018684581402869299e-01,1.012613549068669128e-01,1.006633818892390814e-01,1.000754908867848014e-01,9.949866042961065526e-02,9.893387489179195082e-02,9.838213762225134218e-02,9.784446577330765948e-02,9.732188250464680890e-02,9.681541807675167477e-02,9.632612069947046884e-02,9.585502841591024559e-02,9.540319318267802273e-02
3.221969874481995233e-01,3.204872454110095359e-01,3.186153050614299320e-01,3.165827697933369933e-01,3.143915313630614716e-01,3.120437848988623641e-01,3.095420087911480711e-01,3.068889947708739463e-01,3.040877950260464369e-01,3.011417587014671993e-01,2.980545105897556835e-01,2.948299457418626646e-01,2.914722332227078216e-01,2.879858028213154175e-01,2.843753276293179977e-01,2.806457448431447510e-01,2.768022134673870926e-01,2.728501425953226978e-01,2.687951544598674025e-01,2.646430801314775261e-01,2.603999630113597585e-01,2.560720422630983206e-01,2.516657329256640763e-01,2.471876237521230257e-01,2.426444767858769447e-01,2.380431910255727257e-01,2.333908147204088179e-01,2.286945187026022674e-01,2.239615827073904719e-01,2.191994079534490547e-01,2.144154605885108533e-01,2.096172961730319861e-01,2.048125261960385690e-01,2.000088270341071617e-01,1.952138953680642719e-01,1.904354540277145569e-01,1.856812489702057423e-01,1.809589987537265077e-01,1.762764238292649221e-01,1.716411981492246552e-01,1.670609545420731201e-01,1.625432798641045229e-01,1.580956677050172621e-01,1.537255327619076739e-01,1.494402000160138522e-01,1.452468748948793076e-01,1.411526329159897009e-01,1.371644130116234372e-01,1.332890110464388933e-01,1.295330595376375238e-01,1.259030028520027600e-01,1.224051155400480151e-01,1.190454616293104145e-01,1.158299054067142841e-01,1.127640857412621489e-01,1.098534250927778594e-01,1.071030798086145680e-01,1.045179910057350975e-01,1.021028097900631704e-01,9.986195326259793281e-02,9.779953224321041860e-02,9.591941715129453927e-02,9.422513736043323929e-02,9.271997994326579284e-02,9.140689404214555336e-02,9.028854758666944591e-02,8.936728035921719104e-02,8.864512436046823041e-02,8.812379611560736126e-02,8.780469125980168432e-02,8.768887242011599858e-02,8.777708613799603543e-02,8.806974793595248596e-02,8.856694582019181139e-02,8.926844001934977624e-02,9.017366439839641368e-02,9.128171749446785388e-02,9.259139926729272052e-02,9.410115652710293599e-02,9.580913723400458215e-02,9.771316503863096414e-02,9.981074919940008394e-02,1.020991036110896200e-01,1.045751239062426979e-01,1.072354190076150598e-01,1.100763134892899370e-01,1.130938261369024977e-01,1.162837267998401841e-01,1.196414923065168695e-01,1.231623528265855388e-01,1.268412830227310939e-01,1.306730150248735234e-01,1.346520397185785312e-01,1.387726356881391898e-01,1.430288542264939178e-01,1.474145597748874603e-01,1.519234076148321955e-01,1.565488828632992380e-01,1.612842958357775525e-01,1.661228007832080689e-01,1.710573998316598232e-01,1.760809719671712625e-01,1.811862637358731820e-01,1.863659254416686339e-01,1.916124903807903124e-01,1.969184316268131341e-01,2.022761373925240358e-01,2.076779372268359458e-01,2.131161268200800762e-01,2.185829598778147032e-01,2.240706795233530224e-01,2.295715135189352329e-01,2.350777055307713692e-01,2.405815308172895295e-01,2.460752697702564273e-01,2.515512619413560191e-01,2.570019174680854279e-01,2.624197005531165305e-01,2.677971648463727816e-01,2.731269627655624754e-01,2.784018529961080346e-01,2.836147034416074963e-01,2.887585165441323709e-01,2.938264392368066802e-01,2.988117600036271360e-01,3.037079456428967705e-01,3.085086193916957709e-01,3.132075826604524549e-01,3.177988444648853217e-01,3.222765853798154057e-01,3.266352257975282392e-01,3.308693752666034826e-01,3.349738784169297157e-01,3.389438028857033047e-01,3.427744525775749951e-01,3.464613883004619699e-01,3.500004052014550338e-01,3.533875407827148374e-01,3.566191170374402586e-01,3.596917019795286552e-01,3.626021399951854240e-01,3.653475216708064188e-01,3.679252506541011991e-01,3.703329645155375438e-01,3.725685914166349533e-01,3.746303483239499799e-01,3.765167128220905934e-01,3.782264581868717834e-01,3.797586221845106746e-01,3.811125399654985424e-01,3.822877878952857800e-01,3.832842514036766124e-01,3.841020790248788064e-01,3.847416742378781396e-01,3.852037348623661983e-01,3.854891999910323164e-01,3.855992893897475238e-01,3.855354513431137886e-01,3.852994187736251686e-01,3.848931474231361838e-01,3.843188430690285817e-01,3.835789479599272522e-01,3.826761214654281762e-01,3.816132552421431789e-01,3.803934683824805041e-01,3.790200729589018880e-01,3.774965847088739834e-01,3.758267244067900470e-01,3.740143800707578237e-01,3.720636449844290650e-01,3.699787488840967642e-01,3.677641111531791407e-01,3.654242976773564022e-01,3.629640157113633858e-01,3.603881030144471254e-01,3.577015321179523033e-01,3.549093945293037566e-01,3.520168791576914202e-01,3.490292744566865779e-01,3.459519792698105278e-01,3.427904425630329266e-01,3.395502042602234205e-01,3.362368573617571799e-01,3.328560483481430854e-01,3.294134734289575484e-01,3.259148519413027634e-01,3.223659269271557659e-01,3.187724695184836476e-01,3.151402371915989487e-01,3.114750013877709556e-01,3.077825198205204060e-01,3.040685196209377272e-01,3.003387152965231177e-01,2.965987624590715743e-01,2.928543002708126064e-01,2.891108807531055369e-01,2.853740257626581900e-01,2.816491692160761895e-01,2.779416807667798306e-01,2.742568439282198067e-01,2.705998517440085793e-01,2.669757966077228595e-01,2.633896893495528135e-01,2.598463966656135993e-01,2.563506989231062461e-01,2.529072525685759909e-01,2.495205815786885883e-01,2.461950839678502811e-01,2.429350302321784116e-01,2.397445386269369261e-01,2.366275920449313064e-01,2.335880332405873283e-01,2.306295301986996948e-01,2.277556284424767929e-01,2.249696996850797381e-01,2.222749597340886174e-01,2.196744585548987827e-01,2.171710899194000122e-01,2.147675720273723998e-01,2.124664718497442928e-01,2.102701840199406869e-01,2.081809103400002747e-01,2.062007162740900901e-01,2.043314759507416645e-01,2.025748988511180959e-01,2.009325247297903405e-01,1.994057275307878907e-01,1.979956906537332639e-01,1.967034653930875843e-01,1.955298998971670421e-01,1.944756908863440881e-01,1.935413667887894429e-01,1.927272954481538403e-01,1.920336776785568078e-01,1.914605584178016850e-01,1.910078219261769905e-01,1.906751904381421281e-01,1.904622452680976297e-01,1.903684160628770217e-01,1.903929728380684971e-01,1.905350444639724861e-01,1.907936257225221477e-01,1.911675603848437821e-01,1.916555700939451268e-01,1.922562337591705306e-01,1.929679990982249016e-01,1.937891918921457735e-01,1.947180353309648504e-01,1.957525937715134667e-01,1.968908488218010511e-01,1.981306579244801191e-01,1.994697763434193083e-01,2.009058548528527832e-01,2.024364432072372766e-01,2.040589963983287514e-01,2.057708731425675064e-01,2.075693608472263252e-01,2.094516411427247149e-01,2.114148251496092423e-01,2.134559591584614946e-01,2.155720005331429046e-01,2.177598532544954002e-01,2.200163438074190514e-01,2.223382439381745013e-01,2.247222762935194851e-01,2.271651079432104592e-01,2.296633508877385377e-01,2.322135801393889754e-01,2.348123303547475227e-01,2.374560922282131503e-01,2.401413307147891862e-01,2.428644801309001733e-01,2.456219471193131221e-01,2.484101166782228254e-01,2.512253639782742187e-01,2.540640429036321590e-01,2.569224878597126671e-01,2.597970404055264804e-01,2.626840387838024760e-01,2.655798056944452257e-01,2.684806816022940468e-01,2.713830015154989894e-01,2.742831234633217874e-01,2.771774100556017584e-01,2.800622534252317775e-01,2.829340421473888756e-01,2.857892102102896903e-01,2.886241991929499595e-01,2.914355023152673252e-01,2.942196281078006681e-01,2.969731257484772846e-01,2.996925864921739513e-01,3.023746553653466895e-01,3.050159944807717682e-01,3.076133383059352355e-01,3.101634627988383297e-01,3.126632060759222398e-01,3.151094491905866435e-01,3.174991468671945483e-01,3.198293261307684210e-01,3.220970560553372830e-01,3.242994971754148414e-01,3.264338694602602620e-01,3.284974735240543953e-01,3.304876940754898351e-01,3.324019782756692520e-01,3.342378755137067059e-01,3.359930180141391665e-01,3.376651230254785752e-01,3.392520040445476948e-01,3.407515599017857388e-01,3.421618174337565654e-01,3.434808563799520709e-01,3.447068900922253820e-01,3.458382453821745584e-01,3.468733187634417958e-01,3.478106546283812883e-01,3.486488920276149539e-01,3.493867964731720566e-01,3.500232246880854992e-01,3.505571820474147615e-01,3.509877798605597343e-01,3.513142493523427334e-01,3.515359613462133992e-01,3.516523875374929498e-01,3.516631603814648899e-01,3.515680230178012677e-01,3.513668470553463208e-01,3.510596433582343079e-01,3.506465602363186829e-01,3.501278743656943693e-01,3.495039957376724349e-01,3.487754821691053109e-01,3.479430176460168167e-01,3.470074164542723549e-01,3.459696857564220629e-01,3.448308766722422702e-01,3.435922554418698316e-01,3.422552036827669619e-01,3.408212344836317742e-01,3.392919970713161870e-01,3.376692879600694530e-01,3.359550387245869296e-01,3.341513071822712067e-01,3.322602948207001305e-01,3.302843167494365351e-01,3.282258450066157796e-01,3.260874532303195128e-01,3.238718568363656014e-01,3.215819026049447915e-01,3.192205404461338492e-01,3.167908382012189494e-01,3.142959935748992906e-01,3.117393115757819411e-01,3.091242092579365441e-01,3.064541921851323125e-01,3.037328876790882926e-01,3.009639982731046048e-01,2.981513567982220780e-01,2.952988360201346252e-01,2.924104298299795013e-01,2.894901862915225110e-01,2.865422499025814251e-01,2.835708100240295626e-01,2.805801334838455841e-01,2.775745328522313260e-01,2.745583857891631951e-01,2.715361051943410153e-01,2.685121330083148905e-01,2.654909713582324637e-01,2.624771211725294706e-01,2.594751024183867272e-01,2.564894693718551832e-01,2.535247591224796260e-01,2.505855069603319940e-01,2.476762558552106364e-01,2.448015141323456323e-01,2.419657750676677821e-01,2.391735014006992899e-01,2.364291068782644056e-01,2.337369739097696075e-01,2.311014160374991744e-01,2.285266857107808303e-01,2.260169704618251174e-01,2.235763858408507387e-01,2.212089488915944535e-01,2.189185928060258524e-01,2.167091660364764971e-01,2.145843689278316979e-01,2.125478337651291461e-01,2.106030400790004364e-01,2.087533476050776604e-01,2.070019869263978185e-01,2.053520318453248561e-01,2.038064209791618786e-01,2.023679330288579437e-01,2.010391824422886053e-01,1.998226124118841762e-01,1.987205016515908029e-01,1.977349485261134243e-01,1.968678501867876240e-01,1.961209312675662175e-01,1.954957208421160830e-01,1.949935469648372000e-01,1.946155148746236685e-01,1.943625606446991450e-01,1.942353754091136198e-01,1.942344512498800635e-01,1.943600670130080088e-01,1.946122692802382537e-01,1.949908869079724494e-01,1.954955381174015294e-01,1.961255954452650052e-01,1.968802248810632982e-01,1.977583575842679353e-01,1.987586877589922751e-01,1.998797027645661528e-01,2.011196576421085125e-01,2.024765753299067605e-01,2.039482559208477819e-01,2.055322880842062605e-01,2.072260442275629666e-01,2.090266626536129990e-01,2.109310822840265720e-01,2.129360353916477655e-01,2.150380385289347718e-01,2.172334157443426561e-01
1.650806181883665014e-01,1.652752019365915648e-01,1.654869423980583898e-01,1.657153405130507573e-01,1.659598211842772120e-01,1.662197557805061565e-01,1.664944756248322444e-01,1.667832479263003653e-01,1.670852854263270015e-01,1.673997602890246739e-01,1.677258002813854232e-01,1.680624766369288037e-01,1.684088359099337184e-01,1.687638753197127639e-01,1.691265580454230366e-01,1.694958197931998312e-01,1.698705558326568665e-01,1.702496485594276188e-01,1.706319392275314206e-01,1.710162566639679138e-01,1.714014214433420558e-01,1.717862201656918941e-01,1.721694316963883753e-01,1.725498391755881100e-01,1.729262051197596184e-01,1.732973030436738837e-01,1.736618899644799263e-01,1.740187470133756908e-01,1.743666390897808671e-01,1.747043639625829592e-01,1.750307156948113507e-01,1.753445144451433457e-01,1.756445966794569769e-01,1.759298157205516633e-01,1.761990663329165707e-01,1.764512444448657624e-01,1.766853037422284611e-01,1.769002153327741689e-01,1.770949908262831884e-01,1.772686847771340335e-01,1.774203837793058292e-01,1.775492247795260325e-01,1.776543923494420252e-01,1.777351087629676085e-01,1.777906541216133784e-01,1.778203652163552195e-01,1.778236123199361252e-01,1.777998541045703318e-01,1.777485677457509294e-01,1.776693164262256319e-01,1.775617193347137635e-01,1.774254378978132318e-01,1.772602199451184246e-01,1.770658611539915606e-01,1.768422245659566350e-01,1.765892324627100773e-01,1.763068817472597805e-01,1.759952233558846890e-01,1.756543796897002407e-01,1.752845356650874764e-01,1.748859463333899411e-01,1.744589214860505499e-01,1.740038418108819096e-01,1.735211486397396918e-01,1.730113500913955660e-01,1.724750114406463641e-01,1.719127654806520134e-01,1.713253003129436847e-01,1.707133643662484823e-01,1.700777566209073777e-01,1.694193514389490951e-01,1.687390573475809619e-01,1.680378498816431920e-01,1.673167441453245752e-01,1.665768153638458593e-01,1.658191744453317296e-01,1.650449924197434359e-01,1.642554737894812433e-01,1.634518593921315266e-01,1.626354428281832354e-01,1.618075354585451486e-01,1.609695038207014095e-01,1.601227246096947054e-01,1.592686158695431620e-01,1.584086161622972055e-01,1.575441915665554693e-01,1.566768203395453307e-01,1.558080068945843222e-01,1.549392601614440756e-01,1.540721211136946434e-01,1.532081112032636083e-01,1.523487829921931769e-01,1.514956692700818730e-01,1.506503336455422559e-01,1.498143065665826779e-01,1.489891318143597709e-01,1.481763343802227906e-01,1.473774349692296981e-01,1.465939439397689337e-01,1.458273463062987885e-01,1.450791077493994163e-01,1.443506807995794672e-01,1.436434913274126091e-01,1.429589312365721621e-01,1.422983697605194331e-01,1.416631397222305744e-01,1.410545460571161758e-01,1.404738509411020131e-01,1.399222815886566607e-01,1.394010233818951117e-01,1.389112191022626175e-01,1.384539670069957484e-01,1.380303144982151509e-01,1.376412768852120772e-01,1.372877934857076043e-01,1.369707733145664741e-01,1.366910661447921504e-01,1.364494673007418946e-01,1.362467103955516123e-01,1.360834854241734226e-01,1.359604140783204629e-01,1.358780695543492234e-01,1.358369503237054632e-01,1.358375100175104322e-01,1.358801319554646947e-01,1.359651448974353860e-01,1.360928142367276439e-01,1.362633387544650854e-01,1.364768639339909717e-01,1.367334698843875596e-01,1.370331656743394855e-01,1.373759185127763627e-01,1.377616175309200608e-01,1.381900980355245112e-01,1.386611278003997416e-01,1.391744286505016137e-01,1.397296468828332916e-01,1.403263825276287180e-01,1.409641701349990117e-01,1.416424967972660931e-01,1.423607805202451448e-01,1.431183940797099707e-01,1.439146629672367339e-01,1.447488340909051929e-01,1.456201382037891900e-01,1.465277290581941949e-01,1.474707275353684122e-01,1.484482023043245669e-01,1.494591761781990102e-01,1.505026304959367067e-01,1.515775046594320108e-01,1.526826946595094825e-01,1.538170537183166653e-01,1.549794221669451577e-01,1.561685726454605516e-01,1.573832621418488342e-01,1.586222185628140546e-01,1.598841261230494193e-01,1.611676605942698737e-01,1.624714534655457565e-01,1.637941229837799884e-01,1.651342608461155714e-01,1.664904430086676934e-01,1.678612190175888252e-01,1.692451282451256089e-01,1.706406963700775603e-01,1.720464249542935364e-01,1.734608246102254669e-01,1.748823773640231227e-01,1.763095607904737183e-01,1.777408643596138926e-01,1.791747452201200019e-01,1.806096823355406999e-01,1.820441428482447443e-01,1.834765950818650349e-01,1.849055100104597116e-01,1.863293660706423771e-01,1.877466487093410186e-01,1.891558339886805495e-01,1.905554356898596091e-01,1.919439501312734386e-01,1.933198961428735929e-01,1.946818130589557105e-01,1.960282391970917248e-01,1.973577354502251691e-01,1.986688775992738742e-01,1.999602621519906698e-01,2.012305000199479943e-01,2.024782170056893815e-01,2.037020732061932959e-01,2.049007410066217005e-01,2.060729092389691763e-01,2.072173045551319592e-01,2.083326611882120594e-01,2.094177600952823459e-01,2.104713862286288761e-01,2.114923569711272267e-01,2.124795244751748469e-01,2.134317660747316048e-01,2.143479757601431945e-01,2.152270889037421198e-01,2.160680644102841164e-01,2.168699006649530414e-01,2.176316144522628115e-01,2.183522491523153530e-01,2.190308938158852803e-01,2.196666696045954381e-01,2.202587128514771619e-01,2.208062066083535668e-01,2.213083636450826341e-01,2.217644235620606363e-01,2.221736699737312526e-01,2.225354093374045661e-01,2.228489905199267096e-01,2.231137880530208450e-01,2.233292239543557267e-01,2.234947412535540912e-01,2.236098200952353343e-01,2.236739823258985516e-01,2.236867834802361565e-01,2.236478192809257526e-01,2.235567042595625609e-01,2.234130992172748686e-01,2.232167125018167941e-01,2.229672669190580214e-01,2.226645395987031095e-01,2.223083452705482410e-01,2.218985232045325440e-01,2.214349536279622277e-01,2.209175601441605297e-01,2.203463074880713246e-01,2.197211790977807722e-01,2.190422182947115437e-01,2.183095005477589390e-01,2.175231412752083315e-01,2.166832912216484219e-01,2.157901294716178531e-01,2.148439063936928017e-01,2.138448809345325774e-01,2.127933731551627239e-01,2.116897244370332387e-01,2.105343332274416945e-01,2.093276315063725690e-01,2.080700931022465838e-01,2.067622368293413337e-01,2.054046152167249006e-01,2.039978286326510903e-01,2.025425119858079714e-01,2.010393529683685288e-01,1.994890697928689283e-01,1.978924345987612687e-01,1.962502530728068573e-01,1.945633631166161504e-01,1.928326747741844205e-01,1.910591059028919070e-01,1.892436501170439433e-01,1.873873069856198115e-01,1.854911475110315455e-01,1.835562627687576109e-01,1.815838034248631050e-01,1.795749552647180614e-01,1.775309370154329880e-01,1.754530123542501485e-01,1.733424918980882301e-01,1.712007210628853915e-01,1.690290691814233526e-01,1.668289795698028322e-01,1.646019009405177147e-01,1.623493318894495829e-01,1.600728098286735013e-01,1.577738990822512566e-01,1.554542036985171738e-01,1.531153740753702086e-01,1.507590707922077944e-01,1.483869960075284711e-01,1.460008936717443750e-01,1.436025168205418423e-01,1.411936609764210815e-01,1.387761518890249790e-01,1.363518262452261820e-01,1.339225528634012119e-01,1.314902216770307553e-01,1.290567508627165350e-01,1.266240654262824616e-01,1.241941128513260745e-01,1.217688677521241714e-01,1.193502964586084791e-01,1.169403949787201080e-01,1.145411609959818416e-01,1.121546056604269398e-01,1.097827425869464107e-01,1.074275809305563628e-01,1.050911491401127912e-01,1.027754615247948727e-01,1.004825369806947866e-01,9.821437886218731261e-02,9.597299300463010829e-02,9.376037269949534514e-02,9.157849025660119713e-02,8.942931475857167356e-02,8.731479406335812543e-02,8.523684622192505278e-02,8.319738731229688045e-02,8.119828886515538524e-02,7.924139791383350007e-02,7.732853707826609080e-02,7.546149741903036834e-02,7.364202687240098411e-02,7.187184062425144848e-02,7.015261306492727444e-02,6.848597283992717555e-02,6.687350474340289508e-02,6.531674914637246310e-02,6.381718994599201722e-02,6.237626372933292168e-02,6.099534385930263647e-02,5.967575537331184371e-02,5.841876071746410909e-02,5.722556375670215939e-02,5.609729152215919834e-02,5.503502797630830529e-02,5.403976842273152531e-02,5.311244414667589536e-02,5.225391757691671274e-02,5.146498337440316012e-02,5.074635362674996542e-02,5.009866499344283602e-02,4.952248001742040606e-02,4.901827548072731910e-02,4.858645713047456821e-02,4.822734698438572304e-02,4.794117819857369317e-02,4.772811102313499060e-02,4.758821594414348183e-02,4.752147972316460994e-02,4.752780050231747433e-02,4.760700752669935060e-02,4.775882633958059703e-02,4.798290316815465029e-02,4.827880278978011197e-02,4.864600557203260789e-02,4.908389805989237659e-02,4.959179551403783415e-02,5.016892210118548828e-02,5.081441774232549335e-02,5.152734764898616454e-02,5.230668704330259516e-02,5.315134227750140800e-02,5.406013900093568220e-02,5.503181896660560429e-02,5.606505303238342591e-02,5.715844106197183472e-02,5.831051348968520343e-02,5.951972114222494475e-02,6.078446585544958203e-02,6.210306030492731416e-02,6.347377608829191109e-02,6.489481204620457799e-02,6.636431693200456339e-02,6.788037861689238950e-02,6.944103994577725814e-02,7.104428897506469276e-02,7.268806874858352307e-02,7.437027746303552511e-02,7.608878335439084317e-02,7.784140826513595568e-02,7.962594668299929901e-02,8.144015239550231322e-02,8.328177403608431895e-02,8.514851250236724067e-02,8.703807017822856595e-02,8.894812627446523068e-02,9.087634394037756580e-02,9.282038007387426182e-02,9.477789827704265202e-02,9.674654110463891399e-02,9.872396954031062433e-02,1.007078541317459885e-01,1.026958530505813622e-01,1.046856668586427647e-01,1.066749965961020785e-01,1.086615577759662832e-01,1.106431185301059439e-01,1.126174540486079984e-01,1.145823689051207461e-01,1.165357161946600634e-01,1.184753822104459425e-01,1.203992931858531568e-01,1.223054215693067936e-01,1.241917854649986080e-01,1.260564721155071344e-01,1.278975967220789545e-01,1.297133576422789536e-01,1.315019808086555775e-01,1.332617920746444473e-01,1.349911526053269584e-01,1.366885149040657499e-01,1.383523856440260769e-01,1.399813415081104240e-01,1.415740455199969716e-01,1.431292342152066521e-01,1.446457123829168190e-01,1.461223755834095417e-01,1.475581852043479913e-01,1.489521983620519241e-01,1.503035504107492204e-01,1.516114626317008329e-01,1.528752264299043651e-01,1.540942387013908565e-01,1.552679737150390038e-01,1.563959845671514803e-01,1.574779185494438460e-01,1.585135071243690685e-01,1.595025657040895495e-01,1.604449981552695803e-01,1.613407852232681683e-01,1.621899912637791152e-01,1.629927782516958912e-01,1.637493737622762180e-01,1.644600937197024937e-01,1.651253301535067775e-01,1.657455598212084213e-01,1.663213193976260107e-01,1.668532342490237075e-01,1.673420004158571450e-01,1.677883687437604354e-01,1.681931861899543523e-01
2.508169579230027924e-01,2.514031403265507003e-01,2.519671656973094809e-01,2.525075381023358378e-01,2.530227893017185647e-01,2.535114448525535580e-01,2.539720831486736996e-01,2.544032896162838342e-01,2.548036805727263987e-01,2.551719078207730917e-01,2.555066603383186474e-01,2.558066591580600013e-01,2.560706747839548436e-01,2.562975188306829688e-01,2.564860407910199425e-01,2.566351597277368168e-01,2.567438348083223576e-01,2.568110828989443317e-01,2.568359931774456539e-01,2.568176855929280022e-01,2.567553681558786272e-01,2.566483096984530921e-01,2.564958494315273674e-01,2.562973862190282004e-01,2.560524033852815684e-01,2.557604472069128776e-01,2.554211446459462298e-01,2.550342044870423375e-01,2.545994087234657588e-01,2.541166109334794254e-01,2.535857575596389135e-01,2.530068775874546039e-01,2.523800719004246629e-01,2.517055293557433626e-01,2.509835303948230179e-01,2.502144216797175802e-01,2.493986464929728308e-01,2.485367252558489115e-01,2.476292751341651888e-01,2.466769718656535160e-01,2.456805993307661917e-01,2.446410062076621039e-01,2.435591252121835082e-01,2.424359708106089695e-01,2.412726351240861156e-01,2.400702836546121377e-01,2.388301672871781245e-01,2.375536049404722017e-01,2.362419766152683565e-01,2.348967462941392026e-01,2.335194397826491908e-01,2.321116449849797980e-01,2.306750212114997145e-01,2.292112722168342664e-01,2.277221753829339057e-01,2.262095514123542705e-01,2.246752711309909778e-01,2.231212691854440877e-01,2.215495007895612878e-01,2.199619794857194388e-01,2.183607532267163309e-01,2.167479012099701730e-01,2.151255349270381478e-01,2.134957938347710749e-01,2.118608360745400931e-01,2.102228523057922960e-01,2.085840284623368679e-01,2.069465791401615684e-01,2.053127169245151096e-01,2.036846704255503293e-01,2.020646497922716500e-01,2.004548719861667661e-01,1.988575498260684027e-01,1.972748683974245298e-01,1.957090214970335085e-01,1.941621544497577623e-01,1.926364074563774176e-01,1.911338865678000321e-01,1.896566649485235123e-01,1.882067835893286578e-01,1.867862394183985308e-01,1.853969950877228656e-01,1.840409518764044294e-01,1.827199741498712615e-01,1.814358699813846121e-01,1.801903833642271857e-01,1.789852116916335334e-01,1.778219761224920648e-01,1.767022418101210912e-01,1.756274935631961520e-01,1.745991606907704996e-01,1.736185809406574077e-01,1.726870261886323810e-01,1.718056898022781165e-01,1.709756772956493587e-01,1.701980215947238306e-01,1.694736577209718931e-01,1.688034480977927687e-01,1.681881591700521705e-01,1.676284733076854327e-01,1.671249740335925826e-01,1.666781583373793396e-01,1.662884404492201984e-01,1.659561248881486761e-01,1.656814346098325896e-01,1.654645024201819581e-01,1.653053577682201680e-01,1.652039358512477074e-01,1.651600969095261828e-01,1.651735911395568468e-01,1.652440795960870845e-01,1.653711365712115799e-01,1.655542501821907209e-01,1.657928109854353849e-01,1.660861231683940231e-01,1.664334155247546299e-01,1.668338142682904146e-01,1.672863875850938986e-01,1.677900996394533772e-01,1.683438533253712177e-01,1.689464575971228177e-01,1.695966701466182225e-01,1.702931584564727763e-01,1.710345300930117551e-01,1.718193297784230689e-01,1.726460276725988729e-01,1.735130429482298897e-01,1.744187467525936952e-01,1.753614299843228863e-01,1.763393619976805771e-01,1.773507500495397626e-01,1.783937598473332997e-01,1.794665131688084336e-01,1.805671008985034187e-01,1.816935876755828572e-01,1.828439928888317967e-01,1.840163190860673037e-01,1.852085520563382937e-01,1.864186493567874803e-01,1.876445535222162342e-01,1.888842101563940057e-01,1.901355464273089824e-01,1.913964826745335190e-01,1.926649519116215292e-01,1.939388786474294246e-01,1.952162120595165307e-01,1.964948889625671435e-01,1.977728853657269026e-01,1.990481804498875074e-01,2.003187708702225123e-01,2.015826990930732199e-01,2.028380180276716793e-01,2.040828142078492391e-01,2.053152217571795890e-01,2.065333977115028086e-01,2.077355426237222635e-01,2.089199066025741736e-01,2.100847814777879463e-01,2.112285137947674807e-01,2.123494920659949603e-01,2.134461594801610185e-01,2.145170282781807547e-01,2.155606481813093500e-01,2.165756499361894682e-01,2.175607040977618478e-01,2.185145703313121912e-01,2.194360453968454971e-01,2.203240109195691021e-01,2.211774135831812427e-01,2.219952630127548232e-01,2.227766428613788541e-01,2.235207045105289669e-01,2.242266766981092785e-01,2.248938479653921352e-01,2.255215900419807462e-01,2.261093384893013702e-01,2.266566107454235646e-01,2.271629876847819640e-01,2.276281282927397898e-01,2.280517570445604325e-01,2.284336701764148325e-01,2.287737469362114973e-01,2.290719169179070425e-01,2.293281924985449693e-01,2.295426494911483040e-01,2.297154273835515514e-01,2.298467405483291537e-01,2.299368586633551703e-01,2.299861108914233732e-01,2.299949068175790035e-01,2.299636957822996652e-01,2.298929848679719667e-01,2.297833553597744272e-01,2.296354190371949489e-01,2.294498649136111068e-01,2.292274063723763466e-01,2.289688202683206053e-01,2.286749223525263441e-01,2.283465882279074599e-01,2.279847055312170245e-01,2.275902257113870675e-01,2.271641165315940458e-01,2.267073962716650015e-01,2.262211059565163718e-01,2.257063170791432927e-01,2.251641331288349313e-01,2.245956720518370309e-01,2.240020756073224928e-01,2.233845061439710400e-01,2.227441402521002367e-01,2.220821775510459783e-01,2.213998201808677901e-01,2.206982807564744631e-01,2.199787807883248070e-01,2.192425451907330791e-01,2.184907945844665189e-01,2.177247631538876405e-01,2.169456746150951743e-01,2.161547504833840061e-01,2.153531921426414253e-01,2.145422211762226528e-01,2.137230167793678359e-01,2.128967678172618561e-01,2.120646399298870832e-01,2.112277906806358518e-01,2.103873447333241831e-01,2.095444192727368427e-01,2.087001024832521867e-01,2.078554759093046989e-01,2.070115792321691461e-01,2.061694345787093985e-01,2.053300427380168602e-01,2.044943682889497072e-01,2.036633504440127085e-01,2.028379096586326036e-01,2.020189206997029252e-01,2.012072394030954559e-01,2.004036841865452778e-01,1.996090483478625555e-01,1.988240798056228331e-01,1.980495116952305790e-01,1.972860392190090295e-01,1.965343066547959039e-01,1.957949539497370883e-01,1.950685726729977088e-01,1.943557146482553510e-01,1.936569148613855873e-01,1.929726652779082952e-01,1.923034270251450517e-01,1.916496344335809066e-01,1.910116905380286334e-01,1.903899492527722226e-01,1.897847670479954341e-01,1.891964393993066096e-01,1.886252552184158882e-01,1.880714507012920811e-01,1.875352645358824288e-01,1.870168784091011116e-01,1.865164713838602384e-01,1.860341892086985194e-01,1.855701463562589304e-01,1.851244426329093085e-01,1.846971558991116757e-01,1.842883376815278584e-01,1.838980170296635464e-01,1.835262122379139049e-01,1.831729129805751422e-01,1.828380995805965747e-01,1.825217363566260798e-01,1.822237602494515829e-01,1.819441121234844916e-01,1.816827082214490519e-01,1.814394459229471956e-01,1.812142239541031374e-01,1.810069225427543005e-01,1.808174160395341068e-01,1.806455751542154764e-01,1.804912493646072535e-01,1.803542834994863175e-01,1.802345357297715500e-01,1.801318273915135382e-01,1.800460006267790847e-01,1.799768815086549290e-01,1.799242913319851200e-01,1.798880557042976946e-01,1.798679994681254557e-01,1.798639246773927058e-01,1.798756594859532432e-01,1.799030152142019334e-01,1.799458139041234528e-01,1.800038547264525557e-01,1.800769608040483638e-01,1.801649462401885282e-01,1.802676288950213757e-01,1.803848140729830685e-01,1.805163272044070788e-01,1.806619749743194614e-01,1.808215832355327957e-01,1.809949654770589555e-01,1.811819369885346864e-01,1.813823235967797209e-01,1.815959340836417746e-01,1.818225935530284609e-01,1.820621226616037092e-01,1.823143274774373102e-01,1.825790379729967938e-01,1.828560620224470856e-01,1.831452177906905399e-01,1.834463147554577511e-01,1.837591696696123933e-01,1.840835823151470152e-01,1.844193566263006567e-01,1.847663052527366012e-01,1.851242103953145979e-01,1.854928734729157369e-01,1.858720816597865810e-01,1.862616196859472328e-01,1.866612592662219017e-01,1.870707736785724162e-01,1.874899252703696728e-01,1.879184698762443873e-01,1.883561670173774794e-01,1.888027426530693442e-01,1.892579479288371280e-01,1.897214881961143407e-01,1.901930979083865381e-01,1.906724754179980608e-01,1.911593135468031279e-01,1.916533075907637662e-01,1.921541334195476514e-01,1.926614623433901829e-01,1.931749433630743362e-01,1.936942354568370883e-01,1.942189669965938559e-01,1.947487704743826320e-01,1.952832614307473125e-01,1.958220517765261182e-01,1.963647314627011975e-01,1.969108928001826186e-01,1.974601095636252801e-01,1.980119592789970906e-01,1.985660034983945943e-01,1.991217809575531461e-01,1.996788496327646933e-01,2.002367413189705680e-01,2.007949875023691266e-01,2.013531140827237997e-01,2.019106315103437743e-01,2.024670679843932897e-01,2.030219216116768144e-01,2.035747114842958172e-01,2.041249296450402262e-01,2.046720855301104869e-01,2.052156887103833427e-01,2.057552249723186288e-01,2.062902072886860783e-01,2.068201470454249236e-01,2.073445485579440972e-01,2.078629305035929464e-01,2.083748082557080883e-01,2.088797122391354288e-01,2.093771747524397209e-01,2.098667517898551715e-01,2.103479770805601612e-01,2.108204272476819352e-01,2.112836870017515412e-01,2.117373446373254364e-01,2.121809985432202006e-01,2.126142846129319974e-01,2.130368369022486441e-01,2.134483121574483888e-01,2.138484002541568008e-01,2.142367909919405955e-01,2.146132072781385680e-01,2.149773974891497352e-01,2.153291219944710455e-01,2.156681792307658385e-01,2.159943869799871297e-01,2.163075917584659780e-01,2.166076601057627116e-01,2.168944988774795524e-01,2.171680367997391170e-01,2.174282324252601595e-01,2.176750754185178549e-01,2.179085857196984555e-01,2.181288157492473900e-01,2.183358538093299606e-01,2.185298104342680015e-01,2.187108323850267544e-01,2.188791022018154453e-01,2.190348310474932447e-01,2.191782622414952808e-01,2.193096791644341681e-01,2.194293938721172954e-01,2.195377431287375558e-01,2.196351049621340645e-01,2.197218782026942596e-01,2.197985005487005372e-01,2.198654432321897889e-01,2.199231971146558273e-01,2.199722908735775306e-01,2.200132830011037322e-01,2.200467380886539093e-01,2.200732717823581930e-01,2.200935109194680217e-01,2.201081157671478661e-01,2.201177619697531895e-01,2.201231338111759028e-01,2.201249597504701672e-01,2.201239761212261670e-01,2.201209311772960309e-01,2.201165912623106180e-01,2.201117342734757176e-01,2.201071590924885968e-01,2.201036541318962536e-01,2.201020368712784947e-01,2.201031225768538546e-01,2.201077116559334579e-01,2.201166378641924160e-01,2.201307228264473559e-01,2.201507721062721246e-01,2.201775995599519475e-01,2.202120135969835302e-01,2.202548002982560038e-01,2.203067579105841001e-01,2.203686437769375450e-01,2.204412164498772697e-01
5.200232703119160860e-01,5.242734340371595358e-01,5.285733892316717419e-01,5.329157821376121484e-01,5.372931587769386175e-01,5.416980202164307645e-01,5.461228002985329955e-01,5.505599235613829467e-01,5.550017676234348940e-01,5.594407132579533037e-01,5.638691560497697264e-01,5.682794826914051578e-01,5.726641400616645505e-01,5.770156074025625248e-01,5.813264260832066155e-01,5.855892002705506139e-01,5.897966628930813027e-01,5.939415819715435640e-01,5.980168792580886628e-01,6.020155817228299844e-01,6.059308779484965379e-01,6.097560759932872942e-01,6.134846367782372800e-01,6.171102153286631697e-01,6.206266452124328259e-01,6.240279246445676886e-01,6.273082824041712469e-01,6.304621468448308175e-01,6.334841565532708385e-01,6.363691781690959948e-01,6.391123351599903302e-01,6.417089611385086156e-01,6.441546683151007091e-01,6.464453149721072212e-01,6.485770164637011392e-01,6.505461634445501851e-01,6.523494147898096784e-01,6.539837389285955149e-01,6.554463309454519049e-01,6.567347161352543594e-01,6.578466679046612864e-01,6.587802956360261364e-01,6.595339646321727312e-01,6.601063730004212982e-01,6.604964732415115058e-01,6.607035379212572446e-01,6.607271047416735099e-01,6.605670369495646455e-01,6.602234755340700145e-01,6.596968400240998953e-01,6.589878715780254081e-01,6.580975593648296096e-01,6.570271817128928715e-01,6.557782993545070438e-01,6.543527437093830113e-01,6.527526126281327778e-01,6.509802772513768598e-01,6.490383340296981274e-01,6.469296483718011137e-01,6.446573382473848035e-01,6.422247432742861362e-01,6.396354308272670375e-01,6.368931872351312196e-01,6.340020392667153892e-01,6.309661719046343320e-01,6.277900065861442558e-01,6.244781220684459955e-01,6.210352913253476270e-01,6.174664489320560445e-01,6.137766843214508272e-01,6.099712513217224741e-01,6.060555169845983636e-01,6.020350029997545427e-01,5.979153250701902955e-01,5.937022454331416510e-01,5.894015706613986438e-01,5.850192212371837508e-01,5.805612084783275950e-01,5.760335678736123732e-01,5.714424526577238650e-01,5.667939953401579523e-01,5.620944012509387910e-01,5.573498904929850006e-01,5.525667010351152930e-01,5.477510527749204217e-01,5.429091800120411371e-01,5.380473254162064789e-01,5.331716300364657268e-01,5.282882782849536163e-01,5.234033500403899586e-01,5.185229116666008053e-01,5.136529491351634613e-01,5.087993659864828988e-01,5.039679893535553568e-01,4.991645660587456512e-01,4.943947450997975834e-01,4.896640793919148638e-01,4.849779734877982529e-01,4.803417397269856837e-01,4.757605782956497165e-01,4.712395063377050608e-01,4.667834622202413075e-01,4.623971926122490417e-01,4.580853410231054412e-01,4.538523304234830524e-01,4.497024759739012834e-01,4.456399132030435806e-01,4.416686057177537372e-01,4.377923584489946118e-01,4.340147757612992097e-01,4.303393136162009247e-01,4.267692307472750191e-01,4.233075846047265056e-01,4.199572816696256483e-01,4.167210181604946162e-01,4.136013240519325618e-01,4.106005169264775878e-01,4.077207369150830929e-01,4.049639292614895525e-01,4.023318420731149536e-01,3.998260764013553126e-01,3.974479822763645198e-01,3.951987734748738101e-01,3.930794436359836830e-01,3.910908260797775204e-01,3.892335508912996844e-01,3.875080864290406102e-01,3.859147163939297687e-01,3.844535424191514728e-01,3.831244933790640128e-01,3.819273370049995897e-01,3.808616696399163004e-01,3.799269262904449995e-01,3.791223842320413095e-01,3.784471600636908906e-01,3.779002224721607073e-01,3.774803801343499243e-01,3.771863204977526363e-01,3.770165926000991763e-01,3.769695841811618875e-01,3.770435719683228881e-01,3.772366872466783039e-01,3.775469866071901048e-01,3.779723639242669742e-01,3.785106195218685965e-01,3.791594601503491813e-01,3.799164583259717065e-01,3.807791343870341461e-01,3.817448764472832212e-01,3.828109898428337377e-01,3.839747461465080614e-01,3.852332777020249788e-01,3.865836852107642496e-01,3.880229759588047500e-01,3.895481285600401189e-01,3.911560243209273313e-01,3.928435219705942449e-01,3.946074218768694797e-01,3.964444773414989021e-01,3.983513952892148713e-01,4.003248635488699803e-01,4.023615360608717162e-01,4.044580286727890162e-01,4.066109501339928989e-01,4.088168703598090148e-01,4.110723634050124642e-01,4.133739959256870211e-01,4.157182975633570421e-01,4.181018303393762015e-01,4.205211340409920062e-01,4.229727495120101932e-01,4.254532339856914591e-01,4.279591642961122488e-01,4.304871007679226258e-01,4.330336468742956302e-01,4.355954099166521321e-01,4.381690079044182062e-01,4.407511101517027630e-01,4.433383968080684134e-01,4.459275679538597381e-01,4.485153860707454254e-01,4.510986083309067585e-01,4.536740405119610298e-01,4.562385280335325421e-01,4.587889750803821332e-01,4.613222934539082387e-01,4.638354546242420828e-01,4.663254890689257914e-01,4.687894399783942290e-01,4.712244368544389883e-01,4.736276318470762914e-01,4.759962464545858807e-01,4.783275291981218813e-01,4.806188322998876106e-01,4.828675101124244584e-01,4.850710223762289552e-01,4.872268507129689508e-01,4.893325488005029200e-01,4.913857589096694012e-01,4.933841603087680272e-01,4.953254844791312173e-01,4.972075670485547327e-01,4.990282747473430702e-01,5.007855817240893792e-01,5.024775066407746182e-01,5.041021597440851210e-01,5.056576782466454256e-01,5.071423433755427590e-01,5.085544625055973267e-01,5.098924419836232680e-01,5.111547623640909643e-01,5.123399814052774781e-01,5.134467490282232927e-01,5.144737918723343295e-01,5.154199290023037117e-01,5.162840544475415516e-01,5.170651609286006645e-01,5.177623218754932033e-01,5.183747213650106156e-01,5.189016057566387952e-01,5.193423366711861222e-01,5.196963820394968625e-01,5.199632705113398368e-01,5.201426817653154178e-01,5.202343127692163893e-01,5.202380690471163360e-01,5.201538785864988634e-01,5.199818067526011944e-01,5.197219903346753656e-01,5.193747363580678567e-01,5.189403915185660798e-01,5.184194539307583893e-01,5.178125068799022124e-01,5.171202605506769467e-01,5.163435337669194380e-01,5.154832412436574085e-01,5.145404391679416767e-01,5.135162822429526486e-01,5.124120085491553622e-01,5.112290314346129572e-01,5.099688078361759302e-01,5.086329913755922583e-01,5.072232708062057727e-01,5.057414885448432429e-01,5.041895879220059662e-01,5.025696449653807019e-01,5.008838030286664189e-01,4.991343665293717646e-01,4.973237118143113422e-01,4.954543549957240445e-01,4.935288971916165224e-01,4.915500386476567285e-01,4.895206172502644115e-01,4.874435172066965416e-01,4.853217801976486556e-01,4.831585182652480825e-01,4.809569099600921049e-01,4.787202796359475987e-01,4.764519857721271068e-01,4.741555090170648246e-01,4.718343886658658004e-01,4.694922635746866524e-01,4.671328312668239779e-01,4.647598313504016643e-01,4.623771175955218582e-01,4.599885699528318272e-01,4.575981458201339169e-01,4.552098310376719859e-01,4.528276685714356931e-01,4.504557307984831116e-01,4.480981503852388692e-01,4.457590480923633303e-01,4.434425893770091442e-01,4.411529487660830195e-01,4.388943315441368176e-01,4.366709361830494185e-01,4.344869140239077110e-01,4.323464776011203825e-01,4.302537694692648018e-01,4.282129428518356984e-01,4.262280918681197739e-01,4.243032960120887709e-01,4.224425903772019986e-01,4.206499326817803031e-01,4.189292405626581228e-01,4.172843772610876356e-01,4.157191103466331139e-01,4.142371270275372330e-01,4.128420433135010503e-01,4.115373684623324646e-01,4.103265124146867060e-01,4.092127702043699133e-01,4.081993288387330554e-01,4.072892613521982286e-01,4.064854791179902671e-01,4.057907701511069831e-01,4.052078047007695583e-01,4.047390710540009207e-01,4.043868962242029852e-01,4.041534906741779398e-01,4.040408431256665156e-01,4.040508158296629015e-01,4.041850316889369910e-01,4.044450067293194340e-01,4.048319924829628103e-01,4.053471043145754904e-01,4.059912216899843607e-01,4.067650470937321239e-01,4.076690566971123975e-01,4.087035204845300140e-01,4.098685435548753975e-01,4.111639262766474956e-01,4.125893422736928162e-01,4.141441736042590360e-01,4.158276201578103848e-01,4.176386631591941789e-01,4.195760469960392869e-01,4.216382963756835633e-01,4.238237265469265713e-01,4.261304053254794111e-01,4.285561922583229211e-01,4.310987443183047496e-01,4.337554700087724036e-01,4.365235689380099759e-01,4.394000568316547284e-01,4.423816965699537973e-01,4.454650647259135177e-01,4.486465620909978469e-01,4.519223302041270318e-01,4.552883786447216585e-01,4.587405026348345682e-01,4.622742985154894568e-01,4.658851998310464815e-01,4.695684875633358568e-01,4.733192768275135687e-01,4.771324961525628683e-01,4.810029465709736440e-01,4.849252914792440694e-01,4.888940539281858566e-01,4.929036561787483173e-01,4.969483867799377452e-01,5.010224230864180894e-01,5.051198541912171880e-01,5.092346979827290232e-01,5.133608848329267449e-01,5.174922916052007160e-01,5.216227090620932927e-01,5.257459215807167574e-01,5.298556778081691121e-01,5.339456825353728897e-01,5.380096368343068036e-01,5.420412563726907385e-01,5.460342788456591379e-01,5.499824293420016996e-01,5.538795022643888677e-01,5.577193265149160695e-01,5.614958012276922705e-01,5.652028851309752744e-01,5.688346306617774184e-01,5.723851479474690862e-01,5.758487239166675264e-01,5.792196872454113965e-01,5.824925766178941089e-01,5.856619817649553195e-01,5.887226910001623903e-01,5.916696581353211304e-01,5.944979836164564491e-01,5.972029863356340673e-01,5.997801257484348669e-01,6.022251126352017314e-01,6.045338145977490196e-01,6.067023914529923179e-01,6.087271501664029971e-01,6.106046781926167677e-01,6.123318101517418732e-01,6.139056139706593473e-01,6.153234086666627967e-01,6.165828071378641750e-01,6.176816646088528762e-01,6.186181196566795659e-01,6.193905945699111903e-01,6.199977956538795798e-01,6.204387165518365777e-01,6.207126368096340663e-01,6.208191496625606876e-01,6.207581092294378600e-01,6.205297091557306910e-01,6.201344168207775231e-01,6.195730172501622279e-01,6.188465781581786729e-01,6.179564839264305443e-01,6.169043932270228403e-01,6.156922962096573748e-01,6.143224457070179945e-01,6.127973997053141053e-01,6.111200181291235323e-01,6.092934088277935922e-01,6.073209874454822410e-01,6.052064529591588693e-01,6.029537407147524952e-01,6.005670451441285085e-01,5.980508517833880155e-01,5.954098769306652716e-01,5.926490721442171372e-01,5.897736200127424722e-01,5.867889312374964250e-01,5.837006205084552812e-01,5.805145010797937433e-01,5.772366043870159613e-01,5.738731238162109172e-01,5.704304351594482458e-01,5.669150380887733043e-01,5.633336357129291594e-01,5.596930391537171534e-01,5.560001733530985923e-01,5.522620938812545788e-01,5.484859359163458681e-01,5.446789291548371770e-01,5.408483876515025601e-01,5.370016530741189564e-01,5.331461244787186748e-01,5.292892340236364790e-01,5.254384532570243183e-01,5.216012033881929355e-01,5.177849407555020766e-01,5.139970734633467764e-01,5.102449663556766213e-01
1.164073471125172815e-01,1.152937155032320027e-01,1.142260549245776441e-01,1.132062519273837192e-01,1.122361704613437511e-01,1.113176064225769590e-01,1.104523364513378403e-01,1.096420755401034397e-01,1.088884932423249546e-01,1.081932090187143897e-01,1.075577788315758149e-01,1.069837048874451579e-01,1.064724192029808808e-01,1.060253051903732729e-01,1.056436679603431766e-01,1.053287475804608048e-01,1.050817128743787854e-01,1.049036552840335174e-01,1.047955989765649992e-01,1.047584943593498907e-01,1.047931899520706811e-01,1.049004824071889108e-01,1.050810759237426617e-01,1.053355804926213724e-01,1.056645374626074552e-01,1.060683976384216715e-01,1.065475251900947357e-01,1.071021952904573915e-01,1.077326030888589303e-01,1.084388399309040435e-01,1.092209310380248821e-01,1.100787920029515227e-01,1.110122632871880510e-01,1.120210851879748781e-01,1.131049312498201703e-01,1.142633584711254396e-01,1.154958577748426002e-01,1.168018298153206264e-01,1.181805782043820613e-01,1.196313332895479892e-01,1.211532389200476734e-01,1.227453557440219417e-01,1.244066544132306495e-01,1.261360423386647112e-01,1.279323384603158198e-01,1.297942819247516200e-01,1.317205482914922399e-01,1.337097255547842478e-01,1.357603522845144406e-01,1.378708718865303551e-01,1.400396818063600335e-01,1.422651022364581352e-01,1.445454079738931474e-01,1.468787893042358406e-01,1.492634071461095835e-01,1.516973530657448332e-01,1.541786658386412601e-01,1.567053443363854714e-01,1.592753365934554965e-01,1.618865450709422171e-01,1.645368414895792275e-01,1.672240456458936042e-01,1.699459649140026285e-01,1.727003569970790298e-01,1.754849582134234975e-01,1.782974744616577789e-01,1.811356073466129368e-01,1.839970165806498470e-01,1.868793658482677256e-01,1.897802931796876980e-01,1.926974371486697701e-01,1.956284189442268617e-01,1.985708653635610277e-01,2.015223979461726322e-01,2.044806522013776495e-01,2.074432452834057139e-01,2.104078241084533230e-01,2.133720376611860925e-01,2.163335557233199424e-01,2.192900608845025912e-01,2.222392492716351309e-01,2.251788436564689244e-01,2.281066040021855479e-01,2.310202977218777654e-01,2.339177301157221167e-01,2.367967428563650112e-01,2.396552044832371553e-01,2.424910192329405578e-01,2.453021427494907480e-01,2.480865580679285365e-01,2.508422955716917424e-01,2.535674188386428662e-01,2.562600565882150461e-01,2.589183788519984764e-01,2.615405959228191413e-01,2.641249762906880405e-01,2.666698345608629062e-01,2.691735502418445281e-01,2.716345495391726539e-01,2.740513003767762745e-01,2.764223585210933698e-01,2.787463005392243343e-01,2.810218021934060562e-01,2.832475552509936545e-01,2.854223320275296460e-01,2.875449779452114440e-01,2.896143634375918374e-01,2.916294592140757924e-01,2.935892688087591851e-01,2.954928524404457080e-01,2.973393520849030303e-01,2.991279679907447031e-01,3.008579404773106258e-01,3.025285945818736444e-01,3.041392925297424221e-01,3.056894782122513421e-01,3.071786390835860026e-01,3.086063310466002352e-01,3.099721500526366746e-01,3.112757772281702917e-01,3.125169306589741236e-01,3.136953914518488262e-01,3.148109864651777445e-01,3.158636108697144840e-01,3.168532022128552339e-01,3.177797661449728861e-01,3.186433314727193378e-01,3.194440064402495616e-01,3.201819308214215454e-01,3.208573009479258054e-01,3.214703605259146002e-01,3.220213847133942542e-01,3.225107087814698126e-01,3.229387139633839165e-01,3.233058136522578008e-01,3.236124722869945236e-01,3.238591756630572194e-01,3.240464641830160808e-01,3.241749207923737552e-01,3.242451484566275521e-01,3.242577941372934980e-01,3.242135411336926620e-01,3.241130857461381187e-01,3.239571935950278370e-01,3.237466183549127519e-01,3.234821731822710711e-01,3.231646788613165011e-01,3.227949990769035105e-01,3.223740137268745198e-01,3.219026241004733779e-01,3.213817633681449459e-01,3.208123790877513426e-01,3.201954424100631469e-01,3.195319466153341281e-01,3.188229019453618363e-01,3.180693292359165203e-01,3.172722840170809078e-01,3.164328254395448181e-01,3.155520246275280161e-01,3.146309749290390756e-01,3.136707763013004135e-01,3.126725499477827075e-01,3.116374097619037387e-01,3.105665118823521809e-01,3.094609902633555509e-01,3.083220151214012827e-01,3.071507326833082807e-01,3.059483372363750453e-01,3.047159997620342287e-01,3.034549080625749684e-01,3.021662586115719806e-01,3.008512448500568759e-01,2.995110687314699316e-01,2.981469398964893269e-01,2.967600746001661238e-01,2.953516775743623146e-01,2.939229696724026675e-01,2.924751634953108859e-01,2.910094775776297937e-01,2.895271409088064907e-01,2.880293612607234266e-01,2.865173701932957062e-01,2.849923704439691896e-01,2.834555968904840517e-01,2.819082515970860459e-01,2.803515502880620236e-01,2.787867132406446347e-01,2.772149404676532702e-01,2.756374254147421765e-01,2.740553830246306166e-01,2.724700044648433739e-01,2.708824669876431779e-01,2.692939637053567981e-01,2.677056681779346747e-01,2.661187509434617682e-01,2.645343617187941865e-01,2.629536629193962027e-01,2.613777975262718822e-01,2.598079034287837374e-01,2.582450994819764922e-01,2.566904980231669020e-01,2.551451989053554747e-01,2.536102935765031097e-01,2.520868561825996834e-01,2.505759594861762252e-01,2.490786450057819179e-01,2.475959415455212809e-01,2.461288671984419030e-01,2.446784279981181476e-01,2.432456066685909635e-01,2.418313688039254172e-01,2.404366526827891315e-01,2.390623973149204329e-01,2.377094981021107278e-01,2.363788376753338805e-01,2.350712859734817861e-01,2.337876821060504151e-01,2.325288297622318257e-01,2.312955320116556468e-01,2.300885495754020349e-01,2.289086111389662670e-01,2.277564393641582918e-01,2.266327046678729973e-01,2.255380801945919000e-01,2.244731699055309837e-01,2.234385722540447594e-01,2.224348516091526895e-01,2.214625390274969907e-01,2.205221331178464084e-01,2.196140914048754778e-01,2.187388509843091744e-01,2.178967946575290360e-01,2.170882876334319089e-01,2.163136642184463332e-01,2.155731939461172364e-01,2.148671327012584564e-01,2.141956880543518238e-01,2.135590420257055533e-01,2.129573211719781034e-01,2.123906243207223932e-01,2.118590133916401219e-01,2.113624988650351089e-01,2.109010584323952053e-01,2.104746295293359881e-01,2.100831145078267681e-01,2.097263674835067038e-01,2.094042087813332287e-01,2.091164132548814780e-01,2.088627150546267797e-01,2.086428189042758286e-01,2.084563828498829097e-01,2.083030241070791266e-01,2.081823230017823823e-01,2.080938256577508083e-01,2.080370309606863199e-01,2.080114104121528196e-01,2.080163969133025370e-01,2.080513861073265969e-01,2.081157304397228680e-01,2.082087626329357788e-01,2.083297714971690806e-01,2.084780138270717065e-01,2.086527187876736633e-01,2.088530922952005486e-01,2.090782978534617420e-01,2.093274737626535098e-01,2.095997345038344284e-01,2.098941699965218566e-01,2.102098379494497793e-01,2.105457918454969601e-01,2.109010401641862875e-01,2.112745924419352495e-01,2.116654223750274733e-01,2.120725055265912651e-01,2.124947855634739813e-01,2.129312057442064865e-01,2.133806821249655816e-01,2.138421386695522897e-01,2.143144830364845654e-01,2.147966168452255520e-01,2.152874403475958376e-01,2.157858437659339879e-01,2.162907193959172913e-01,2.168009698073165570e-01,2.173154912067977174e-01,2.178331829729590607e-01,2.183529585734590162e-01,2.188737387852379979e-01,2.193944481020394799e-01,2.199140246722774972e-01,2.204314316314333333e-01,2.209456355239625969e-01,2.214556241983414164e-01,2.219604112463742784e-01,2.224590034854565246e-01,2.229504814711255056e-01,2.234339121385376103e-01,2.239083795487601947e-01,2.243730211862745572e-01,2.248270128074598972e-01,2.252695169844741163e-01,2.256997639547095313e-01,2.261170028199490367e-01,2.265205204752545887e-01,2.269096341863351407e-01,2.272837006704240270e-01,2.276421260018440806e-01,2.279843276549691489e-01,2.283097819726352673e-01,2.286180061549007436e-01,2.289085462095257484e-01,2.291809935394307773e-01,2.294349810419786528e-01,2.296701810200616478e-01,2.298863287617869400e-01,2.300831638542620294e-01,2.302604962458977278e-01,2.304181769939855073e-01,2.305560849216772012e-01,2.306741519687106612e-01,2.307723500970556008e-01,2.308506924212225808e-01,2.309092423884487044e-01,2.309480818296312798e-01,2.309673437737578272e-01,2.309672198331961523e-01,2.309479036487694648e-01,2.309096547782001074e-01,2.308527594115818427e-01,2.307775342902996796e-01,2.306843415619655169e-01,2.305735609836306599e-01,2.304456318868476905e-01,2.303009713381881374e-01,2.301400933103930346e-01,2.299634849082152488e-01,2.297716830791233511e-01,2.295652365808431850e-01,2.293447321053398713e-01,2.291107629647325394e-01,2.288639491107231083e-01,2.286049107005983794e-01,2.283343061579753974e-01,2.280527926938649974e-01,2.277610397387431485e-01,2.274597219234091861e-01,2.271495346313162078e-01,2.268311478859038055e-01,2.265052728076790978e-01,2.261725892463877507e-01,2.258337992322248799e-01,2.254895715352179808e-01,2.251406000419119979e-01,2.247875490270122012e-01,2.244310741401937259e-01,2.240718310396624391e-01,2.237104602055677849e-01,2.233475674065638072e-01,2.229837607572399405e-01,2.226196175760954687e-01,2.222556889006933878e-01,2.218925133714516607e-01,2.215306087790754608e-01,2.211704373212718677e-01,2.208124593006038083e-01,2.204571019882687333e-01,2.201047524797222765e-01,2.197557645090344736e-01,2.194104618233946591e-01,2.190691258341076475e-01,2.187320158829852146e-01,2.183993349419534602e-01,2.180712598556595327e-01,2.177479333782075255e-01,2.174294270562630582e-01,2.171158172835412625e-01,2.168070980678425685e-01,2.165032435246542486e-01,2.162041758926621648e-01,2.159097886029389124e-01,2.156199259138537327e-01,2.153343760338316260e-01,2.150529000854705663e-01,2.147752274580373988e-01,2.145010075834447860e-01,2.142298952301191772e-01,2.139614798204767521e-01,2.136953155320325259e-01,2.134309060278914705e-01,2.131677477926714193e-01,2.129052670622551824e-01,2.126428772514810384e-01,2.123799472511018471e-01,2.121158238200959445e-01,2.118497980770918943e-01,2.115811638705666631e-01,2.113091611879724385e-01,2.110330253475810047e-01,2.107519494354256340e-01,2.104651112796959433e-01,2.101716719211616236e-01,2.098707739407767170e-01,2.095615341281770461e-01,2.092430736732088514e-01,2.089144801405324325e-01,2.085748530901725684e-01,2.082232710398581321e-01,2.078588195840555264e-01,2.074805731831748934e-01,2.070876228263490992e-01,2.066790405641708572e-01,2.062539193372585899e-01,2.058113575347074453e-01,2.053504808694889827e-01,2.048703924007702071e-01,2.043702532829473062e-01,2.038492146866582033e-01,2.033064707593215670e-01,2.027412168225364020e-01,2.021527046663779137e-01,2.015401940136026804e-01,2.009029898005966763e-01,2.002404105435301451e-01,1.995518458151593622e-01,1.988367029546228848e-01,1.980944341113884399e-01,1.973245338016606232e-01
3.723923798278492847e-01,3.731603331087906539e-01,3.739269719745119680e-01,3.746890206308205462e-01,3.754431191632975895e-01,3.761859755431757879e-01,3.769142508777039713e-01,3.776246638635755715e-01,3.783139187282997806e-01,3.789787939607076606e-01,3.796161019400225434e-01,3.802227399784960382e-01,3.807956451803879427e-01,3.813318754987599646e-01,3.818285707738462431e-01,3.822829676750359451e-01,3.826924456351757375e-01,3.830544875523607118e-01,3.833667326690919364e-01,3.836269669638614488e-01,3.838331407191878930e-01,3.839833524320113156e-01,3.840758991349635387e-01,3.841092373594011677e-01,3.840820559279978785e-01,3.839932143136512432e-01,3.838417798305691631e-01,3.836270432576807665e-01,3.833485177316965919e-01,3.830059327403850244e-01,3.825992502191903344e-01,3.821286802397010351e-01,3.815946478396706754e-01,3.809978305491160677e-01,3.803391410979586329e-01,3.796197373923577145e-01,3.788410416235408196e-01,3.780046794046457159e-01,3.771125751108946877e-01,3.761668558057674194e-01,3.751698743931422553e-01,3.741242676940455536e-01,3.730328966256339918e-01,3.718988247396721181e-01,3.707253500299116933e-01,3.695160103496337722e-01,3.682745390575488664e-01,3.670048950166188706e-01,3.657111884043328098e-01,3.643977734617625530e-01,3.630691652955789772e-01,3.617300567725681981e-01,3.603852849693522931e-01,3.590398555664005009e-01,3.576989110139334183e-01,3.563677217855415469e-01,3.550516715459752226e-01,3.537562488390365578e-01,3.524870362402637847e-01,3.512496925821848581e-01,3.500499337821766366e-01,3.488935299960209679e-01,3.477862816707916749e-01,3.467340173510543022e-01,3.457425486676023452e-01,3.448177126030267936e-01,3.439652849853369609e-01,3.431910056708684653e-01,3.425005717938527927e-01,3.418996038993267761e-01,3.413936172485003140e-01,3.409880504003267032e-01,3.406881948662042747e-01,3.404992220762884103e-01,3.404261573798285645e-01,3.404738359803149983e-01,3.406469391149040682e-01,3.409499506283732995e-01,3.413871293959937492e-01,3.419625220494710294e-01,3.426799269439644302e-01,3.435429299915321866e-01,3.445548122791389223e-01,3.457186200040352486e-01,3.470370710043810814e-01,3.485126227712827540e-01,3.501474126693432387e-01,3.519432700363964717e-01,3.539016904828999333e-01,3.560238518736607571e-01,3.583105884074921921e-01,3.607623749870997321e-01,3.633793478281167055e-01,3.661612763579999985e-01,3.691075803928141608e-01,3.722173147325842923e-01,3.754891558969151166e-01,3.789214157666033755e-01,3.825120407483838525e-01,3.862585945669539944e-01,3.901582861548791858e-01,3.942079626787448610e-01,3.984040841716820491e-01,4.027427579038865835e-01,4.072197469989484175e-01,4.118304614230256511e-01,4.165699446001381312e-01,4.214329196800379318e-01,4.264137977479002251e-01,4.315066114396332031e-01,4.367051324741134111e-01,4.420028283934144264e-01,4.473928683218191815e-01,4.528681232759371733e-01,4.584212240322026455e-01,4.640445341984804073e-01,4.697301974412056991e-01,4.754701203326543446e-01,4.812559863872465371e-01,4.870793351124507176e-01,4.929314876679542490e-01,4.988036137267242709e-01,5.046867567958278622e-01,5.105718337556005570e-01,5.164496449485389551e-01,5.223109137137427194e-01,5.281463090095513957e-01,5.339464248543618341e-01,5.397018462419862495e-01,5.454031382859894084e-01,5.510409167698163690e-01,5.566057658980875233e-01,5.620883829135884246e-01,5.674794875895219359e-01,5.727699152831877694e-01,5.779506264823741635e-01,5.830126898670059399e-01,5.879473168173587894e-01,5.927459308577934793e-01,5.974001073978389975e-01,6.019016517184643256e-01,6.062425802785005313e-01,6.104151568581354104e-01,6.144119116627390076e-01,6.182256615578546333e-01,6.218494963228436978e-01,6.252768418909547821e-01,6.285014314615814390e-01,6.315173535632798707e-01,6.343190328271416378e-01,6.369012875542594543e-01,6.392593012358767091e-01,6.413886346220665224e-01,6.432852853301781471e-01,6.449456227785376194e-01,6.463664804619178028e-01,6.475450970766609693e-01,6.484791432094485497e-01,6.491667412539844362e-01,6.496064582747778093e-01,6.497973345856807859e-01,6.497388133793188247e-01,6.494308762474543251e-01,6.488738922173544754e-01,6.480687202510382328e-01,6.470166801491334940e-01,6.457195418418649746e-01,6.441795284059486093e-01,6.423993322567853603e-01,6.403820770186362532e-01,6.381313237115471271e-01,6.356510745960687325e-01,6.329457618304056288e-01,6.300202204936815598e-01,6.268797207282382766e-01,6.235299207812977640e-01,6.199768379387222694e-01,6.162269096794280587e-01,6.122868997760551046e-01,6.081639383066941296e-01,6.038654854298944885e-01,5.993993307417680994e-01,5.947735489484042848e-01,5.899965054354386895e-01,5.850768380595671170e-01,5.800234275064067857e-01,5.748454017743209743e-01,5.695520945462599904e-01,5.641530456467878096e-01,5.586579410965579751e-01,5.530766450369204446e-01,5.474191523816227534e-01,5.416955741096961541e-01,5.359161026747536472e-01,5.300910097504452079e-01,5.242306144265094225e-01,5.183452739306020352e-01,5.124453174304702818e-01,5.065411256272407403e-01,5.006429836694348268e-01,4.947611429230187041e-01,4.889057745864667237e-01,4.830869719644344529e-01,4.773146596454359014e-01,4.715986787170222683e-01,4.659486842351110436e-01,4.603741384332769027e-01,4.548843416068465983e-01,4.494883526169742294e-01,4.441949872526615994e-01,4.390128360417919762e-01,4.339501989191509312e-01,4.290151084854366692e-01,4.242152851726699314e-01,4.195581335112261723e-01,4.150507280064637539e-01,4.106997895193723047e-01,4.065117183660570399e-01,4.024925133327106330e-01,3.986477919002672232e-01,3.949828184811409182e-01,3.915024218320731220e-01,3.882110509358768780e-01,3.851127163195890435e-01,3.822110342846349318e-01,3.795091821802165644e-01,3.770099144182905149e-01,3.747155506865446628e-01,3.726279641072577919e-01,3.707486126414925032e-01,3.690784920729756058e-01,3.676182059644659827e-01,3.663678653413448560e-01,3.653271958778268047e-01,3.644954511052473922e-01,3.638715116926030668e-01,3.634537889781248032e-01,3.632403197144746798e-01,3.632287099621088200e-01,3.634161799742702259e-01,3.637995555330840736e-01,3.643752881476858274e-01,3.651394480994359371e-01,3.660877707380620905e-01,3.672156331210036928e-01,3.685180678880775607e-01,3.699898114608457522e-01,3.716252618018268117e-01,3.734185732650116551e-01,3.753635788848522781e-01,3.774538921975442163e-01,3.796828411133739145e-01,3.820435660866834948e-01,3.845289865997914003e-01,3.871317968004114873e-01,3.898445588783466254e-01,3.926596889294242665e-01,3.955694058167461002e-01,3.985658713329449099e-01,4.016410965309674674e-01,4.047870625682749579e-01,4.079956315224207986e-01,4.112586683871031767e-01,4.145679907722245594e-01,4.179154044511289579e-01,4.212927463087615121e-01,4.246918574006454672e-01,4.281046685805990903e-01,4.315231199759126945e-01,4.349392994286119252e-01,4.383453446425720212e-01,4.417335357483901936e-01,4.450962691948408545e-01,4.484261174089402835e-01,4.517158156051479523e-01,4.549582606042384403e-01,4.581465617103749888e-01,4.612740184375504482e-01,4.643341722371618907e-01,4.673208115469600354e-01,4.702279286548913806e-01,4.730498168434990602e-01,4.757810048437684514e-01,4.784163307874021442e-01,4.809509002757396678e-01,4.833801188147029415e-01,4.856996905580405199e-01,4.879056404478434583e-01,4.899943000745463628e-01,4.919623200180396339e-01,4.938066740534344246e-01,4.955246734145601351e-01,4.971139537900322591e-01,4.985724750457248278e-01,4.998985336867248219e-01,5.010907642421724706e-01,5.021481214712102403e-01,5.030698983916405131e-01,5.038556968237023481e-01,5.045054793504272217e-01,5.050194852976375159e-01,5.053983018615145761e-01,5.056427942116313856e-01,5.057541702291941110e-01,5.057338681038455741e-01,5.055836854151638526e-01,5.053056617075174506e-01,5.049021003225360182e-01,5.043756013814848504e-01,5.037289571824397072e-01,5.029652648158735584e-01,5.020878014966264624e-01,5.011000742779212480e-01,5.000058154705261382e-01,4.988089235490723028e-01,4.975134850843065393e-01,4.961237555761984219e-01,4.946441517574444724e-01,4.930792052171168449e-01,4.914336105966811141e-01,4.897121268628829571e-01,4.879196450915846972e-01,4.860611296290295313e-01,4.841416094676591619e-01,4.821661732010577572e-01,4.801399520616649874e-01,4.780680927242428879e-01,4.759557704331671135e-01,4.738081210597790416e-01,4.716303126231380927e-01,4.694274469728290655e-01,4.672046041591037535e-01,4.649667876573526093e-01,4.627189606213699125e-01,4.604659665536027791e-01,4.582125895314320130e-01,4.559634977442159620e-01,4.537232264518424318e-01,4.514962050584949704e-01,4.492867062252760002e-01,4.470988717162824866e-01,4.449366856351767985e-01,4.428039646109681593e-01,4.407043308318023267e-01,4.386412612753432527e-01,4.366180284099845932e-01,4.346376917273124807e-01,4.327031484453199295e-01,4.308170581068045402e-01,4.289818963293607901e-01,4.271999088205593598e-01,4.254731369657005491e-01,4.238033865119417709e-01,4.221922768640583024e-01,4.206411705029649561e-01,4.191512210715916398e-01,4.177233867603470929e-01,4.163583635251264514e-01,4.150566616907656048e-01,4.138185500210457834e-01,4.126441226035281185e-01,4.115332113618296872e-01,4.104854966537709315e-01,4.095004206178055051e-01,4.085772430015179868e-01,4.077150336506929484e-01,4.069126810587587739e-01,4.061688912618827141e-01,4.054822152162522730e-01,4.048510076434186367e-01,4.042734937109991322e-01,4.037477820020036745e-01,4.032717910072641243e-01,4.028433304443563290e-01,4.024601134837439420e-01,4.021197084764810414e-01,4.018196239264916758e-01,4.015572511808922496e-01,4.013299194001710424e-01,4.011348868931485789e-01,4.009693402754953562e-01,4.008304479835777534e-01,4.007153125213858136e-01,4.006210493818254115e-01,4.005447255199055534e-01,4.004834063448271531e-01,4.004342051685674253e-01,4.003941911563794198e-01,4.003605172864263539e-01,4.003303374344159837e-01,4.003008796097874966e-01,4.002694023556834235e-01,4.002332328274879059e-01,4.001898222534728822e-01,4.001366352512771840e-01,4.000712918843876698e-01,3.999914651635668728e-01,3.998949611732671161e-01,3.997796998119658163e-01,3.996437148515384896e-01,3.994851764618785328e-01,3.993023931564341211e-01,3.990937945131058373e-01,3.988579722072536637e-01,3.985936511773816582e-01,3.982997286869293663e-01,3.979752530708240976e-01,3.976193979680027191e-01,3.972315483752033582e-01,3.968112177581279987e-01,3.963580798561133767e-01,3.958719888569980361e-01,3.953529528804075599e-01,3.948011513635862890e-01,3.942168924263448337e-01,3.936006937170255515e-01,3.929531839390544845e-01,3.922751622160150498e-01,3.915675916076855612e-01,3.908315446613717103e-01,3.900682809434117271e-01,3.892791512319631608e-01,3.884656704155597939e-01,3.876294629455179774e-01,3.867722763104576855e-01,3.858959749356498103e-01,3.850025132074796352e-01
3.291830156983316935e-01,3.314846772860701174e-01,3.337113136611229436e-01,3.358615646730845339e-01,3.379341993048660675e-01,3.399282005875366441e-01,3.418426768425428808e-01,3.436768909653757920e-01,3.454302996338569076e-01,3.471024921489582749e-01,3.486932490309571087e-01,3.502024738284144623e-01,3.516302644376163578e-01,3.529768436702500067e-01,3.542426127089259857e-01,3.554281019422304566e-01,3.565340042485178329e-01,3.575611520755538897e-01,3.585105186803220212e-01,3.593832136939753563e-01,3.601804854576914905e-01,3.609037057966125173e-01,3.615543701247996289e-01,3.621340828125805267e-01,3.626445883698802830e-01,3.630877207008562646e-01,3.634654240691773674e-01,3.637797265886211773e-01,3.640327600230536254e-01,3.642267562386344304e-01,3.643639923379838885e-01,3.644468294318587986e-01,3.644777232464788685e-01,3.644591501749687157e-01,3.643936698160452070e-01,3.642838647275201125e-01,3.641323723400566315e-01,3.639418767386992104e-01,3.637150444765422930e-01,3.634546059343417013e-01,3.631632743074656999e-01,3.628438041718487495e-01,3.624989191977181502e-01,3.621313421400368937e-01,3.617437884386360269e-01,3.613389598779126466e-01,3.609195129219426867e-01,3.604880929510745902e-01,3.600473065856915622e-01,3.595996874528284426e-01,3.591477627978093001e-01,3.586939680642901029e-01,3.582407083522616831e-01,3.577903064288265322e-01,3.573450127752028083e-01,3.569070198633953472e-01,3.564784169426954419e-01,3.560612338717554226e-01,3.556574045854214994e-01,3.552687629755981735e-01,3.548970685063039809e-01,3.545439576512866564e-01,3.542109983239754567e-01,3.538996190273265285e-01,3.536111731713391659e-01,3.533469102486636038e-01,3.531079379128718165e-01,3.528952833147019352e-01,3.527098488848406377e-01,3.525524345927568692e-01,3.524237201381309470e-01,3.523242825271662437e-01,3.522545735453259663e-01,3.522149330920608112e-01,3.522056041559392114e-01,3.522267050969094537e-01,3.522782551628290681e-01,3.523601541987932406e-01,3.524721998602607376e-01,3.526140946231332562e-01,3.527854249565525735e-01,3.529856860622239134e-01,3.532142791904770984e-01,3.534704961011347346e-01,3.537535540498591979e-01,3.540625803160377116e-01,3.543966070573716376e-01,3.547545943610266872e-01,3.551354291337833202e-01,3.555379102702032612e-01,3.559607863133197880e-01,3.564027352309319108e-01,3.568623713388516250e-01,3.573382459833572278e-01,3.578288885909791661e-01,3.583327538424172509e-01,3.588482679209279436e-01,3.593738131906246691e-01,3.599077478933746521e-01,3.604483960363507045e-01,3.609940820469655365e-01,3.615430695934007121e-01,3.620936552449676160e-01,3.626440983135028606e-01,3.631926796434120641e-01,3.637376497634051686e-01,3.642773031328658817e-01,3.648099156172640023e-01,3.653338024190882494e-01,3.658472768448385315e-01,3.663487045195696346e-01,3.668364430827058542e-01,3.673089238190179739e-01,3.677645803692713988e-01,3.682019124263435361e-01,3.686194463856669601e-01,3.690157699943044101e-01,3.693895127729813210e-01,3.697393660620713063e-01,3.700640641409896348e-01,3.703624289885470433e-01,3.706332964329261404e-01,3.708756212807367003e-01,3.710883922682164382e-01,3.712706831829275522e-01,3.714216179573837651e-01,3.715404098057124016e-01,3.716263373263533065e-01,3.716787554478456213e-01,3.716970858939411260e-01,3.716808584369634127e-01,3.716296137507972275e-01,3.715430486458757842e-01,3.714208577067846240e-01,3.712628661845652767e-01,3.710689524240285420e-01,3.708390698436984656e-01,3.705732428473165196e-01,3.702715776316602425e-01,3.699342377511816715e-01,3.695614757258025573e-01,3.691535840306821026e-01,3.687109421074710180e-01,3.682339825113223331e-01,3.677232134099109873e-01,3.671791777266832923e-01,3.666024987778135902e-01,3.659938491947348771e-01,3.653539326944208465e-01,3.646835315773176989e-01,3.639834422063789598e-01,3.632545311021832535e-01,3.624976937320507075e-01,3.617138664913505663e-01,3.609039997455302240e-01,3.600691057487999669e-01,3.592101891223062338e-01,3.583283068779128389e-01,3.574245209311404659e-01,3.564999049324469871e-01,3.555555531156385785e-01,3.545925757234422715e-01,3.536120825305871795e-01,3.526151789155265170e-01,3.516029821622641549e-01,3.505766126245887238e-01,3.495371425837971446e-01,3.484857008860866578e-01,3.474233520552063026e-01,3.463511669886772393e-01,3.452701842652005082e-01,3.441814406275101601e-01,3.430859452963905820e-01,3.419846602487285891e-01,3.408785521061877821e-01,3.397685333064247026e-01,3.386555022848588559e-01,3.375402968732397757e-01,3.364237534014600794e-01,3.353066402599223506e-01,3.341897125675373781e-01,3.330736724698162288e-01,3.319591743193386346e-01,3.308468584548734936e-01,3.297372766074431749e-01,3.286309856411506192e-01,3.275284676148488283e-01,3.264301901085688296e-01,3.253365427741767291e-01,3.242478949487093698e-01,3.231645671415177556e-01,3.220868383873367047e-01,3.210149349728051438e-01,3.199490725916090961e-01,3.188893907196527766e-01,3.178360070227626011e-01,3.167890065425051915e-01,3.157484237615044154e-01,3.147142813817018214e-01,3.136865478778848582e-01,3.126651643673055148e-01,3.116500491390565286e-01,3.106410905065299932e-01,3.096381475509367709e-01,3.086410702661714356e-01,3.076496731235620619e-01,3.066637607511015773e-01,3.056831210638349394e-01,3.047075173386637470e-01,3.037367267695414985e-01,3.027705021503389049e-01,3.018085895187237466e-01,3.008507330373186850e-01,2.998966812260911996e-01,2.989461994669422862e-01,2.979990149208061045e-01,2.970549093326913526e-01,2.961136527731880186e-01,2.951750382060250866e-01,2.942388526312616492e-01,2.933049244937929179e-01,2.923730922617722716e-01,2.914432190799136624e-01,2.905152011448688398e-01,2.895889384245014520e-01,2.886643788056876270e-01,2.877414946448009769e-01,2.868202920679606138e-01,2.859008142496377580e-01,2.849831366923438747e-01,2.840673621261255444e-01,2.831536495945505827e-01,2.822421833523552914e-01,2.813331968870045885e-01,2.804269620683614295e-01,2.795237849019409082e-01,2.786240175188901547e-01,2.777280656633094313e-01,2.768363418605274129e-01,2.759493437254130765e-01,2.750675837528088197e-01,2.741916299355748876e-01,2.733220722281284876e-01,2.724595528796517341e-01,2.716047574666127784e-01,2.707583852981186867e-01,2.699211972566278872e-01,2.690939888793785206e-01,2.682775521970733323e-01,2.674727515965940050e-01,2.666804486707179955e-01,2.659015583988166287e-01,2.651370008182461491e-01,2.643877217321290440e-01,2.636546808181076673e-01,2.629388624740182090e-01,2.622412539103295415e-01,2.615628640134972649e-01,2.609047013082945732e-01,2.602677705491946991e-01,2.596530887357436090e-01,2.590616526762394844e-01,2.584944810183269492e-01,2.579525523066770742e-01,2.574368445038263675e-01,2.569483071660600415e-01,2.564878905018123101e-01,2.560564944752775074e-01,2.556550064480809792e-01,2.552842740858114468e-01,2.549451106778359288e-01,2.546382846321688653e-01,2.543645334711607808e-01,2.541245246797075308e-01,2.539189020798185425e-01,2.537482359623980943e-01,2.536130517688639507e-01,2.535137934412647343e-01,2.534508708881302863e-01,2.534246123300267772e-01,2.534352598432949577e-01,2.534830188785966443e-01,2.535679825390900199e-01,2.536901925814827874e-01,2.538496110132058559e-01,2.540460906490362714e-01,2.542794291936051332e-01,2.545493336278136787e-01,2.548554226067168416e-01,2.551972008697469541e-01,2.555741327678114905e-01,2.559855515279181870e-01,2.564307242494304195e-01,2.569088150332877185e-01,2.574189085692980550e-01,2.579599697781402301e-01,2.585309121622602624e-01,2.591305355093425633e-01,2.597575487255648907e-01,2.604105922069928636e-01,2.610881991838010507e-01,2.617888222641202023e-01,2.625108531734730577e-01,2.632525774745051450e-01,2.640121874349133924e-01,2.647878463446736164e-01,2.655776201176774376e-01,2.663794935554733012e-01,2.671913975930156337e-01,2.680112063900631503e-01,2.688367222370512399e-01,2.696656901618872393e-01,2.704958165638742251e-01,2.713247580069763076e-01,2.721501317383446250e-01,2.729694934976520382e-01,2.737804051993116272e-01,2.745803745792459449e-01,2.753668937869303557e-01,2.761374376826082888e-01,2.768894797105559413e-01,2.776204699952136146e-01,2.783278794025350056e-01,2.790091669482700487e-01,2.796618156619187778e-01,2.802833134332414766e-01,2.808711845205404956e-01,2.814229876797354479e-01,2.819362747802149904e-01,2.824087128499216948e-01,2.828379663125250576e-01,2.832217474081266673e-01,2.835578438993949235e-01,2.838441268750217517e-01,2.840785107981289581e-01,2.842589894605662693e-01,2.843836637653868737e-01,2.844506897877921436e-01,2.844583382450359688e-01,2.844049673719359350e-01,2.842890584213798033e-01,2.841091766205924296e-01,2.838640089925413279e-01,2.835523616006254133e-01,2.831731628251102917e-01,2.827254704547959574e-01,2.822084647844561589e-01,2.816214530179562137e-01,2.809638984328084454e-01,2.802353980018064683e-01,2.794356689957396833e-01,2.785645995589444146e-01,2.776222021949778518e-01,2.766086698540277111e-01,2.755243147091115397e-01,2.743696048156621936e-01,2.731451792959410096e-01,2.718518073671657986e-01,2.704904302747805911e-01,2.690621092889403099e-01,2.675680978530515230e-01,2.660097839252094087e-01,2.643887156406601879e-01,2.627065480503204542e-01,2.609651378172838099e-01,2.591664575657353087e-01,2.573126270522396730e-01,2.554059054362456949e-01,2.534486868664693748e-01,2.514434993766313520e-01,2.493930117094008414e-01,2.472999821850902502e-01,2.451673342648982290e-01,2.429980885413196012e-01,2.407953569114335557e-01,2.385623855548491545e-01,2.363025065983401229e-01,2.340191477886621463e-01,2.317158243310924459e-01,2.293961449753527393e-01,2.270637750550567324e-01,2.247224553291000959e-01,2.223759946335326920e-01,2.200282540390832431e-01,2.176831299615978599e-01,2.153445848146240404e-01,2.130165878807792623e-01,2.107031469398204238e-01,2.084082817950128619e-01,2.061360284593455050e-01,2.038904115122671112e-01,2.016754635628376924e-01,1.994951947681237736e-01,1.973536043253419081e-01,1.952546421021401912e-01,1.932022275022419744e-01,1.912002437047055914e-01,1.892525264665963214e-01,1.873628073092983570e-01,1.855347952471762263e-01,1.837721110004461034e-01,1.820782787221322252e-01,1.804567340117745056e-01,1.789108223841773815e-01,1.774437787878089534e-01,1.760587316523553325e-01,1.747586874872691654e-01,1.735465231113546003e-01,1.724249822813060662e-01,1.713966880048390928e-01,1.704641031760471825e-01,1.696295555910394548e-01,1.688952176446542885e-01,1.682630909188288504e-01,1.677350319713084015e-01,1.673127305718560276e-01,1.669977037877986292e-01,1.667912927024546854e-01,1.666946668095452833e-01,1.667088126167256268e-01,1.668345432450647758e-01,1.670724824203149717e-01,1.674230797866068932e-01,1.678865865130637625e-01,1.684630814531870024e-01,1.691524403898513884e-01,1.699543627507312249e-01
2.509254398798485552e-01,2.506775392195668140e-01,2.505048674891596217e-01,2.504061261684073503e-01,2.503799200090495725e-01,2.504247099672507471e-01,2.505388606830084020e-01,2.507206316115898059e-01,2.509681785651652342e-01,2.512795537787008149e-01,2.516527416222065217e-01,2.520856332897332130e-01,2.525760401955228218e-01,2.531217235553304135e-01,2.537203828149530160e-01,2.543696427159022888e-01,2.550671069612474584e-01,2.558103151042280254e-01,2.565968098150007148e-01,2.574240736481059333e-01,2.582895855038463973e-01,2.591908179890839992e-01,2.601252337563531025e-01,2.610902881232851080e-01,2.620834674268092135e-01,2.631022531421954858e-01,2.641441733225093347e-01,2.652067546055259517e-01,2.662875834056678825e-01,2.673842696321251378e-01,2.684944894132517135e-01,2.696159473513943805e-01,2.707464239440288689e-01,2.718837570182387475e-01,2.730258551950546231e-01,2.741706953541437897e-01,2.753163222244153219e-01,2.764608758166646196e-01,2.776025820629516860e-01,2.787397385801763661e-01,2.798707498387690285e-01,2.809941037168988687e-01,2.821083954515102299e-01,2.832123056203694755e-01,2.843046212427411956e-01,2.853842380734063489e-01,2.864501523282292350e-01,2.875014450548469269e-01,2.885373395047899914e-01,2.895571254532090522e-01,2.905602249408729687e-01,2.915461440343842803e-01,2.925145095457774569e-01,2.934650503635550245e-01,2.943975780314085910e-01,2.953120257571321128e-01,2.962084024493112366e-01,2.970868307618628745e-01,2.979475171264536204e-01,2.987907587922100094e-01,2.996169393495058952e-01,3.004265308166363946e-01,3.012200731619439908e-01,3.019981919573171414e-01,3.027615842488559639e-01,3.035110064535870844e-01,3.042472902709998372e-01,3.049713120770519703e-01,3.056840151548593232e-01,3.063863718400054448e-01,3.070794328725329203e-01,3.077642501534871289e-01,3.084419204623696786e-01,3.091135834687031014e-01,3.097803923873608256e-01,3.104434987273053115e-01,3.111040970833971464e-01,3.117633751134286091e-01,3.124225101890925615e-01,3.130826793939228136e-01,3.137450626506155249e-01,3.144108206410639039e-01,3.150810785916667855e-01,3.157569518932065167e-01,3.164395194575647663e-01,3.171298151576689706e-01,3.178288473308454876e-01,3.185375599252841528e-01,3.192568784854398767e-01,3.199876389138338606e-01,3.207306369580533167e-01,3.214865969019786163e-01,3.222561889097563803e-01,3.230400085592695092e-01,3.238385695719723789e-01,3.246523221483624266e-01,3.254816204258064172e-01,3.263267689505366387e-01,3.271879479920499767e-01,3.280652810145652243e-01,3.289587968863751932e-01,3.298684371137561855e-01,3.307940373887421903e-01,3.317353814863229777e-01,3.326921095208392187e-01,3.336638057642484778e-01,3.346499666367242498e-01,3.356499797190338752e-01,3.366631544352077787e-01,3.376886956665531292e-01,3.387257407966953182e-01,3.397733273109247443e-01,3.408304185248992035e-01,3.418958769205959203e-01,3.429685139862100329e-01,3.440470451646255312e-01,3.451301148560974030e-01,3.462162811867617318e-01,3.473040748352833607e-01,3.483919285163821211e-01,3.494782278019253896e-01,3.505613035049692794e-01,3.516394287264047458e-01,3.527108370823242578e-01,3.537737136167953822e-01,3.548262049173018795e-01,3.558664389400759132e-01,3.568925088779080768e-01,3.579024708764438900e-01,3.588943963434417239e-01,3.598663215828186157e-01,3.608162771977649341e-01,3.617423027164788363e-01,3.626424446818606873e-01,3.635147586814975740e-01,3.643573088883914068e-01,3.651681906563197799e-01,3.659455201698782467e-01,3.666874607054139701e-01,3.673921981279427706e-01,3.680579809635644017e-01,3.686830792986592331e-01,3.692658451160065747e-01,3.698046773608115179e-01,3.702980516710747683e-01,3.707444983248031067e-01,3.711426204864682332e-01,3.714911110282780315e-01,3.717887508691062326e-01,3.720343806832047129e-01,3.722269688728534476e-01,3.723655403251698304e-01,3.724492501229825225e-01,3.724773340291386847e-01,3.724491352408912936e-01,3.723641045542294137e-01,3.722217959651243357e-01,3.720218872206085270e-01,3.717641525674695857e-01,3.714484878053459505e-01,3.710748947021634270e-01,3.706434956646343371e-01,3.701545367790932128e-01,3.696083627355993273e-01,3.690054422174880999e-01,3.683463648913554156e-01,3.676318240766740519e-01,3.668626235204902608e-01,3.660396882332341839e-01,3.651640518501700905e-01,3.642368445895629026e-01,3.632593285728360488e-01,3.622328302541559797e-01,3.611588051700895807e-01,3.600387944638769322e-01,3.588744310442962271e-01,3.576674401004013015e-01,3.564196403657591272e-01,3.551329117901651511e-01,3.538092204896879922e-01,3.524506152934232528e-01,3.510591958635883580e-01,3.496371346827247262e-01,3.481866434438220526e-01,3.467100094208829253e-01,3.452095626203741663e-01,3.436876440234704067e-01,3.421466537467168223e-01,3.405890283673463914e-01,3.390171963973406255e-01,3.374336310619300283e-01,3.358407949911642043e-01,3.342411584165403404e-01,3.326372013684945617e-01,3.310313793942256111e-01,3.294261447243569396e-01,3.278239250354117451e-01,3.262271041587889719e-01,3.246380675887274858e-01,3.230591129446351850e-01,3.214925397079517744e-01,3.199405710437026040e-01,3.184053764701570977e-01,3.168890671367535217e-01,3.153936789922148209e-01,3.139211835208777224e-01,3.124734698640481145e-01,3.110523468355784749e-01,3.096595285333945680e-01,3.082966483276256553e-01,3.069652433663837554e-01,3.056667349954768631e-01,3.044024711084792889e-01,3.031736643384550511e-01,3.019814300593097744e-01,3.008267767576036089e-01,2.997105984152418912e-01,2.986336619992635555e-01,2.975966268944003623e-01,2.966000277914743188e-01,2.956442913741036960e-01,2.947296997001982444e-01,2.938564341770976140e-01,2.930245604845779228e-01,2.922339871611902007e-01,2.914845428912423153e-01,2.907759253195444926e-01,2.901076877405601717e-01,2.894793109064247028e-01,2.888901266419195979e-01,2.883393757599541640e-01,2.878261708271632191e-01,2.873495438922990530e-01,2.869083905518358124e-01,2.865015348859357158e-01,2.861276797609760836e-01,2.857854775489840904e-01,2.854734531850314228e-01,2.851900598302045120e-01,2.849336818156644746e-01,2.847026225321456216e-01,2.844951262288863414e-01,2.843093649090477903e-01,2.841434616080626974e-01,2.839954989829538423e-01,2.838634907612752056e-01,2.837454474036337770e-01,2.836393128283875020e-01,2.835430224356653151e-01,2.834545051274754979e-01,2.833716639602822940e-01,2.832923951662305595e-01,2.832146134474386456e-01,2.831362189748161673e-01,2.830551486083514590e-01,2.829693589192389669e-01,2.828768167522479060e-01,2.827755410036784101e-01,2.826636031059786003e-01,2.825391001208707453e-01,2.824001878306930946e-01,2.822450962372775041e-01,2.820721232709827442e-01,2.818796329970024162e-01,2.816660601709128353e-01,2.814299419861663321e-01,2.811698892934267890e-01,2.808846273041405994e-01,2.805729508672926142e-01,2.802338076407722145e-01,2.798661954146920428e-01,2.794692678490050541e-01,2.790422978256514863e-01,2.785846421735616585e-01,2.780958073678601594e-01,2.775754205098613925e-01,2.770232407932886609e-01,2.764391454006931981e-01,2.758231593973761164e-01,2.751754373098176387e-01,2.744962621481529808e-01,2.737860557100961767e-01,2.730453799512309598e-01,2.722749175131376487e-01,2.714755019304502248e-01,2.706480973903156451e-01,2.697937939372040406e-01,2.689138192870006994e-01,2.680095233520069509e-01,2.670823940810256869e-01,2.661340273494037234e-01,2.651661522109394764e-01,2.641806179864358284e-01,2.631793724696723791e-01,2.621644818605450844e-01,2.611381148411371922e-01,2.601025421961791761e-01,2.590601266836458083e-01,2.580133216037056032e-01,2.569646653307083861e-01,2.559167694968741968e-01,2.548723155892000936e-01,2.538340618513178493e-01,2.528048034825787771e-01,2.517874016857504782e-01,2.507847767847918297e-01,2.497998429564008971e-01,2.488355782263717009e-01,2.478949668312366572e-01,2.469810207666655877e-01,2.460967378047113630e-01,2.452451412905385653e-01,2.444292034994309526e-01,2.436519208220128685e-01,2.429162345696765646e-01,2.422250715067622850e-01,2.415813040926374222e-01,2.409877508892546705e-01,2.404471896712105927e-01,2.399623202972636926e-01,2.395357673958485312e-01,2.391700838270124085e-01,2.388677183898969547e-01,2.386310397166790387e-01,2.384623143235867215e-01,2.383636794946793203e-01,2.383371714787718421e-01,2.383847084921618675e-01,2.385080609581129996e-01,2.387088895565327440e-01,2.389886791659372178e-01,2.393488043706508694e-01,2.397904684355682270e-01,2.403147240553691055e-01,2.409224691207783320e-01,2.416144230945982962e-01,2.423911510622709653e-01,2.432530476160312816e-01,2.442003242285152587e-01,2.452330236455451118e-01,2.463510144690279347e-01,2.475539649466247660e-01,2.488413951618698994e-01,2.502126181088278889e-01,2.516667788768441882e-01,2.532028267084945883e-01,2.548195484939133060e-01,2.565155355719327401e-01,2.582892051118246268e-01,2.601387969256526156e-01,2.620624002191649371e-01,2.640578771799207414e-01,2.661229792540744654e-01,2.682552593095590687e-01,2.704521172636255022e-01,2.727107962642981165e-01,2.750283901622008753e-01,2.774018433235403425e-01,2.798279590272800266e-01,2.823034098249353474e-01,2.848247209779273259e-01,2.873883170137510046e-01,2.899904993534825892e-01,2.926274493041718938e-01,2.952952619102398035e-01,2.979899335211734779e-01,3.007073676111620686e-01,3.034433984685737107e-01,3.061937831705577873e-01,3.089542243385553499e-01,3.117203718202677387e-01,3.144878289323883025e-01,3.172521700321241922e-01,3.200089395613870957e-01,3.227536642978572901e-01,3.254818729421920520e-01,3.281890813512389204e-01,3.308708395976184269e-01,3.335226964834643315e-01,3.361402628699866058e-01,3.387191512842618324e-01,3.412550397677850400e-01,3.437436739518717754e-01,3.461808596290266715e-01,3.485624789507582588e-01,3.508845091342038813e-01,3.531429811879195357e-01,3.553340903473924395e-01,3.574540984347920336e-01,3.594993979673959394e-01,3.614665033559423812e-01,3.633520759446778881e-01,3.651529053214702114e-01,3.668659125318940450e-01,3.684882261108264334e-01,3.700170633523061636e-01,3.714498714513698729e-01,3.727842212741164230e-01,3.740178939223028354e-01,3.751488339321875087e-01,3.761751746996198076e-01,3.770952523700553671e-01,3.779075662490608556e-01,3.786108273339777730e-01,3.792039701820142938e-01,3.796860905435185951e-01,3.800565065019993471e-01,3.803147310705635720e-01,3.804605000005074622e-01,3.804937422812784131e-01,3.804145841185823107e-01,3.802233632551255682e-01,3.799206363642515516e-01,3.795071377067179563e-01,3.789838082627335902e-01,3.783518110886663344e-01,3.776124712549923657e-01,3.767673190267279426e-01,3.758180762802107999e-01,3.747666478388611000e-01,3.736151335320467282e-01,3.723657807827812638e-01,3.710210253971648608e-01,3.695834639421463619e-01,3.680558497304424193e-01,3.664411053609012425e-01,3.647422742258896733e-01
2.270376026971964445e-01,2.284463372225024325e-01,2.299128574987435170e-01,2.314332864167631953e-01,2.330037602510320049e-01,2.346204367765842846e-01,2.362794950242584624e-01,2.379771741990548972e-01,2.397097449177383044e-01,2.414735498471678732e-01,2.432649808305566153e-01,2.450805136846998522e-01,2.469166855011341311e-01,2.487701229763398802e-01,2.506375466795325302e-01,2.525157766055396991e-01,2.544016994872617121e-01,2.562923482870086422e-01,2.581848333890165437e-01,2.600763853477993104e-01,2.619643586394130863e-01,2.638462065891898356e-01,2.657195194031069518e-01,2.675819992529376301e-01,2.694314796843999549e-01,2.712659112391549443e-01,2.730833652757955754e-01,2.748820585199576727e-01,2.766603214531407340e-01,2.784166031040177236e-01,2.801494818726967817e-01,2.818576630445447373e-01,2.835399772889997672e-01,2.851953663166709174e-01,2.868228949994188204e-01,2.884217440239938979e-01,2.899911857865744014e-01,2.915306334892019402e-01,2.930395882610816738e-01,2.945176449787635931e-01,2.959645273017115774e-01,2.973800069992393880e-01,2.987639829010555470e-01,3.001164219786720544e-01,3.014373574602260963e-01,3.027269350665929837e-01,3.039853222130995958e-01,3.052127969691310616e-01,3.064096530736339918e-01,3.075762669299522689e-01,3.087130590911082439e-01,3.098204766403595545e-01,3.108990266389374812e-01,3.119492161792765672e-01,3.129716166313656345e-01,3.139667986960425483e-01,3.149353464208770603e-01,3.158778515772911466e-01,3.167949315730803628e-01,3.176871852773157645e-01,3.185552127363671659e-01,3.193995989920683232e-01,3.202209243314735887e-01,3.210197446927450793e-01,3.217965999666256294e-01,3.225519984284669905e-01,3.232864164421566655e-01,3.240003003109224178e-01,3.246940615433612787e-01,3.253680714275464791e-01,3.260226505495306681e-01,3.266581015986539938e-01,3.272746415963115330e-01,3.278724615093895345e-01,3.284517100782815557e-01,3.290124738432639862e-01,3.295547950250225511e-01,3.300786484991876102e-01,3.305839679131239439e-01,3.310706504562422325e-01,3.315385012797980036e-01,3.319873021967086890e-01,3.324168022086720908e-01,3.328266549218856230e-01,3.332165050329174982e-01,3.335859266620600505e-01,3.339344871005177073e-01,3.342616517051052449e-01,3.345669053111766655e-01,3.348496712870497882e-01,3.351093601657798571e-01,3.353453118306842229e-01,3.355568800598602852e-01,3.357433964677912219e-01,3.359041523956743935e-01,3.360384371409484983e-01,3.361455357776914621e-01,3.362247249315744591e-01,3.362752698256720185e-01,3.362964736964225709e-01,3.362875962281502429e-01,3.362479566261795672e-01,3.361768867407602945e-01,3.360737170983160160e-01,3.359378281596835381e-01,3.357686232328706555e-01,3.355655516313130748e-01,3.353281017593869873e-01,3.350558152067857343e-01,3.347482646964755060e-01,3.344051067406859090e-01,3.340260419587225971e-01,3.336108434072084794e-01,3.331593446075462595e-01,3.326714662622415886e-01,3.321471821704702343e-01,3.315865761457992278e-01,3.309897962216443723e-01,3.303570691088386635e-01,3.296887252500071974e-01,3.289851926773800783e-01,3.282469719628769989e-01,3.274746708310290466e-01,3.266690001685056410e-01,3.258307533803939116e-01,3.249608343534116095e-01,3.240602344749562991e-01,3.231300570735291533e-01,3.221715088659666826e-01,3.211858821253075202e-01,3.201745684965660588e-01,3.191390711374003097e-01,3.180809692342276840e-01,3.170019554594038502e-01,3.159037903538414183e-01,3.147883511464805717e-01,3.136575669870698135e-01,3.125134925116411222e-01,3.113582227315931927e-01,3.101939501956001433e-01,3.090229275367836204e-01,3.078474716753614171e-01,3.066699631920506430e-01,3.054928437986772494e-01,3.043186038216467160e-01,3.031497650303319191e-01,3.019889090798312803e-01,3.008386248917005457e-01,2.997015435989266452e-01,2.985803141119090509e-01,2.974775768356749950e-01,2.963960079273695869e-01,2.953382637404075584e-01,2.943069717660138362e-01,2.933047831197435062e-01,2.923342883097524991e-01,2.913980543389877442e-01,2.904986135852470897e-01,2.896384395871207107e-01,2.888199525351540786e-01,2.880455099201972846e-01,2.873174001501613839e-01,2.866378157296767260e-01,2.860088686843657579e-01,2.854326022613346003e-01,2.849108960905465948e-01,2.844455820224554010e-01,2.840383378805588221e-01,2.836907390454613265e-01,2.834041956880056778e-01,2.831800337722046867e-01,2.830193851913713754e-01,2.829232650672885430e-01,2.828925270843206108e-01,2.829278347842419938e-01,2.830297379984206829e-01,2.831985869136035006e-01,2.834345564913923199e-01,2.837376720921953033e-01,2.841077391512713546e-01,2.845444167014493653e-01,2.850471431327255001e-01,2.856152056450153021e-01,2.862476762507171757e-01,2.869434631430826110e-01,2.877012452723213265e-01,2.885195512480905333e-01,2.893966956619764552e-01,2.903308143189374246e-01,2.913198595869480045e-01,2.923615871124740084e-01,2.934535697719030667e-01,2.945932222742020934e-01,2.957777536339169511e-01,2.970042293787559795e-01,2.982695281441520851e-01,2.995703784498229272e-01,3.009033399262765474e-01,3.022648450157362499e-01,3.036511510302789540e-01,3.050584068117846992e-01,3.064826054264321309e-01,3.079196587737543789e-01,3.093653181170903932e-01,3.108152719185177104e-01,3.122650732563831966e-01,3.137102386909788598e-01,3.151461704895524019e-01,3.165682127544857116e-01,3.179716623018778443e-01,3.193517848302018236e-01,3.207037796148636266e-01,3.220228541132436617e-01,3.233041904728867766e-01,3.245429732386008181e-01,3.257344054485129536e-01,3.268737111654752558e-01,3.279561470765729458e-01,3.289770454501394492e-01,3.299317459482894455e-01,3.308157205461033090e-01,3.316244889637994242e-01,3.323537006002493244e-01,3.329990582777562214e-01,3.335564416431071599e-01,3.340218512289290786e-01,3.343914092974971108e-01,3.346614251827604303e-01,3.348283453597012960e-01,3.348888063859756237e-01,3.348396414108631980e-01,3.346778699282302316e-01,3.344007338787893246e-01,3.340056659962920005e-01,3.334903645844651821e-01,3.328527115823256555e-01,3.320908854235385399e-01,3.312032959182379943e-01,3.301885831274005700e-01,3.290457001631686973e-01,3.277738319752718787e-01,3.263724680177351178e-01,3.248413597118104956e-01,3.231805466541753380e-01,3.213903602803590553e-01,3.194714374689884284e-01,3.174246939359210429e-01,3.152513314375174347e-01,3.129528902010643154e-01,3.105311708507940138e-01,3.079882809853087267e-01,3.053266314512363966e-01,3.025489323189635149e-01,2.996581669775313372e-01,2.966576321214881573e-01,2.935508917529425221e-01,2.903418105191480358e-01,2.870345098437939169e-01,2.836333939844192242e-01,2.801431329108803880e-01,2.765686464344499496e-01,2.729151132739326413e-01,2.691879466770077389e-01,2.653927876811836284e-01,2.615355199425646870e-01,2.576222105893923309e-01,2.536591583530138916e-01,2.496528348036980427e-01,2.456098912315023974e-01,2.415371513801952696e-01,2.374415828419748076e-01,2.333303080257563555e-01,2.292105681831139996e-01,2.250897102923746784e-01,2.209751982405908644e-01,2.168745620012361985e-01,2.127954032388545691e-01,2.087453862760416667e-01,2.047322117390255880e-01,2.007635831211491140e-01,1.968472431471327277e-01,1.929908899752854345e-01,1.892022185037443294e-01,1.854888813475478737e-01,1.818584625716769265e-01,1.783184629284872702e-01,1.748763254279361579e-01,1.715393601834832582e-01,1.683147632384369152e-01,1.652095737345798954e-01,1.622307214969350986e-01,1.593849153304385535e-01,1.566787102520986186e-01,1.541184609241581516e-01,1.517103026916108710e-01,1.494601385646800173e-01,1.473736401691940479e-01,1.454562195027533644e-01,1.437130300231971858e-01,1.421489249865357241e-01,1.407684937701413064e-01,1.395760030786514228e-01,1.385754192320250155e-01,1.377703839115037299e-01,1.371642054227824037e-01,1.367598489218171121e-01,1.365599283216754334e-01,1.365667216376161563e-01,1.367821209975587371e-01,1.372076648120790776e-01,1.378445171957008164e-01,1.386934553738144171e-01,1.397548817042207903e-01,1.410288284693087535e-01,1.425149230997102001e-01,1.442124038806729680e-01,1.461201588081583458e-01,1.482366366515359690e-01,1.505599423389252234e-01,1.530877842206147810e-01,1.558174863213890315e-01,1.587459974038717969e-01,1.618699009863822647e-01,1.651854110606272852e-01,1.686883764905186822e-01,1.723743017372690589e-01,1.762383422079228656e-01,1.802753057737882525e-01,1.844796927598256753e-01,1.888456594551270462e-01,1.933670698306315938e-01,1.980374917990887218e-01,2.028502009865242317e-01,2.077981970713909110e-01,2.128742327968972947e-01,2.180708004661097155e-01,2.233801621706857921e-01,2.287943707525553205e-01,2.343052656113645271e-01,2.399045043034470082e-01,2.455835711212892014e-01,2.513337911060549712e-01,2.571463485268001281e-01,2.630123090051945112e-01,2.689226373229351430e-01,2.748681944038033897e-01,2.808397935421959035e-01,2.868281696195298380e-01,2.928240387526544475e-01,2.988180980509824725e-01,3.048010303744738692e-01,3.107635556217240858e-01,3.166964165344875459e-01,3.225904177529506645e-01,3.284364241777529281e-01,3.342253918750391350e-01,3.399483936022372754e-01,3.455966100052855206e-01,3.511613647706163244e-01,3.566341469477679049e-01,3.620065928987590276e-01,3.672705572640225791e-01,3.724180721266336924e-01,3.774414020493352950e-01,3.823330333197796915e-01,3.870857002109520661e-01,3.916923998945654462e-01,3.961463894064941593e-01,4.004412283478038237e-01,4.045707484972895229e-01,4.085290956658300665e-01,4.123107532190093405e-01,4.159104897453818062e-01,4.193234423693094626e-01,4.225450818779739603e-01,4.255712151384763442e-01,4.283980197270104151e-01,4.310220258716687125e-01,4.334401458005215924e-01,4.356496592417486990e-01,4.376482076122344966e-01,4.394338236669622644e-01,4.410049163863583588e-01,4.423602844243493815e-01,4.434991032581458437e-01,4.444209157673488786e-01,4.451256671535335774e-01,4.456136817180892384e-01,4.458856378977628654e-01,4.459426114481995218e-01,4.457860161809166777e-01,4.454176693902597850e-01,4.448397067756074130e-01,4.440546553486152681e-01,4.430653481241088043e-01,4.418749813712052887e-01,4.404870610877523740e-01,4.389054211348796808e-01,4.371342083150812630e-01,4.351778778173104323e-01,4.330411460249789513e-01,4.307290262990012830e-01,4.282467995617824652e-01,4.255999939457640324e-01,4.227943803463877770e-01,4.198359553537322486e-01,4.167309247976369591e-01,4.134857075601972576e-01,4.101069093880258531e-01,4.066012923342575691e-01,4.029757944364751876e-01,3.992374799787430373e-01,3.953935377335567880e-01,3.914513006494991232e-01,3.874181757361331302e-01,3.833016379043852062e-01,3.791092517153243913e-01,3.748486234589888944e-01,3.705274037078676308e-01,3.661532424563441190e-01,3.617338207728296728e-01,3.572767931353139637e-01,3.527897959110661286e-01,3.482804295703973985e-01,3.437562239852748336e-01,3.392246557978741417e-01,3.346931133422500482e-01
8.102885416703206056e-01,8.083471919059246336e-01,8.064095519823382130e-01,8.044803934894791952e-01,8.025644616618065053e-01,8.006664626658512862e-01,7.987910206834689664e-01,7.969427019819073088e-01,7.951259827944943126e-01,7.933452469297935794e-01,7.916047738440379344e-01,7.899087285549782900e-01,7.882611235083132328e-01,7.866658556090098120e-01,7.851266494753592617e-01,7.836471009238120677e-01,7.822305986567136271e-01,7.808803801774348852e-01,7.795995050228703427e-01,7.783907891134086432e-01,7.772568915683017998e-01,7.762002555425240313e-01,7.752231069446006151e-01,7.743274447440020580e-01,7.735150457432699023e-01,7.727874545007514806e-01,7.721460025879278710e-01,7.715917658625405240e-01,7.711255936272795042e-01,7.707480909491118970e-01,7.704595990780235271e-01,7.702602537525171655e-01,7.701499393525491621e-01,7.701283021272569140e-01,7.701947140363798461e-01,7.703483825975243615e-01,7.705882059474213897e-01,7.709129012240327761e-01,7.713209384265828916e-01,7.718105716409382477e-01,7.723798158384602708e-01,7.730265362736561396e-01,7.737483370266988736e-01,7.745426323569063465e-01,7.754066737556799538e-01,7.763375215157853892e-01,7.773320175628647410e-01,7.783869061835002601e-01,7.794987327526243792e-01,7.806639144236044991e-01,7.818787470780946824e-01,7.831393506980998120e-01,7.844417908779414139e-01,7.857819807064052586e-01,7.871557746701753899e-01,7.885589196539980472e-01,7.899871257446122730e-01,7.914360088650613800e-01,7.929011844043672985e-01,7.943781626945007890e-01,7.958625006049815376e-01,7.973497394170405705e-01,7.988353919065785957e-01,8.003149996770195784e-01,8.017841288380802567e-01,8.032383936886088316e-01,8.046734612674122378e-01,8.060850540345880777e-01,8.074689430251195121e-01,8.088210387653694822e-01,8.101373006089579443e-01,8.114138419388586820e-01,8.126468425709160170e-01,8.138326270848922350e-01,8.149676696037687629e-01,8.160485924800844337e-01,8.170721477524162113e-01,8.180352719731365241e-01,8.189350680272445837e-01,8.197688304177057628e-01,8.205340044124487253e-01,8.212282506561675577e-01,8.218494330209894505e-01,8.223956055751365790e-01,8.228650409866280491e-01,8.232562269822133461e-01,8.235678248117320743e-01,8.237987835741086284e-01,8.239482297560440927e-01,8.240155147579528716e-01,8.240002131428059151e-01,8.239021408742089880e-01,8.237213110447132447e-01,8.234579919859098540e-01,8.231126455950679155e-01,8.226859684932102956e-01,8.221788901619252465e-01,8.215924973911410412e-01,8.209281560328858252e-01,8.201873863131288189e-01,8.193719587645312830e-01,8.184837707993211087e-01,8.175250074986641913e-01,8.164979509829638493e-01,8.154050579298588453e-01,8.142490484997876310e-01,8.130326876193082475e-01,8.117589706224128676e-01,8.104310020335426801e-01,8.090520537562576608e-01,8.076254773116063879e-01,8.061547550664819317e-01,8.046435240305818137e-01,8.030954305960394946e-01,8.015142784647639740e-01,7.999038973903480620e-01,7.982682133236386202e-01,7.966111930230712623e-01,7.949368283942817026e-01,7.932491591285907306e-01,7.915522306261510987e-01,7.898500957019833901e-01,7.881468284958761394e-01,7.864464068274394926e-01,7.847529060705221715e-01,7.830702521073472644e-01,7.814023689657610960e-01,7.797531081910513695e-01,7.781262426344126570e-01,7.765254887359432923e-01,7.749544491331028517e-01,7.734166347237652062e-01,7.719154151127157748e-01,7.704540847573193574e-01,7.690357780615516559e-01,7.676634681728170539e-01,7.663400468340324512e-01,7.650681811815137623e-01,7.638504238998825580e-01,7.626891560722498520e-01,7.615865344734504827e-01,7.605445820443137439e-01,7.595651402806745667e-01,7.586498251908689872e-01,7.578000990847851837e-01,7.570171601908929349e-01,7.563020799504422964e-01,7.556556825727795967e-01,7.550785978391086894e-01,7.545712684046600449e-01,7.541338862844756408e-01,7.537664731553437303e-01,7.534688179048057988e-01,7.532405149387335630e-01,7.530809695101114976e-01,7.529893766881454731e-01,7.529647162107526714e-01,7.530058015686376116e-01,7.531112297663871136e-01,7.532794051902270693e-01,7.535086109745651184e-01,7.537968823184576506e-01,7.541421426458640997e-01,7.545421062377474231e-01,7.549943714649941517e-01,7.554963550625919400e-01,7.560453674217629816e-01,7.566385895126975791e-01,7.572730438034556144e-01,7.579456719422188460e-01,7.586532931079904563e-01,7.593926878820375093e-01,7.601604723267582076e-01,7.609532354443112601e-01,7.617675301327065940e-01,7.625997991438382417e-01,7.634465052391118389e-01,7.643040252061226170e-01,7.651687847161582345e-01,7.660371199314064405e-01,7.669054844629829004e-01,7.677702365165598453e-01,7.686278293856443344e-01,7.694747280754294927e-01,7.703074733680115305e-01,7.711226595770077630e-01,7.719169344280030209e-01,7.726870356089609038e-01,7.734298160566137614e-01,7.741422064867429231e-01,7.748212649374246475e-01,7.754641882111903417e-01,7.760682571653194639e-01,7.766309597233707063e-01,7.771498700590764308e-01,7.776227488094591411e-01,7.780475472008737681e-01,7.784223467042491462e-01,7.787454319555782156e-01,7.790152632292347556e-01,7.792304858296903447e-01,7.793899528402221666e-01,7.794927456181602876e-01,7.795380918186467500e-01,7.795254772541966304e-01,7.794545550635505471e-01,7.793252267912177400e-01,7.791376217752131739e-01,7.788920367996655658e-01,7.785889767206998213e-01,7.782292465352698141e-01,7.778137918427614483e-01,7.773437972838925791e-01,7.768206716348992069e-01,7.762459737425444484e-01,7.756215373101805755e-01,7.749493653135419713e-01,7.742316595030064308e-01,7.734708320142205107e-01,7.726694228506134632e-01,7.718302188395589347e-01,7.709561541264426943e-01,7.700503247614429725e-01,7.691159628216133193e-01,7.681564891099984527e-01,7.671754596083444344e-01,7.661765277363145055e-01,7.651634840882310939e-01,7.641402336126326134e-01,7.631107848167408836e-01,7.620792357237777814e-01,7.610497630736078323e-01,7.600266151761186917e-01,7.590140428376100923e-01,7.580164424526307787e-01,7.570381590199501964e-01,7.560835691255483049e-01,7.551570760772325919e-01,7.542630909507014314e-01,7.534059627435454320e-01,7.525900371957096047e-01,7.518196221880458774e-01,7.510989517530164417e-01,7.504322064201767173e-01,7.498234957180865967e-01,7.492767888008947663e-01,7.487960056051770064e-01,7.483849589667590507e-01,7.480472465180434405e-01,7.477864306632103775e-01,7.476058693562811497e-01,7.475087433508190715e-01,7.474981135036599111e-01,7.475768538487460591e-01,7.477475984925446850e-01,7.480128469015718817e-01,7.483748447833650230e-01,7.488356499331303429e-01,7.493970718469661341e-01,7.500607365758577005e-01,7.508280062458325688e-01,7.516999629234567548e-01,7.526775353701988802e-01,7.537613170187986711e-01,7.549516823446001945e-01,7.562487588211140865e-01,7.576523926982511314e-01,7.591621779845418860e-01,7.607774472095953922e-01,7.624972408777813682e-01,7.643204100706597615e-01,7.662454540325724928e-01,7.682706817871255423e-01,7.703940676610863125e-01,7.726134124730466013e-01,7.749262175545581499e-01,7.773297591816910046e-01,7.798210307882011971e-01,7.823968249609265513e-01,7.850537046217036519e-01,7.877879783896746257e-01,7.905957627114545971e-01,7.934729554030442999e-01,7.964152373599298063e-01,7.994181404291805793e-01,8.024769840877143956e-01,8.055869029432533024e-01,8.087429098076373002e-01,8.119398261559315211e-01,8.151723567183788433e-01,8.184350809367085811e-01,8.217224604239515839e-01,8.250288414901971734e-01,8.283485071545112488e-01,8.316756527132779242e-01,8.350043996008212899e-01,8.383288352111719632e-01,8.416430068355817973e-01,8.449409461806495214e-01,8.482166759373722664e-01,8.514642080613953334e-01,8.546775864297200265e-01,8.578509170917447690e-01,8.609783340396540696e-01,8.640540199196515836e-01,8.670722759963495063e-01,8.700274365511907471e-01,8.729140058410913561e-01,8.757265662480933077e-01,8.784598663084117742e-01,8.811087210513204315e-01,8.836681979534948272e-01,8.861334740579331903e-01,8.884999461014482236e-01,8.907631843312106001e-01,8.929189305313797176e-01,8.949631999771010538e-01,8.968922188942198837e-01,8.987024003342017897e-01,9.003904527149327874e-01,9.019533091980079798e-01,9.033881575096834871e-01,9.046924854784839098e-01,9.058640034850364842e-01,9.069007548437860722e-01,9.078009868673120319e-01,9.085633298394015789e-01,9.091866439561272495e-01,9.096701006688246993e-01,9.100131595323847078e-01,9.102156136981234269e-01,9.102774833479654326e-01,9.101991581700096257e-01,9.099812854800615192e-01,9.096248650094918009e-01,9.091311079985402444e-01,9.085015830556504302e-01,9.077381273398388295e-01,9.068428641914549893e-01,9.058182031275930912e-01,9.046668027005592139e-01,9.033916452709601641e-01,9.019959274855537945e-01,9.004830959358764986e-01,8.988568593828177855e-01,8.971211951642013016e-01,8.952802723004884555e-01,8.933384623267117686e-01,8.913003848473571855e-01,8.891708215065503573e-01,8.869547687098164879e-01,8.846573923788119131e-01,8.822839973074971809e-01,8.798400491996943851e-01,8.773311496555740163e-01,8.747630346799140089e-01,8.721415318631806635e-01,8.694725522575393883e-01,8.667621400336392723e-01,8.640163338463042741e-01,8.612412855688461599e-01,8.584431435878485672e-01,8.556280831542107945e-01,8.528022966949524442e-01,8.499719847917893700e-01,8.471433049930340298e-01,8.443223952887822792e-01,8.415153027261197405e-01,8.387280484704814354e-01,8.359665792533018669e-01,8.332367041742126945e-01,8.305441602516898669e-01,8.278945702329832956e-01,8.252933767457161229e-01,8.227459474233854708e-01,8.202574287922516083e-01,8.178328035033445298e-01,8.154768937999230527e-01,8.131943319077521437e-01,8.109895152559147835e-01,8.088666427114370450e-01,8.068297163599776889e-01,8.048824447005863414e-01,8.030283447055472923e-01,8.012706557383256767e-01,7.996123842240479007e-01,7.980562694005641777e-01,7.966047644456486498e-01,7.952600601642531020e-01,7.940240709957674392e-01,7.928984319724370344e-01,7.918844782219437439e-01,7.909832761016230007e-01,7.901955976580566920e-01,7.895219236844737143e-01,7.889624274147822858e-01,7.885170501087819250e-01,7.881853816506498855e-01,7.879667640201312162e-01,7.878602284392823840e-01,7.878645608688238378e-01,7.879782523135605565e-01,7.881995280883331567e-01,7.885263551112905445e-01,7.889564117441313362e-01,7.894871885865168970e-01,7.901158584496351667e-01,7.908394286769041548e-01,7.916546050522387246e-01,7.925579445073666074e-01,7.935457569034773950e-01,7.946141702258506800e-01,7.957591242274264509e-01,7.969763718542367537e-01,7.982615091402530672e-01,7.996099791921906785e-01,8.010170803693205110e-01,8.024780032194525070e-01,8.039877988753246774e-01,8.055414332050111481e-01,8.071337897949443230e-01,8.087596522088387196e-01,8.104137604956401786e-01,8.120908200953251832e-01,8.137854839216103198e-01,8.154924024750909162e-01,8.172061973585903472e-01
8.137897779006774135e-01,8.124028042994738685e-01,8.109144757145937410e-01,8.093244935969670095e-01,8.076327366813493835e-01,8.058392607193332058e-01,8.039442926589478455e-01,8.019482630699158454e-01,7.998517786870615875e-01,7.976556174556835854e-01,7.953608076062563814e-01,7.929685559009481688e-01,7.904802738290528374e-01,7.878975325557037168e-01,7.852221971447933546e-01,7.824562971472581729e-01,7.796020336445488308e-01,7.766618682609341962e-01,7.736384643812967976e-01,7.705346861829971417e-01,7.673535885380637911e-01,7.640984530959724630e-01,7.607727430601213259e-01,7.573801454831476931e-01,7.539245215265402145e-01,7.504099371981513000e-01,7.468406091367684185e-01,7.432209826701733357e-01,7.395556567236206691e-01,7.358493625666201465e-01,7.321070592784915121e-01,7.283338230121181311e-01,7.245348638039220690e-01,7.207155411745591600e-01,7.168813644763681880e-01,7.130379185872027792e-01,7.091909280518566838e-01,7.053462169131003989e-01,7.015096901754539482e-01,6.976873330631866432e-01,6.938851860181018960e-01,6.901093384633987249e-01,6.863659729857530811e-01,6.826612542541122819e-01,6.790013755607924306e-01,6.753925427930316250e-01,6.718409688392218415e-01,6.683528180848390399e-01,6.649342489875194051e-01,6.615913518580980313e-01,6.583301826783005684e-01,6.551567074494599741e-01,6.520768269449445098e-01,6.490963082517854366e-01,6.462208616537202799e-01,6.434560247837594060e-01,6.408072377718828649e-01,6.382797327437488288e-01,6.358786773633111622e-01,6.336089665042056174e-01,6.314753746937565859e-01,6.294824310249326205e-01,6.276345183870334354e-01,6.259357441895696539e-01,6.243900236542977433e-01,6.230009788975564566e-01,6.217720538692070864e-01,6.207063953723802596e-01,6.198068611029111663e-01,6.190760679986202497e-01,6.185163562384338176e-01,6.181297307428859078e-01,6.179179345110507038e-01,6.178824025590272662e-01,6.180242602932429774e-01,6.183442937469240119e-01,6.188430124907502439e-01,6.195205704812714043e-01,6.203768183971694050e-01,6.214112702099897634e-01,6.226231370988497549e-01,6.240112534139224953e-01,6.255741900784331788e-01,6.273101182707840895e-01,6.292169430896860094e-01,6.312922297741575539e-01,6.335332042206378578e-01,6.359368036099843913e-01,6.384996230363622072e-01,6.412179655037516524e-01,6.440878661355236012e-01,6.471050080581041142e-01,6.502648163579833884e-01,6.535624355051694589e-01,6.569927335834425675e-01,6.605503069624802936e-01,6.642295628013585862e-01,6.680245492410296082e-01,6.719291930953008585e-01,6.759371452717456430e-01,6.800418569152374415e-01,6.842365923638549230e-01,6.885144487904542032e-01,6.928683013212736386e-01,6.972909492441834445e-01,7.017749721611812319e-01,7.063128821994534290e-01,7.108970603737367888e-01,7.155197796937707855e-01,7.201732424801238208e-01,7.248496277419078648e-01,7.295409776316549300e-01,7.342393569990081081e-01,7.389368332720650523e-01,7.436254364768892788e-01,7.482972381792545313e-01,7.529443100015026369e-01,7.575588242074877687e-01,7.621329526256548359e-01,7.666590158954340595e-01,7.711293810515875702e-01,7.755365760049162116e-01,7.798731901953718237e-01,7.841320246979108788e-01,7.883060116564645226e-01,7.923882442557014238e-01,7.963720292627775033e-01,8.002508640245793448e-01,8.040184640049465870e-01,8.076687656352476985e-01,8.111959588697277290e-01,8.145944786413256145e-01,8.178590276759504230e-01,8.209845939838377182e-01,8.239664566351204700e-01,8.268001583347657224e-01,8.294815641290717023e-01,8.320068824599954338e-01,8.343726130589135259e-01,8.365755733947068951e-01,8.386129597398208624e-01,8.404822621321399456e-01,8.421813356065517286e-01,8.437084014334292892e-01,8.450620180622206989e-01,8.462410895877863215e-01,8.472448902572929930e-01,8.480730555904255619e-01,8.487255696975899433e-01,8.492027921954323766e-01,8.495053903955751551e-01,8.496344516441822758e-01,8.495913773438400485e-01,8.493779062508862721e-01,8.489961495518304480e-01,8.484485329263671272e-01,8.477378440389423675e-01,8.468671141835412142e-01,8.458398064188383803e-01,8.446595766064288746e-01,8.433304891869605191e-01,8.418568114208904163e-01,8.402431368452610849e-01,8.384943124664593350e-01,8.366154166562610461e-01,8.346118395557646785e-01,8.324891427671217148e-01,8.302531334775283822e-01,8.279098056052864862e-01,8.254653662727762242e-01,8.229261925451620829e-01,8.202988317873667334e-01,8.175899337463889971e-01,8.148063539763594765e-01,8.119550295942281615e-01,8.090429452156666645e-01,8.060772616892535325e-01,8.030651513224579263e-01,8.000138673247767507e-01,7.969306577972272709e-01,7.938228213004819844e-01,7.906976604783269025e-01,7.875624469717463771e-01,7.844244130657443970e-01,7.812907829376751767e-01,7.781686769959672567e-01,7.750651634313302507e-01,7.719872022828999647e-01,7.689416513072515613e-01,7.659352205626869248e-01,7.629744894984284986e-01,7.600659297009562110e-01,7.572157628632748549e-01,7.544300696484944613e-01,7.517147365437734097e-01,7.490754602411796581e-01,7.465176776284200288e-01,7.440465923951381511e-01,7.416672132890189673e-01,7.393842263496331890e-01,7.372021056826096874e-01,7.351250564344365968e-01,7.331569575032212960e-01,7.313014162320782274e-01,7.295617902415554301e-01,7.279410578401277476e-01,7.264419318705123141e-01,7.250668160972193466e-01,7.238177711482451926e-01,7.226965841147148240e-01,7.217046570590125443e-01,7.208430790067769101e-01,7.201126503449605254e-01,7.195138227892301508e-01,7.190467164205603945e-01,7.187111228285988362e-01,7.185065279841060804e-01,7.184320666746141226e-01,7.184865721215700773e-01,7.186685864394902756e-01,7.189763090184494443e-01,7.194076384781540323e-01,7.199602223433005932e-01,7.206313287001688828e-01,7.214180538029333345e-01,7.223171298362595083e-01,7.233250882190231934e-01,7.244381526376342251e-01,7.256523087324068255e-01,7.269633671033594036e-01,7.283668286544604520e-01,7.298580523766736716e-01,7.314321382529154203e-01,7.330840692046908247e-01,7.348085738269466427e-01,7.366002771578057384e-01,7.384536187736568946e-01,7.403629477281874482e-01,7.423224690995422481e-01,7.443262242634806070e-01,7.463682732835524858e-01,7.484425264194065619e-01,7.505428675625108736e-01,7.526630798973737990e-01,7.547969795527447179e-01,7.569383109056936343e-01,7.590808768303486387e-01,7.612184119533148552e-01,7.633447640333708151e-01,7.654537611847692657e-01,7.675393182541188075e-01,7.695954049599516011e-01,7.716160460198010496e-01,7.735954721523207178e-01,7.755278767499382830e-01,7.774077066636718714e-01,7.792294641314704284e-01,7.809878370299699890e-01,7.826776961395458532e-01,7.842940172872283622e-01,7.858320254977455566e-01,7.872870968564753547e-01,7.886548359536489361e-01,7.899310718627375882e-01,7.911118270530068664e-01,7.921933762216093466e-01,7.931722193249478581e-01,7.940451162854403888e-01,7.948090849821545234e-01,7.954613620793545836e-01,7.959995186453646676e-01,7.964213095126084774e-01,7.967248428989073261e-01,7.969084534065337122e-01,7.969707506376420003e-01,7.969106593155488305e-01,7.967273622097431618e-01,7.964203260086698544e-01,7.959892981929450606e-01,7.954343111823137802e-01,7.947556991552184869e-01,7.939540126064023040e-01,7.930301247139448506e-01,7.919852072978352808e-01,7.908206155775850954e-01,7.895380326392461567e-01,7.881393775259590839e-01,7.866268387597483702e-01,7.850028131377382312e-01,7.832699959926091582e-01,7.814312208779911062e-01,7.794896335936911669e-01,7.774485325670590363e-01,7.753114871912365480e-01,7.730822025219695748e-01,7.707646106541646835e-01,7.683627784047195597e-01,7.658809847096003098e-01,7.633236365278821545e-01,7.606952829169465469e-01,7.580006396383615064e-01,7.552445130856935140e-01,7.524318159016800678e-01,7.495675775833473553e-01,7.466569115026863157e-01,7.437050134626623787e-01,7.407171245558440420e-01,7.376985394270337837e-01,7.346546059636989146e-01,7.315906646327320351e-01,7.285121172552796454e-01,7.254243316214260551e-01,7.223326649156396329e-01,7.192424920878351946e-01,7.161590972242274367e-01,7.130877637865434826e-01,7.100337149806199566e-01,7.070020553616137571e-01,7.039979024309626077e-01,7.010261958194727860e-01,6.980918471320624041e-01,6.951995960539366637e-01,6.923541367180642281e-01,6.895599712925414293e-01,6.868214731264711270e-01,6.841429586779531613e-01,6.815284800731754578e-01,6.789819863700293778e-01,6.765072500898279273e-01,6.741078984924701034e-01,6.717873304170430826e-01,6.695488365212912685e-01,6.673954388518578140e-01,6.653300130368863252e-01,6.633552404904363708e-01,6.614735973205441155e-01,6.596873644622851529e-01,6.579985940495214347e-01,6.564091772819358184e-01,6.549207378231394205e-01,6.535347835275209238e-01,6.522525245895494095e-01,6.510750130672618985e-01,6.500030850768839796e-01,6.490373912970213155e-01,6.481783334386238549e-01,6.474261673547196949e-01,6.467809346979010998e-01,6.462424623232634335e-01,6.458104250526587320e-01,6.454842803481741775e-01,6.452633295541049252e-01,6.451466792951373597e-01,6.451332959129481015e-01,6.452219350048754576e-01,6.454112576653895372e-01,6.456996946197602893e-01,6.460856074093140888e-01,6.465671948073208330e-01,6.471424902047461236e-01,6.478094446512676630e-01,6.485658720695994806e-01,6.494095091629574767e-01,6.503379579128727439e-01,6.513487402161711737e-01,6.524392907476106451e-01,6.536069882911061946e-01,6.548491212373671599e-01,6.561629153275799764e-01,6.575455700729335717e-01,6.589942235380118474e-01,6.605059875421087634e-01,6.620779248529639061e-01,6.637071223436999956e-01,6.653906406409555441e-01,6.671254978707628069e-01,6.689087455631078649e-01,6.707374738670367487e-01,6.726087478605684566e-01,6.745196776541884098e-01,6.764674088574497146e-01,6.784491172002935500e-01,6.804620232689380099e-01,6.825034231010714825e-01,6.845706063778981276e-01,6.866609926469324776e-01,6.887720333631796032e-01,6.909012313529712124e-01,6.930462302717586009e-01,6.952046643258301684e-01,6.973743029977313990e-01,6.995530263401302795e-01,7.017387129206281715e-01,7.039294057831979590e-01,7.061232292065469096e-01,7.083183672334498748e-01,7.105131023805303370e-01,7.127058614950945170e-01,7.148950879311257722e-01,7.170793783845504921e-01,7.192573982611537575e-01,7.214279076573627547e-01,7.235897686045987820e-01,7.257419068634449744e-01,7.278833594838256538e-01,7.300132503486187474e-01,7.321307580334668330e-01,7.342351705087943881e-01,7.363258388270533805e-01,7.384021990179057138e-01,7.404637236751620000e-01,7.425099818228346749e-01,7.445405889065631611e-01,7.465552305278839729e-01,7.485536091774097622e-01,7.505355260665860229e-01,7.525007577243439938e-01,7.544491943782180021e-01,7.563806844029786758e-01,7.582951541080521496e-01,7.601925217575322691e-01,7.620727300665254278e-01,7.639357141322983269e-01,7.657814388115663506e-01,7.676098544276377389e-01,7.694209127927156278e-01,7.712145260515353984e-01
6.591022323992076770e-02,6.483059386518441602e-02,6.373855511329770684e-02,6.263569491391826616e-02,6.152361046451717413e-02,6.040390602112966079e-02,5.927819092137877333e-02,5.814807628047215932e-02,5.701517235255865179e-02,5.588108664488077026e-02,5.474742387461253162e-02,5.361578020381998350e-02,5.248774441647660605e-02,5.136489196168612936e-02,5.024878739094465474e-02,4.914097803349919830e-02,4.804299515300737566e-02,4.695634873759102490e-02,4.588252969773196077e-02,4.482300600163603710e-02,4.377921741125276323e-02,4.275258027617250683e-02,4.174448242114296714e-02,4.075627671015833592e-02,3.978929306074841660e-02,3.884481887172434866e-02,3.792411503141653040e-02,3.702839854093500915e-02,3.615885709730529834e-02,3.531663302740412069e-02,3.450283410207428958e-02,3.371852159639314450e-02,3.296471920333752387e-02,3.224240467364784812e-02,3.155251752351541372e-02,3.089594356010861784e-02,3.027352949311045219e-02,2.968607367655140897e-02,2.913432905950568905e-02,2.861899925059887065e-02,2.814074022808018410e-02,2.770015770781204117e-02,2.729781553302041558e-02,2.693421811235944055e-02,2.660983253183784800e-02,2.632506419876083636e-02,2.608027659797299697e-02,2.587578270391069357e-02,2.571184347836618159e-02,2.558867235693606038e-02,2.550643244594668485e-02,2.546523794404123575e-02,2.546515427953887842e-02,2.550619713423719903e-02,2.558833562248403679e-02,2.571148936598994031e-02,2.587553142921080948e-02,2.608028808976328022e-02,2.632553933758276232e-02,2.661101894611711885e-02,2.693641673832496142e-02,2.730137473191920211e-02,2.770549540328197391e-02,2.814833872006571383e-02,2.862941657130508438e-02,2.914820624797655885e-02,2.970414193437370329e-02,3.029661823651884009e-02,3.092499239984878440e-02,3.158858332547291592e-02,3.228667049362732994e-02,3.301850575760736928e-02,3.378329757327550031e-02,3.458022946148311266e-02,3.540844450872786958e-02,3.626706271551971561e-02,3.715516385958287510e-02,3.807181119478274950e-02,3.901603189426049861e-02,3.998682968348782341e-02,4.098318102790227124e-02,4.200404005889218917e-02,4.304833553945813795e-02,4.411498009231601403e-02,4.520286093505372638e-02,4.631084792639898751e-02,4.743779480534009163e-02,4.858253345574316262e-02,4.974388296248943853e-02,5.092065662796478598e-02,5.211163741327769910e-02,5.331561534966040156e-02,5.453135787912343629e-02,5.575762783078769963e-02,5.699318167883968278e-02,5.823676714980167285e-02,5.948712341930338654e-02,6.074299690125765927e-02,6.200311946216244263e-02,6.326623030734618292e-02,6.453106150708158573e-02,6.579635186464771746e-02,6.706084043822692353e-02,6.832326865264562454e-02,6.958238897926766198e-02,7.083695388625349532e-02,7.208572404833656078e-02,7.332747101233096088e-02,7.456097226421057322e-02,7.578502442071195777e-02,7.699842831694626855e-02,7.820000063252695310e-02,7.938857534624504941e-02,8.056300010654091071e-02,8.172213808497573451e-02,8.286487329343766861e-02,8.399010695181856334e-02,8.509676242034817928e-02,8.618378147524570487e-02,8.725013496040362471e-02,8.829480808989391416e-02,8.931681972398905489e-02,9.031520640521495391e-02,9.128903729104387299e-02,9.223740473831849862e-02,9.315943581978125554e-02,9.405427664371053542e-02,9.492111758596742666e-02,9.575916933313348423e-02,9.656767861961360055e-02,9.734592610620530773e-02,9.809322731174086041e-02,9.880892621804950038e-02,9.949241274922102085e-02,1.001431043915059355e-01,1.007604559168369107e-01,1.013439680061718889e-01,1.018931706845166846e-01,1.024076349296317856e-01,1.028869733715104262e-01,1.033308381300610396e-01,1.037389224435618096e-01,1.041109579693099696e-01,1.044467203237212094e-01,1.047460254922006895e-01,1.050087274923895142e-01,1.052347323175349542e-01,1.054239808075795592e-01,1.055764615799571621e-01,1.056922035497334655e-01,1.057712764384541870e-01,1.058137998784057787e-01,1.058199270144617732e-01,1.057898653847429149e-01,1.057238603197190041e-01,1.056221950112246483e-01,1.054852067394429216e-01,1.053132625969603331e-01,1.051067776491980271e-01,1.048662179640944964e-01,1.045920747029584486e-01,1.042848907549771137e-01,1.039452448278951890e-01,1.035737551945947049e-01,1.031710859898881533e-01,1.027379319522697121e-01,1.022750301515192584e-01,1.017831499224815806e-01,1.012631029163841290e-01,1.007157318831874981e-01,1.001419153394821210e-01,9.954256043918169317e-02,9.891861597478690538e-02,9.827105261328900054e-02,9.760087640182620039e-02,9.690911609469651800e-02,9.619683204559123513e-02,9.546510706183072847e-02,9.471505739468458196e-02,9.394781031990960540e-02,9.316451974284842286e-02,9.236635644740356921e-02,9.155451753349080901e-02,9.073020621593567980e-02,8.989465161463883192e-02,8.904908402430011805e-02,8.819475720580455258e-02,8.733292352476067222e-02,8.646485375776565008e-02,8.559181294636858395e-02,8.471508421813936374e-02,8.383594209521252894e-02,8.295566669892448508e-02,8.207553426825012211e-02,8.119681832987531156e-02,8.032078590942194618e-02,7.944869955239168557e-02,7.858180991163753182e-02,7.772135981710517894e-02,7.686857155352268267e-02,7.602466122588630304e-02,7.519081987286461988e-02,7.436822413511144647e-02,7.355802942745205686e-02,7.276136585384737621e-02,7.197933931843858435e-02,7.121302799251552629e-02,7.046348738593798122e-02,6.973173563854048740e-02,6.901876120547888183e-02,6.832551890768805147e-02,6.765292850216517162e-02,6.700186983038941557e-02,6.637318835159478070e-02,6.576768558550093180e-02,6.518612096448789250e-02,6.462921677822501543e-02,6.409764084019262120e-02,6.359202393813832843e-02,6.311294496571751012e-02,6.266093379056769663e-02,6.223647568040108907e-02,6.184000248869775396e-02,6.147189378753571687e-02,6.113247871750334544e-02,6.082203553414242819e-02,6.054078319896284005e-02,6.028888986829906982e-02,6.006647272806638765e-02,5.987358744666817362e-02,5.971023776115760850e-02,5.957637378656530092e-02,5.947188364534657101e-02,5.939660804404663791e-02,5.935032720441887205e-02,5.933276712073144721e-02,5.934359646163475666e-02,5.938243486827701756e-02,5.944884398587339802e-02,5.954232723397907823e-02,5.966234584568406302e-02,5.980830269565650531e-02,5.997954819548869526e-02,6.017538908950143678e-02,6.039507013694598442e-02,6.063780326055555336e-02,6.090274371479150600e-02,6.118900890963713257e-02,6.149566277430167788e-02,6.182173813670681362e-02,6.216621701973002595e-02,6.252804933092144524e-02,6.290614593200177795e-02,6.329938159765763350e-02,6.370659968900772852e-02,6.412660988819783581e-02,6.455819687587201205e-02,6.500011362749803789e-02,6.545109106301991164e-02,6.590983722193480276e-02,6.637504122039616927e-02,6.684537275407449741e-02,6.731948729631374861e-02,6.779602707156306973e-02,6.827362806760967073e-02,6.875090960358522241e-02,6.922649613816013459e-02,6.969900618665135494e-02,7.016705363119785099e-02,7.062925941879376335e-02,7.108425449218025438e-02,7.153066841732125258e-02,7.196715118908907083e-02,7.239235688331747964e-02,7.280496343715946173e-02,7.320366498996840054e-02,7.358717673030984452e-02,7.395423565884172434e-02,7.430361089018776288e-02,7.463409566301687503e-02,7.494451712470452664e-02,7.523373308800333781e-02,7.550064117377884576e-02,7.574418029986908218e-02,7.596332001644288956e-02,7.615708108544672061e-02,7.632452959751358235e-02,7.646477486870345563e-02,7.657697598856066934e-02,7.666034577517037707e-02,7.671414772574169927e-02,7.673769814994658989e-02,7.673037339338836804e-02,7.669160698572229096e-02,7.662088427122681900e-02,7.651775738817030714e-02,7.638184178267173885e-02,7.621280911733818719e-02,7.601039745320478658e-02,7.577441114973004765e-02,7.550471172920264484e-02,7.520123659192429200e-02,7.486398446213839153e-02,7.449301772633956653e-02,7.408846858258645585e-02,7.365053524771254800e-02,7.317948056602378848e-02,7.267563681098923589e-02,7.213940048813084760e-02,7.157123608614293642e-02,7.097167146880285771e-02,7.034129832630037216e-02,6.968077291393123818e-02,6.899081544153291834e-02,6.827220565560621068e-02,6.752578752094383352e-02,6.675245912001807891e-02,6.595318257578366983e-02,6.512897288035852938e-02,6.428089858123291200e-02,6.341008175761980725e-02,6.251769958710948205e-02,6.160497956303121608e-02,6.067318333939636377e-02,5.972363424766521933e-02,5.875769082961545403e-02,5.777674870668841889e-02,5.678224906344449263e-02,5.577566382533676731e-02,5.475850117177303439e-02,5.373229443997864369e-02,5.269860860590713098e-02,5.165903626923323833e-02,5.061518482476452113e-02,4.956868708284680597e-02,4.852118937329133463e-02,4.747435058029030736e-02,4.642984342965265215e-02,4.538934486139071384e-02,4.435453670764768347e-02,4.332710137459230143e-02,4.230872259281771158e-02,4.130107617664038194e-02,4.030582834621327520e-02,3.932464018857634303e-02,3.835915172779227195e-02,3.741099356785654306e-02,3.648176651376160151e-02,3.557305489952909683e-02,3.468641908499763005e-02,3.382338350927982518e-02,3.298544319054703272e-02,3.217405948034876562e-02,3.139065843514238230e-02,3.063662345730401929e-02,2.991329055154637664e-02,2.922196222627586326e-02,2.856388122485466197e-02,2.794024752524143854e-02,2.735220511903476912e-02,2.680084644193447829e-02,2.628720650983719723e-02,2.581225781557223292e-02,2.537691572630886364e-02,2.498203383606317426e-02,2.462840083291830198e-02,2.431673833539524376e-02,2.404770240366073397e-02,2.382188265672240124e-02,2.363979450219590855e-02,2.350188570641054478e-02,2.340853509134592503e-02,2.336004135571445248e-02,2.335663614718997208e-02,2.339848013891159331e-02,2.348565225961541866e-02,2.361816055869412484e-02,2.379594249608778245e-02,2.401885544231815994e-02,2.428668587921887362e-02,2.459914291935915917e-02,2.495586879160049953e-02,2.535642379264386667e-02,2.580029956932559237e-02,2.628691942534832834e-02,2.681563309710446180e-02,2.738571661772361970e-02,2.799638665434315069e-02,2.864678056276061952e-02,2.933598181864591897e-02,3.006300449901247451e-02,3.082679622204289455e-02,3.162624942060330430e-02,3.246019583146642767e-02,3.332740540631336235e-02,3.422660253021625465e-02,3.515645146644841984e-02,3.611556666653231717e-02,3.710251584786729978e-02,3.811582127422678129e-02,3.915395938291232197e-02,4.021536666814935074e-02,4.129844618053327837e-02,4.240155922614737005e-02,4.352303688120222336e-02,4.466117960939005455e-02,4.581426070442536774e-02,4.698053315564061638e-02,4.815822586940279870e-02,4.934554696128843482e-02,5.054069293331159285e-02,5.174184926968873610e-02,5.294718907300449695e-02,5.415488143684352856e-02,5.536309044577729377e-02,5.656998276681761417e-02,5.777372723738150029e-02,5.897249684536132880e-02,6.016447829541911319e-02,6.134786398615899722e-02,6.252086860212596742e-02,6.368171890290558190e-02,6.482866505095886966e-02,6.595998178202040763e-02,6.707397000665492326e-02,6.816895264053050851e-02,6.924329718303140480e-02
2.776287489384510199e-01,2.792557376098794286e-01,2.808894223428898274e-01,2.825258832570824996e-01,2.841611586713732596e-01,2.857912828793431892e-01,2.874122943229536764e-01,2.890202331088673193e-01,2.906111678532726228e-01,2.921811887324438639e-01,2.937264323774770869e-01,2.952430758655160692e-01,2.967273601122159543e-01,2.981756016597664205e-01,2.995841886133021048e-01,3.009496018358901459e-01,3.022684000610698085e-01,3.035372808532979527e-01,3.047530442968893749e-01,3.059125995132322418e-01,3.070129975050056581e-01,3.080514484066293468e-01,3.090252841868638689e-01,3.099319934925635067e-01,3.107692518537873427e-01,3.115348644820138957e-01,3.122268486192231185e-01,3.128433905059671560e-01,3.133828409402771853e-01,3.138437693091844505e-01,3.142249331110096300e-01,3.145252725069134225e-01,3.147439480150573954e-01,3.148803302165311124e-01,3.149339736038624937e-01,3.149046592663154454e-01,3.147923755222066244e-01,3.145973247228834313e-01,3.143199272657931642e-01,3.139607933502021053e-01,3.135207637749239939e-01,3.130008882869844689e-01,3.124024171901846336e-01,3.117268159867228605e-01,3.109757391006825467e-01,3.101510523912126005e-01,3.092548114085996169e-01,3.082892781581673125e-01,3.072568781359251155e-01,3.061602356561980431e-01,3.050021287337971176e-01,3.037855367348320512e-01,3.025135745723018244e-01,3.011895242256742433e-01,2.998168158318741949e-01,2.983990138997315578e-01,2.969398164282260888e-01,2.954430405850960173e-01,2.939126310155048549e-01,2.923526316167951444e-01,2.907671549125882549e-01,2.891604376169905066e-01,2.875367693285562631e-01,2.859005098910256670e-01,2.842560759575297746e-01,2.826079173515745335e-01,2.809605276823312625e-01,2.793184230787139066e-01,2.776861199611692643e-01,2.760681362703902852e-01,2.744689951224621449e-01,2.728931783035764003e-01,2.713451378500267852e-01,2.698292872993434122e-01,2.683499806724314873e-01,2.669115136897882712e-01,2.655180877498502512e-01,2.641738290274633361e-01,2.628827722524833543e-01,2.616488340009761604e-01,2.604758160033926462e-01,2.593673899120793047e-01,2.583270950408887434e-01,2.573583191814093341e-01,2.564643118455980919e-01,2.556481415783643518e-01,2.549127040119515408e-01,2.542607417725066821e-01,2.536947827629592589e-01,2.532171845169058355e-01,2.528300919231843968e-01,2.525354557832980018e-01,2.523350139951164861e-01,2.522302911352798938e-01,2.522225826782111269e-01,2.523129857823420141e-01,2.525023413498761471e-01,2.527912885028105738e-01,2.531802232828805899e-01,2.536693263859002845e-01,2.542585027392042507e-01,2.549474728209776830e-01,2.557357014938302919e-01,2.566224159270817928e-01,2.576066124013688952e-01,2.586870782837109028e-01,2.598623456591869774e-01,2.611307402487437757e-01,2.624903575541863154e-01,2.639390698697499649e-01,2.654745508045437963e-01,2.670942576641613386e-01,2.687954400454338200e-01,2.705751617447512691e-01,2.724302875364504328e-01,2.743575059696640173e-01,2.763533108107663616e-01,2.784140520617308101e-01,2.805358976954614447e-01,2.827148766789220891e-01,2.849468671430853695e-01,2.872276303236718231e-01,2.895527710991048220e-01,2.919177985387400032e-01,2.943181295374517337e-01,2.967490617910545914e-01,2.992058158576473836e-01,3.016835558552171670e-01,3.041773623396608062e-01,3.066822785787297057e-01,3.091932927952980026e-01,3.117053792589709049e-01,3.142134987268538349e-01,3.167125907606112567e-01,3.191976058150678419e-01,3.216635133122474066e-01,3.241053165514193313e-01,3.265180395454618245e-01,3.288967701682383726e-01,3.312366641900064135e-01,3.335329419768634507e-01,3.357808960593166581e-01,3.379759384892329077e-01,3.401135539820128173e-01,3.421893692854049984e-01,3.441991152725616399e-01,3.461386654427444642e-01,3.480040314732845141e-01,3.497913756397491580e-01,3.514970135774885818e-01,3.531174559016683201e-01,3.546493377863134677e-01,3.560895265529875342e-01,3.574350366786693822e-01,3.586831139558306347e-01,3.598311689318975382e-01,3.608768574580135113e-01,3.618179940943299644e-01,3.626526653986932858e-01,3.633791307455108144e-01,3.639958986011745945e-01,3.645016902228232492e-01,3.648954511949806245e-01,3.651763601714207996e-01,3.653438335834586215e-01,3.653975038420877453e-01,3.653372437544948337e-01,3.651631334705232601e-01,3.648755294679085770e-01,3.644749558922958932e-01,3.639622121929080856e-01,3.633382798543212111e-01,3.626043967359308118e-01,3.617619912590043230e-01,3.608127050972451677e-01,3.597583893003774014e-01,3.586011110803294377e-01,3.573431147953708420e-01,3.559868492654482131e-01,3.545349312751761572e-01,3.529901755262765950e-01,3.513555409896088055e-01,3.496341735375030346e-01,3.478293589161010058e-01,3.459445454986728730e-01,3.439832936141858921e-01,3.419493163755915055e-01,3.398464365592775427e-01,3.376785849412896057e-01,3.354498067872640488e-01,3.331642294215640954e-01,3.308260585933158193e-01,3.284395736788814357e-01,3.260091367970709975e-01,3.235391292060845192e-01,3.210339939335499215e-01,3.184982027975557517e-01,3.159362402700435779e-01,3.133526105989807298e-01,3.107518128626007847e-01,3.081383484532942418e-01,3.055166809271334660e-01,3.028912567331626393e-01,3.002664838867517560e-01,2.976467066184674826e-01,2.950362337218585540e-01,2.924392835093537202e-01,2.898600227895148929e-01,2.873025049487600846e-01,2.847707193949541304e-01,2.822685189085301083e-01,2.797996744709874695e-01,2.773678363160804738e-01,2.749765233704779543e-01,2.726291224457417228e-01,2.703288868502792264e-01,2.680789215325585784e-01,2.658821944251099079e-01,2.637414979868812348e-01,2.616594973910683630e-01,2.596386662224084985e-01,2.576813086500819860e-01,2.557895891434721070e-01,2.539654580561896968e-01,2.522107322933526685e-01,2.505270136038282858e-01,2.489157379503913192e-01,2.473781843874417463e-01,2.459153965825288390e-01,2.445282873237263621e-01,2.432175689014099140e-01,2.419837664560815227e-01,2.408272361839933762e-01,2.397481506890618841e-01,2.387465146617319400e-01,2.378221487703536530e-01,2.369747151570003041e-01,2.362037117428928967e-01,2.355084571489214074e-01,2.348881215556724855e-01,2.343417267600280962e-01,2.338681364054190359e-01,2.334660890086793228e-01,2.331341575728503590e-01,2.328707953613267934e-01,2.326743424417922479e-01,2.325429869788296633e-01,2.324748469232229553e-01,2.324679065235212561e-01,2.325200583798980591e-01,2.326291024682388686e-01,2.327927595463671617e-01,2.330086623420992709e-01,2.332744022267874695e-01,2.335874778097039306e-01,2.339453494513210885e-01,2.343454415048142059e-01,2.347851291660495443e-01,2.352617637043148691e-01,2.357726896461330435e-01,2.363152057403012651e-01,2.368866454731433924e-01,2.374843176597003502e-01,2.381055578360603553e-01,2.387477191765466356e-01,2.394081726639733232e-01,2.400843248973655031e-01,2.407736418188778094e-01,2.414736032166069080e-01,2.421817852033443796e-01,2.428957890743763393e-01,2.436133032058477588e-01,2.443320876885272108e-01,2.450499729154680117e-01,2.457648767898464870e-01,2.464748262680372115e-01,2.471779071416982665e-01,2.478723292090013186e-01,2.485564098862384774e-01,2.492285562037115099e-01,2.498872789615477208e-01,2.505312248260622154e-01,2.511591501050471908e-01,2.517699101697287167e-01,2.523624998283925391e-01,2.529360345216346562e-01,2.534897302299996547e-01,2.540229490724087436e-01,2.545351624894790499e-01,2.550259636497581028e-01,2.554950815407499021e-01,2.559423419703563685e-01,2.563677091509435346e-01,2.567712600830983627e-01,2.571531966634549859e-01,2.575137968952019851e-01,2.578534920032133915e-01,2.581728059410950959e-01,2.584723493245382753e-01,2.587528562483343841e-01,2.590151488183327633e-01,2.592601256437312429e-01,2.594887868167101708e-01,2.597022274242591910e-01,2.599015841638322999e-01,2.600880844108139911e-01,2.602630268914070122e-01,2.604277485121844204e-01,2.605836620101137369e-01,2.607322212574104126e-01,2.608749070386484625e-01,2.610132475577531808e-01,2.611488083025016449e-01,2.612831441324255377e-01,2.614178693085898453e-01,2.615545648519927990e-01,2.616948343601320781e-01,2.618402701979000713e-01,2.619924741128043522e-01,2.621529854104930335e-01,2.623233645309487327e-01,2.625051076640955716e-01,2.626996964328348061e-01,2.629085476333406501e-01,2.631330555997508092e-01,2.633745291246356035e-01,2.636342383208937212e-01,2.639133689123497328e-01,2.642130591521646421e-01,2.645343524763850707e-01,2.648782140373346916e-01,2.652455142960591927e-01,2.656370486643986339e-01,2.660535158159315627e-01,2.664955138912811217e-01,2.669635360608417218e-01,2.674579785634685902e-01,2.679791201705302717e-01,2.685271551852724814e-01,2.691021414265173384e-01,2.697040398218805146e-01,2.703326886679452978e-01,2.709878258804063744e-01,2.716690597321635425e-01,2.723758839845364377e-01,2.731076961247227430e-01,2.738637736134650891e-01,2.746432690764381013e-01,2.754452337720237898e-01,2.762686067333791073e-01,2.771122286424134717e-01,2.779748417863880938e-01,2.788550588195314317e-01,2.797514213962324359e-01,2.806623703453845486e-01,2.815862448814550056e-01,2.825213178964960936e-01,2.834657691297625681e-01,2.844176987822917280e-01,2.853751392750490945e-01,2.863360634171787655e-01,2.872983804505785388e-01,2.882599374128062553e-01,2.892185384623849886e-01,2.901719485950317590e-01,2.911179008894229647e-01,2.920540750597256374e-01,2.929781713064837367e-01,2.938878240376835427e-01,2.947807064900291873e-01,2.956544583415518512e-01,2.965067453557715393e-01,2.973352233022402702e-01,2.981375975684665836e-01,2.989115707491161733e-01,2.996549153031305979e-01,3.003654118357132474e-01,3.010409033792261213e-01,3.016792927783988332e-01,3.022785418605927754e-01,3.028366814459541589e-01,3.033518135302643581e-01,3.038221440575739063e-01,3.042459316146071679e-01,3.046215728653933197e-01,3.049475103130621645e-01,3.052223609805972404e-01,3.054447878375721181e-01,3.056136126958297061e-01,3.057277671989196977e-01,3.057862861691682532e-01,3.057883916930649315e-01,3.057333699727039500e-01,3.056206822153081371e-01,3.054499375736249855e-01,3.052208616038454281e-01,3.049333387444294607e-01,3.045873953686750735e-01,3.041832256899658082e-01,3.037211307749545508e-01,3.032016070596299517e-01,3.026252794855572303e-01,3.019929206261126597e-01,3.013054575859716588e-01,3.005639786393478619e-01,2.997696893313167021e-01,2.989239708784494076e-01,2.980283404926439283e-01,2.970844218112339008e-01,2.960940392707286373e-01,2.950591003434887005e-01,2.939816558459337759e-01,2.928638954229590974e-01,2.917081170684474034e-01,2.905167407719319028e-01,2.892922918659153186e-01,2.880374082894012200e-01,2.867548175941613819e-01,2.854473476741219429e-01,2.841179225120478158e-01,2.827695225821465486e-01,2.814052227708863096e-01,2.800281425594648432e-01,2.786414887972433752e-01,2.772484706266978294e-01,2.758523919798701596e-01,2.744565587001134843e-01
5.519415315691140744e-01,5.529816481169784748e-01,5.539440662008119354e-01,5.548300171542969172e-01,5.556409125041199548e-01,5.563783157097542675e-01,5.570439785497189877e-01,5.576397824667170822e-01,5.581677632764845409e-01,5.586301152677531912e-01,5.590291088256407193e-01,5.593671951902804418e-01,5.596468964238319188e-01,5.598708689520996984e-01,5.600418510188306387e-01,5.601626811950771723e-01,5.602362710410069280e-01,5.602655966009987276e-01,5.602537108644489727e-01,5.602036958382525800e-01,5.601187112002827817e-01,5.600019269628102592e-01,5.598565465589228074e-01,5.596858012838237251e-01,5.594929199463517522e-01,5.592811353232941540e-01,5.590536773827907702e-01,5.588137565377455651e-01,5.585645622111150566e-01,5.583092334094388320e-01,5.580509175219549034e-01,5.577926629776098766e-01,5.575374892710125430e-01,5.572883532515966465e-01,5.570481315072108863e-01,5.568196582223517987e-01,5.566056548942257542e-01,5.564087698098298951e-01,5.562315398209299877e-01,5.560764725526038399e-01,5.559458780550535772e-01,5.558420324837878290e-01,5.557670790955174800e-01,5.557230380078762577e-01,5.557118231885421755e-01,5.557352400310521245e-01,5.557949598435626415e-01,5.558925055410597338e-01,5.560293322029672414e-01,5.562067047123252506e-01,5.564258070503317333e-01,5.566876501879326478e-01,5.569931546729388616e-01,5.573430965751885457e-01,5.577381186010758052e-01,5.581787377370150960e-01,5.586653484384465074e-01,5.591981966460103370e-01,5.597774462758547953e-01,5.604030914297807309e-01,5.610750682311147486e-01,5.617931052162837835e-01,5.625569014582861849e-01,5.633659907692527558e-01,5.642198449383287739e-01,5.651178008766281069e-01,5.660590967739115298e-01,5.670428814990625677e-01,5.680682263511523944e-01,5.691340914299886089e-01,5.702393601592974370e-01,5.713828573555406187e-01,5.725633188288999920e-01,5.737794170935012206e-01,5.750297587951899159e-01,5.763129226947433237e-01,5.776273778397559289e-01,5.789716120278538547e-01,5.803440309951491960e-01,5.817430086921668853e-01,5.831669149053800849e-01,5.846140607112303433e-01,5.860827722318544541e-01,5.875713428048963127e-01,5.890780395227914745e-01,5.906011676440016123e-01,5.921389838521105009e-01,5.936898109906044718e-01,5.952519263403466265e-01,5.968236507118648282e-01,5.984033290158489171e-01,5.999893055674128117e-01,6.015799655602614981e-01,6.031737328184866298e-01,6.047690653704458352e-01,6.063644305594422246e-01,6.079583948337945465e-01,6.095495155956693889e-01,6.111363940334985090e-01,6.127177382365361913e-01,6.142922456082466898e-01,6.158587047777611678e-01,6.174159489296724423e-01,6.189628565016564998e-01,6.204983769070032684e-01,6.220214994848339840e-01,6.235313093460244094e-01,6.250269068796461269e-01,6.265074823231325807e-01,6.279722565391617772e-01,6.294205403457019399e-01,6.308516845013623087e-01,6.322650752115664963e-01,6.336602060295619676e-01,6.350365833850410979e-01,6.363937870952243170e-01,6.377314190298218888e-01,6.390491527753667800e-01,6.403467000651701380e-01,6.416238195171490855e-01,6.428803212000089307e-01,6.441160284397881020e-01,6.453308137463156235e-01,6.465245844950423537e-01,6.476972699047083282e-01,6.488488293354602865e-01,6.499792344931265564e-01,6.510884969542272138e-01,6.521766272739347725e-01,6.532436405694206361e-01,6.542895893611987423e-01,6.553144908237219513e-01,6.563184058422026901e-01,6.573013527900912756e-01,6.582633816252285719e-01,6.592045043348071509e-01,6.601247159405524423e-01,6.610240347507116976e-01,6.619024296445644717e-01,6.627598405595398479e-01,6.635961972846393664e-01,6.644114083546197591e-01,6.652053217870007584e-01,6.659777743085490975e-01,6.667285661029702659e-01,6.674574599388145568e-01,6.681641757852958552e-01,6.688483763595385323e-01,6.695097010948757310e-01,6.701477277343207417e-01,6.707620181068549847e-01,6.713520495557468992e-01,6.719172649117323148e-01,6.724570746147073841e-01,6.729708219263114133e-01,6.734578056084111752e-01,6.739172902929158049e-01,6.743484871907498013e-01,6.747505305803170872e-01,6.751225594717457090e-01,6.754636342387025927e-01,6.757727931895434192e-01,6.760490393550517840e-01,6.762913067533316003e-01,6.764985253588317038e-01,6.766695830842004433e-01,6.768033386925145223e-01,6.768986157702957529e-01,6.769542290339145563e-01,6.769689794212142564e-01,6.769416287673201138e-01,6.768709674256679909e-01,6.767557258230201267e-01,6.765946943518119649e-01,6.763866103970144206e-01,6.761302448969691570e-01,6.758243867648553449e-01,6.754678678483907461e-01,6.750594576812577463e-01,6.745980369240346386e-01,6.740824957856886845e-01,6.735117349651218444e-01,6.728847637764325817e-01,6.722005756384867858e-01,6.714582611675774526e-01,6.706569306245904194e-01,6.697958135415008618e-01,6.688741740580697037e-01,6.678913802370345376e-01,6.668468676118390892e-01,6.657401438537395855e-01,6.645708461839754388e-01,6.633386701202277358e-01,6.620434586092517337e-01,6.606851303831123845e-01,6.592637126018169313e-01,6.577793682390548069e-01,6.562323726854579764e-01,6.546231256376673358e-01,6.529521386637031632e-01,6.512200785122118640e-01,6.494277596656895524e-01,6.475760654213105205e-01,6.456660740004644961e-01,6.436990127146957619e-01,6.416761887736806003e-01,6.395991175069224433e-01,6.374694181184042963e-01,6.352888775045107961e-01,6.330594207384961924e-01,6.307830917815459015e-01,6.284621324593628877e-01,6.260988805133317348e-01,6.236958454738961155e-01,6.212556446860075798e-01,6.187810535888597085e-01,6.162750002435501973e-01,6.137404791256710901e-01,6.111807230348935693e-01,6.085989646120066876e-01,6.059986601828252217e-01,6.033833122091362133e-01,6.007565748484239299e-01,5.981221891452180861e-01,5.954839920671364251e-01,5.928459312103868672e-01,5.902120187003901952e-01,5.875863753187257066e-01,5.849731576267914734e-01,5.823766191237441658e-01,5.798010744067352285e-01,5.772508450752219522e-01,5.747303345530859753e-01,5.722439704606596678e-01,5.697961813392793395e-01,5.673914380287142789e-01,5.650342164845885140e-01,5.627289471549423716e-01,5.604800901217777964e-01,5.582920829963416987e-01,5.561693166883319162e-01,5.541161018421510986e-01,5.521367632614767595e-01,5.502355142709435265e-01,5.484165214003361433e-01,5.466838528676865039e-01,5.450414697751737592e-01,5.434932752283871960e-01,5.420429890275668683e-01,5.406942837243604583e-01,5.394506398157785654e-01,5.383154372523566433e-01,5.372918700344211373e-01,5.363829816205626377e-01,5.355916665591493597e-01,5.349206163717831197e-01,5.343723374549219640e-01,5.339491414792854052e-01,5.336531767819333583e-01,5.334863133663916290e-01,5.334502578391020489e-01,5.335464577941670949e-01,5.337761575867028263e-01,5.341403623941909373e-01,5.346398218065455676e-01,5.352750560535503022e-01,5.360463063623949198e-01,5.369536102420704449e-01,5.379967025003616898e-01,5.391750741309696560e-01,5.404879450503361493e-01,5.419342987830828573e-01,5.435128182133692754e-01,5.452219420815318518e-01,5.470598247934544966e-01,5.490243841706470285e-01,5.511132408145396067e-01,5.533237707721202492e-01,5.556530818468985444e-01,5.580980239251411845e-01,5.606552182615643920e-01,5.633209891385068113e-01,5.660914469177330544e-01,5.689624433860110964e-01,5.719296285865448359e-01,5.749883610799197964e-01,5.781338431837452774e-01,5.813610268539620707e-01,5.846646556376523529e-01,5.880393036415622054e-01,5.914793234658293208e-01,5.949788855509113850e-01,5.985320346479292564e-01,6.021325897680546158e-01,6.057742758805142458e-01,6.094506569713711297e-01,6.131551576787406255e-01,6.168811095267087152e-01,6.206217292975079181e-01,6.243701507655071703e-01,6.281194142806406644e-01,6.318625037095969565e-01,6.355923781933108252e-01,6.393019094818668258e-01,6.429839681951819985e-01,6.466314321716076785e-01,6.502371597522491609e-01,6.537940087769326114e-01,6.572949205119436034e-01,6.607328320509777697e-01,6.641007740906731405e-01,6.673918151653333020e-01,6.705991536176921786e-01,6.737160487393303310e-01,6.767359103764200023e-01,6.796522212925298900e-01,6.824586756436005208e-01,6.851490675434067645e-01,6.877173961926825729e-01,6.901578114468529535e-01,6.924646732323777032e-01,6.946325347991816335e-01,6.966561536846888059e-01,6.985305821186937880e-01,7.002510081847970191e-01,7.018129339540319922e-01,7.032121101758532777e-01,7.044445352207133748e-01,7.055065211767626021e-01,7.063946178372105811e-01,7.071056909491418851e-01,7.076369091191564431e-01,7.079857557727052830e-01,7.081499980326629862e-01,7.081277158231383817e-01,7.079173826163548400e-01,7.075176912303413612e-01,7.069277549784307446e-01,7.061469682644851975e-01,7.051750831477049397e-01,7.040121775937399073e-01,7.026586757436636965e-01,7.011153143945699773e-01,6.993831996167717557e-01,6.974637603821775000e-01,6.953587433336764212e-01,6.930702438024822776e-01,6.906006844020395885e-01,6.879527905580984370e-01,6.851296218117548520e-01,6.821345685101022349e-01,6.789712745349831824e-01,6.756437424363878064e-01,6.721562372907196048e-01,6.685133090084934837e-01,6.647197878005260963e-01,6.607807972422478082e-01,6.567016626456743111e-01,6.524880194072053552e-01,6.481456810686607728e-01,6.436807439261422736e-01,6.390994842278918675e-01,6.344083839969715255e-01,6.296141334492770802e-01,6.247235648105597949e-01,6.197437303079160742e-01,6.146817753033452236e-01,6.095450283076107034e-01,6.043409150596805723e-01,5.990769862014275748e-01,5.937608558295398575e-01,5.884002558935229610e-01,5.830029668983255364e-01,5.775768296061158935e-01,5.721296872612030571e-01,5.666694525550727279e-01,5.612040002010749706e-01,5.557412340633685055e-01,5.502889897922396134e-01,5.448551019744993784e-01,5.394473255906067077e-01,5.340733614306711896e-01,5.287408330964854519e-01,5.234572279691773744e-01,5.182299667761601780e-01,5.130663268374306973e-01,5.079734454995845638e-01,5.029583054339641368e-01,4.980277342759717452e-01,4.931883667638519153e-01,4.884466697102158861e-01,4.838088955504541988e-01,4.792810945848713367e-01,4.748690679515382707e-01,4.705784190812437595e-01,4.664145051537939568e-01,4.623824032366771197e-01,4.584869709248590164e-01,4.547327424110163552e-01,4.511240606751785176e-01,4.476649198089787673e-01,4.443590425637175545e-01,4.412098456538147140e-01,4.382205157138790996e-01,4.353938439764071244e-01,4.327323684857084518e-01,4.302383356380362067e-01,4.279136404617481237e-01,4.257598828951057457e-01,4.237783481340725578e-01,4.219700211177571103e-01,4.203355436812254986e-01,4.188752927467738196e-01,4.175892841621293705e-01,4.164772871101317109e-01,4.155386917454944040e-01,4.147726555879082122e-01,4.141779982265622051e-01,4.137532645916647822e-01,4.134967144023093399e-01,4.134063344285141550e-01,4.134798158705310089e-01,4.137145889191765624e-01,4.141078287156914062e-01,4.146564895962249753e-01,4.153572337952117222e-01,4.162065220062912130e-01
8.640723828264704198e-02,8.652953518126238475e-02,8.664129750719670731e-02,8.674274429870805492e-02,8.683410060353935478e-02,8.691560350570083637e-02,8.698749442269022858e-02,8.705002151732445237e-02,8.710343689575683612e-02,8.714800102251944736e-02,8.718397164481761497e-02,8.721161608505174911e-02,8.723120574032311447e-02,8.724300529145166683e-02,8.724728811867693556e-02,8.724432873912953135e-02,8.723440012861356785e-02,8.721776865929012357e-02,8.719470690530714552e-02,8.716549127089474880e-02,8.713038431919052640e-02,8.708964982934834509e-02,8.704354935464923837e-02,8.699234479278475374e-02,8.693629024613827583e-02,8.687563281646944191e-02,8.681061789215309410e-02,8.674148970284577265e-02,8.666848246307896908e-02,8.659182242584620437e-02,8.651173692519739666e-02,8.642844483586442639e-02,8.634215427831400114e-02,8.625307226634290614e-02,8.616139944383530147e-02,8.606732850785650535e-02,8.597104226035939822e-02,8.587272270408444208e-02,8.577254620676882935e-02,8.567067482474467754e-02,8.556727333831286308e-02,8.546249022690649566e-02,8.535648190840212923e-02,8.524938746708275727e-02,8.514134244424545472e-02,8.503248293881046638e-02,8.492293255924353301e-02,8.481281760771150480e-02,8.470225124450023180e-02,8.459134893951478218e-02,8.448022165174676190e-02,8.436897460837387841e-02,8.425771480956917303e-02,8.414654022645433329e-02,8.403554727879186670e-02,8.392483808402279033e-02,8.381450947205638935e-02,8.370465357947569351e-02,8.359536447981245899e-02,8.348674185410930038e-02,8.337887343212140034e-02,8.327186514231890713e-02,8.316581213262642935e-02,8.306080570880186587e-02,8.295695977020187128e-02,8.285437426449999976e-02,8.275315639507346832e-02,8.265341926787364568e-02,8.255528120691217608e-02,8.245885654773736639e-02,8.236427454332168052e-02,8.227166357050599843e-02,8.218115807025280772e-02,8.209289814145107056e-02,8.200703329863018309e-02,8.192371480767718372e-02,8.184309877961343238e-02,8.176535710508733845e-02,8.169065491493288089e-02,8.161917455166356472e-02,8.155110109145370656e-02,8.148662410833332204e-02,8.142594552915735640e-02,8.136926871370117609e-02,8.131680990924651520e-02,8.126878816928889693e-02,8.122542800309656696e-02,8.118695959390707928e-02,8.115361683462456177e-02,8.112565287230727451e-02,8.110330770461843253e-02,8.108683996803689453e-02,8.107651008237154455e-02,8.107257684388946561e-02,8.107530933087232772e-02,8.108497961889594985e-02,8.110185347904590170e-02,8.112621229207377105e-02,8.115833203622599412e-02,8.119849108011828465e-02,8.124696584322187165e-02,8.130403471214771305e-02,8.136997150875117935e-02,8.144505559310628862e-02,8.152956091704577357e-02,8.162375115824739569e-02,8.172789344312804405e-02,8.184224791932996623e-02,8.196706561324099138e-02,8.210260250937721771e-02,8.224908773861361322e-02,8.240675691028673255e-02,8.257583238973957573e-02,8.275652782545471486e-02,8.294903697969199796e-02,8.315355262246189316e-02,8.337024806632484242e-02,8.359929110239695815e-02,8.384081955573106926e-02,8.409496722518217116e-02,8.436185057343806304e-02,8.464157089134607959e-02,8.493419826523172789e-02,8.523979810251727796e-02,8.555841053339346969e-02,8.589005781638463233e-02,8.623473274332550675e-02,8.659241715066437473e-02,8.696306681261323224e-02,8.734660987942721722e-02,8.774295771862838933e-02,8.815199010267392443e-02,8.857356538295707571e-02,8.900752123999541854e-02,8.945366028688334081e-02,8.991176752652001170e-02,9.038159763492185916e-02,9.086288379657457559e-02,9.135531958482617787e-02,9.185858854922977768e-02,9.237233786624297893e-02,9.289618652920250685e-02,9.342972824700571111e-02,9.397253462244932465e-02,9.452414392912686369e-02,9.508407416213097985e-02,9.565180786681848346e-02,9.622681382828329744e-02,9.680852381982493760e-02,9.739635289451126221e-02,9.798969240972801864e-02,9.858789823252141205e-02,9.919031443148615401e-02,9.979626070893726775e-02,1.004050306151218347e-01,1.010159031241468219e-01,1.016281268536193966e-01,1.022409438141547028e-01,1.028535698652372210e-01,1.034652060782644267e-01,1.040750350659422757e-01,1.046822310579066384e-01,1.052859492228676030e-01,1.058853339743588140e-01,1.064795183609327373e-01,1.070676242907757786e-01,1.076487692879863484e-01,1.082220608848298432e-01,1.087865992604113013e-01,1.093414885421734040e-01,1.098858191547373298e-01,1.104186907381622257e-01,1.109391954326773427e-01,1.114464346720511062e-01,1.119395064688770286e-01,1.124175219262948389e-01,1.128795914262812200e-01,1.133248398967808823e-01,1.137523970508211579e-01,1.141614047982146135e-01,1.145510283765944215e-01,1.149204331684774982e-01,1.152688095916557937e-01,1.155953672543068717e-01,1.158993344412890397e-01,1.161799536888278861e-01,1.164364980429945379e-01,1.166682582970593185e-01,1.168745603949715300e-01,1.170547489839985078e-01,1.172082019512271783e-01,1.173343184277065299e-01,1.174325397518887482e-01,1.175023278333152676e-01,1.175431906828824091e-01,1.175546632344697390e-01,1.175363125618884147e-01,1.174877477279382826e-01,1.174086163766295959e-01,1.172986022537945289e-01,1.171574222603755239e-01,1.169848431286460710e-01,1.167806660972834365e-01,1.165447363933790892e-01,1.162769395677175077e-01,1.159771991133140279e-01,1.156454901120766571e-01,1.152818213024279781e-01,1.148862516114087517e-01,1.144588769107824089e-01,1.139998350552953732e-01,1.135093224363236675e-01,1.129875504300537903e-01,1.124348001723754625e-01,1.118513828156826734e-01,1.112376519338444669e-01,1.105940000553435193e-01,1.099208701532757293e-01,1.092187353020710877e-01,1.084881188828712983e-01,1.077295757680649529e-01,1.069436995616067781e-01,1.061311171082374438e-01,1.052925067690061445e-01,1.044285679997884464e-01,1.035400388086788470e-01,1.026276927480061496e-01,1.016923309209155774e-01,1.007347881146394702e-01,9.975592609192837634e-02,9.875663580471556735e-02,9.773783363866435370e-02,9.670046400325414682e-02,9.564548704829833881e-02,9.457389067779571612e-02,9.348667894309846405e-02,9.238488003121528291e-02,9.126953490221266507e-02,9.014169465351327959e-02,8.900243280807862423e-02,8.785282462640653378e-02,8.669396256812848811e-02,8.552693999016636184e-02,8.435286223621930868e-02,8.317283396572981713e-02,8.198796572863853438e-02,8.079936131395955290e-02,7.960813304008375335e-02,7.841537964261745264e-02,7.722219965132694208e-02,7.602968724192214756e-02,7.483892215070143961e-02,7.365097384236239664e-02,7.246690421874146804e-02,7.128775668186816683e-02,7.011456071678678903e-02,6.894832969517743215e-02,6.779005159295747873e-02,6.664070613484192329e-02,6.550123500677107469e-02,6.437257600886235609e-02,6.325562054227916453e-02,6.215125015376019024e-02,6.106031346309506030e-02,5.998363168792382460e-02,5.892199020278980626e-02,5.787615218780052528e-02,5.684685002438545631e-02,5.583476978279423852e-02,5.484058049297645121e-02,5.386490630655607625e-02,5.290833748471768239e-02,5.197143507053181288e-02,5.105471673671182348e-02,5.015866589380248847e-02,4.928372800398595627e-02,4.843031591171771677e-02,4.759879710875592612e-02,4.678950602654679408e-02,4.600273787655826535e-02,4.523875063402093416e-02,4.449776308423891019e-02,4.377995975729191691e-02,4.308548045285695571e-02,4.241443911855358878e-02,4.176689875109813876e-02,4.114290213883539660e-02,4.054243845514417938e-02,3.996548028329888202e-02,3.941194871254390802e-02,3.888174577789305086e-02,3.837473143702271883e-02,3.789073254424956544e-02,3.742955317759635164e-02,3.699095819850724970e-02,3.657469287426799026e-02,3.618046593103912967e-02,3.580796080638319612e-02,3.545684077348475183e-02,3.512673850387305202e-02,3.481726913148908142e-02,3.452801887507980783e-02,3.425855990991213268e-02,3.400844021578573045e-02,3.377719771866195125e-02,3.356434579731396028e-02,3.336938794498672117e-02,3.319181108458601343e-02,3.303109411049517941e-02,3.288669799794492754e-02,3.275808842453786091e-02,3.264471078514543517e-02,3.254600856810117848e-02,3.246142545121209061e-02,3.239039318512412086e-02,3.233235197590010601e-02,3.228673413584043361e-02,3.225297449269511063e-02,3.223051808776107585e-02,3.221880583728062297e-02,3.221728489387948313e-02,3.222541197963381399e-02,3.224265369853518415e-02,3.226848129497734974e-02,3.230238182571474465e-02,3.234384372099466387e-02,3.239238603725658888e-02,3.244752064929654067e-02,3.250879352859892962e-02,3.257575159431028156e-02,3.264796928685682886e-02,3.272503261294638921e-02,3.280654778034003405e-02,3.289214009887914125e-02,3.298145142113195066e-02,3.307415091715934508e-02,3.316992599435751587e-02,3.326848050205997304e-02,3.336954882529468563e-02,3.347287818991610125e-02,3.357824365762920871e-02,3.368544838448447876e-02,3.379430499487345863e-02,3.390465873935040453e-02,3.401637847083151950e-02,3.412934753554860978e-02,3.424348244760958004e-02,3.435871236637351445e-02,3.447500235457868351e-02,3.459232401059003648e-02,3.471068030203645211e-02,3.483009314448611005e-02,3.495060350623806211e-02,3.507227657668465087e-02,3.519519662728707449e-02,3.531946022428553850e-02,3.544519177067868843e-02,3.557252829105532477e-02,3.570162418138314586e-02,3.583265195314653401e-02,3.596579511325744688e-02,3.610125550395169164e-02,3.623924829826567773e-02,3.637999561830729256e-02,3.652374074156670286e-02,3.667072680379253324e-02,3.682121297687599576e-02,3.697546637734490382e-02,3.713375686894257455e-02,3.729636267555979517e-02,3.746357145083077655e-02,3.763566783518277475e-02,3.781294574064961167e-02,3.799569218985295732e-02,3.818419977372000673e-02,3.837876328962772782e-02,3.857967402997393436e-02,3.878721276141760405e-02,3.900166876192998761e-02,3.922331448773447998e-02,3.945242522133048796e-02,3.968926090808669316e-02,3.993408391799459223e-02,4.018713821452033624e-02,4.044865783144006161e-02,4.071887481374906331e-02,4.099799976968474674e-02,4.128623150069049563e-02,4.158375853619059037e-02,4.189075690077019576e-02,4.220738352506537422e-02,4.253377517171814948e-02,4.287005951228768652e-02,4.321634886576685569e-02,4.357272746496881205e-02,4.393927202583267078e-02,4.431603320188180761e-02,4.470304720995692954e-02,4.510032742730763627e-02,4.550787041689821621e-02,4.592564899433275449e-02,4.635362335826746782e-02,4.679172557555112688e-02,4.723987214467372658e-02,4.769795330201625355e-02,4.816584817323502771e-02,4.864340842130480957e-02,4.913046602544610120e-02,4.962684069429305900e-02,5.013232049859774747e-02,5.064668215178338290e-02,5.116968008088652181e-02,5.170105773129288207e-02,5.224052712907786833e-02,5.278779286349223610e-02,5.334253844734590522e-02,5.390443152253457382e-02,5.447312639383113109e-02,5.504825603869688971e-02,5.562944327184448506e-02,5.621630056174008877e-02,5.680841461092491634e-02,5.740537576379958762e-02,5.800675295795684749e-02,5.861210474772857171e-02,5.922098474917134037e-02,5.983293742975318019e-02
4.352275049146706598e-01,4.311555988405696427e-01,4.270930739431914036e-01,4.230468495858498712e-01,4.190238327496074167e-01,4.150309287700885141e-01,4.110750120800614749e-01,4.071629211031810858e-01,4.033014550114448760e-01,3.994973169557687331e-01,3.957571832588026584e-01,3.920876080176687317e-01,3.884950746517622511e-01,3.849859266613248066e-01,3.815664371907754315e-01,3.782427199928958816e-01,3.750207542950036999e-01,3.719063728813249980e-01,3.689052376668521815e-01,3.660228684602452875e-01,3.632645700935273614e-01,3.606354906190655796e-01,3.581405611367896036e-01,3.557845208295331019e-01,3.535718875089200464e-01,3.515069641153401592e-01,3.495938007799651581e-01,3.478362550949120058e-01,3.462378985343286253e-01,3.448020800730548507e-01,3.435318714154383946e-01,3.424301216065723241e-01,3.414993676270159928e-01,3.407419135199190596e-01,3.401597679366217819e-01,3.397546621740456518e-01,3.395280631343225441e-01,3.394811241713868721e-01,3.396147438429926724e-01,3.399295151455701269e-01,3.404257472523699035e-01,3.411034517262999666e-01,3.419623744536599563e-01,3.430019178331159546e-01,3.442212579213796420e-01,3.456192298489018655e-01,3.471944189804064274e-01,3.489450943696486007e-01,3.508692748026996377e-01,3.529646634703051955e-01,3.552287067233361184e-01,3.576585952532528312e-01,3.602512104027957296e-01,3.630031896168773864e-01,3.659109194347932581e-01,3.689705205712832670e-01,3.721778852345772881e-01,3.755286293418898524e-01,3.790181634239902508e-01,3.826416543623303301e-01,3.863940756065643578e-01,3.902701468626438852e-01,3.942644087965376798e-01,3.983712051182216607e-01,4.025846809221496625e-01,4.068988282252719579e-01,4.113074351008776941e-01,4.158041524606251316e-01,4.203824630573636534e-01,4.250357225208151735e-01,4.297571660255348758e-01,4.345398882165378285e-01,4.393768784791522997e-01,4.442610335230517404e-01,4.491851620563545588e-01,4.541419893354287640e-01,4.591241767616280334e-01,4.641243176830361916e-01,4.691349885093379357e-01,4.741487183042872866e-01,4.791579929298401819e-01,4.841553331698525975e-01,4.891332048273854261e-01,4.940841354249437267e-01,4.990006443761101917e-01,5.038752700254210959e-01,5.087006591568205005e-01,5.134694435338660323e-01,5.181743408369896553e-01,5.228081708695507812e-01,5.273638147904731177e-01,5.318342410150546096e-01,5.362125534939963245e-01,5.404919759793831435e-01,5.446658051494935870e-01,5.487275343872706213e-01,5.526707771956737014e-01,5.564893166055452367e-01,5.601770522775482153e-01,5.637281141588237343e-01,5.671367659644295234e-01,5.703975001246073262e-01,5.735049714106021934e-01,5.764540556656211345e-01,5.792398166948347082e-01,5.818575658230175085e-01,5.843028070756932646e-01,5.865713036125643765e-01,5.886590192860134962e-01,5.905621794402428071e-01,5.922772369310506102e-01,5.938009292094864611e-01,5.951302058344755119e-01,5.962622897483611517e-01,5.971946695790556481e-01,5.979250783751306475e-01,5.984515445166543879e-01,5.987723410536530677e-01,5.988860097606441002e-01,5.987913895405325704e-01,5.984875637859776720e-01,5.979739107896898664e-01,5.972500603459874879e-01,5.963159533102349030e-01,5.951717470655166764e-01,5.938179176710733920e-01,5.922552059200049124e-01,5.904846139416274342e-01,5.885073973883175880e-01,5.863251348847442479e-01,5.839395730070738866e-01,5.813528271116007451e-01,5.785671830837909591e-01,5.755852225959376955e-01,5.724097740452505079e-01,5.690438905229087130e-01,5.654908945261145625e-01,5.617543341525517153e-01,5.578379762943656006e-01,5.537458382512671085e-01,5.494821172481084703e-01,5.450512489551815332e-01,5.404579098062489706e-01,5.357069163770963316e-01,5.308033115611416886e-01,5.257523215415634832e-01,5.205593622468055459e-01,5.152300151671487249e-01,5.097700164912744025e-01,5.041852789959296866e-01,4.984818452642247877e-01,4.926659190356583728e-01,4.867438322697628661e-01,4.807220408553908308e-01,4.746071203260234239e-01,4.684057597467448097e-01,4.621247205734650421e-01,4.557709008953112484e-01,4.493512485544935986e-01,4.428727912519990761e-01,4.363426261893330604e-01,4.297679123953164204e-01,4.231558331866148159e-01,4.165136399953061619e-01,4.098485944117931101e-01,4.031679926443162421e-01,3.964791107217461308e-01,3.897892685566937132e-01,3.831057416153333950e-01,3.764358291606639262e-01,3.697867695603862526e-01,3.631657722884042427e-01,3.565800381333568136e-01,3.500366852503418169e-01,3.435427747044312308e-01,3.371053175207798236e-01,3.307312239229218687e-01,3.244273628531725295e-01,3.182004598675449158e-01,3.120571707511869963e-01,3.060040524647986704e-01,3.000475086663536017e-01,2.941938711603803713e-01,2.884492903659836016e-01,2.828198169080136659e-01,2.773113652006542473e-01,2.719296515999676256e-01,2.666802766130047520e-01,2.615686766278518260e-01,2.566000954202563578e-01,2.517796203275817213e-01,2.471121624796782934e-01,2.426024247584397386e-01,2.382549336538757612e-01,2.340740288433986183e-01,2.300638335824102265e-01,2.262282658936509705e-01,2.225710569150892715e-01,2.190956955140335172e-01,2.158054647743163079e-01,2.127034390808456854e-01,2.097924610132762269e-01,2.070751375211250522e-01,2.045538622402134632e-01,2.022307946521994526e-01,2.001078493760244381e-01,1.981867236467667881e-01,1.964688527865855738e-01,1.949554707919006757e-01,1.936475387291015648e-01,1.925457999903307515e-01,1.916507577469481194e-01,1.909626540214647838e-01,1.904815084300750250e-01,1.902071137055574013e-01,1.901389951472216844e-01,1.902764699830173378e-01,1.906185852295995131e-01,1.911641863405726949e-01,1.919118658075758543e-01,1.928599975288931012e-01,1.940067106370141625e-01,1.953499310906512410e-01,1.968873404548281691e-01,1.986164132289829631e-01,2.005344014877161740e-01,2.026383628997343311e-01,2.049251041391662032e-01,2.073912753917267204e-01,2.100332944130369472e-01,2.128473911540052776e-01,2.158296109776369209e-01,2.189758269999894924e-01,2.222816814976043553e-01,2.257426950902664819e-01,2.293541808060665932e-01,2.331113477402033118e-01,2.370091532299781201e-01,2.410424869474795950e-01,2.452060553927518649e-01,2.494944377597614893e-01,2.539020919592600012e-01,2.584233085960059850e-01,2.630523262977854659e-01,2.677832258285819389e-01,2.726099939847587694e-01,2.775265490533618817e-01,2.825266829060276152e-01,2.876041409649706115e-01,2.927525920336737086e-01,2.979656245723640295e-01,3.032367853046567530e-01,3.085595839983324984e-01,3.139274675719411767e-01,3.193338715278986051e-01,3.247721998025062118e-01,3.302358666347705585e-01,3.357182374079026310e-01,3.412127211945940597e-01,3.467127192806884750e-01,3.522116659014858375e-01,3.577030137504781937e-01,3.631802644693701287e-01,3.686369435764123570e-01,3.740666533169249575e-01,3.794630570872264963e-01,3.848198730711414051e-01,3.901309153297174426e-01,3.953900745768084146e-01,4.005913389124664548e-01,4.057288217983625600e-01,4.107967103683060617e-01,4.157893180805374289e-01,4.207011066028225610e-01,4.255266758543872485e-01,4.302607000318098840e-01,4.348980950687862390e-01,4.394338762021365863e-01,4.438632215753455235e-01,4.481814908742270953e-01,4.523841933455958197e-01,4.564670677147488753e-01,4.604259826645841214e-01,4.642570321820180257e-01,4.679564860259360359e-01,4.715208564101456279e-01,4.749467960732783323e-01,4.782311993284092400e-01,4.813712152077376794e-01,4.843641615925626809e-01,4.872075704407616836e-01,4.898992582752165759e-01,4.924372159465350007e-01,4.948196629837534055e-01,4.970451011950250964e-01,4.991122384547642676e-01,5.010200036274661262e-01,5.027676109042595876e-01,5.043544513416987618e-01,5.057801990599029018e-01,5.070447868708271022e-01,5.081483253389481591e-01,5.090912460192567046e-01,5.098741238896318251e-01,5.104978490635021515e-01,5.109635314060640976e-01,5.112725011495971028e-01,5.114263151270830310e-01,5.114267947168278372e-01,5.112759617075112173e-01,5.109760646066852097e-01,5.105295862270659013e-01,5.099392040116176306e-01,5.092078181100199163e-01,5.083385654376323393e-01,5.073347398381056195e-01,5.061998452488135625e-01,5.049376205669895423e-01,5.035519204716765174e-01,5.020468358512463203e-01,5.004266127375659456e-01,4.986956689030039858e-01,4.968585550931896022e-01,4.949200124298371306e-01,4.928849044422685677e-01,4.907582425257727698e-01,4.885451678227182848e-01,4.862509320597265816e-01,4.838809085458554704e-01,4.814405749714569804e-01,4.789355005694769796e-01,4.763713296452338763e-01,4.737538129895858541e-01,4.710887335555759003e-01,4.683819705259284483e-01,4.656394106215702711e-01,4.628670116665693501e-01,4.600707226199987065e-01,4.572565789951379411e-01,4.544305423796298204e-01,4.515986334398338631e-01,4.487668346094190741e-01,4.459411199521437497e-01,4.431274291186571013e-01,4.403316503355093059e-01,4.375596458963934565e-01,4.348171884828650469e-01,4.321099928953659464e-01,4.294437036895664139e-01,4.268238571531030590e-01,4.242559133643185043e-01,4.217451868406145166e-01,4.192969282181617796e-01,4.169162121517602793e-01,4.146080037767842508e-01,4.123771148310850787e-01,4.102282026044548613e-01,4.081657915132253511e-01,4.061942047651397880e-01,4.043175975002036293e-01,4.025399328687679357e-01,4.008650175776442559e-01,3.992964313736026560e-01,3.978375639177176293e-01,3.964915864123716438e-01,3.952614533434333222e-01,3.941499230625812866e-01,3.931594989426541731e-01,3.922924702899635574e-01,3.915508800129217648e-01,3.909365477288311297e-01,3.904510392640394012e-01,3.900956941996069904e-01,3.898715969000268178e-01,3.897795480410360391e-01,3.898201534308011196e-01,3.899937377942632177e-01,3.903003683736894214e-01,3.907398667667913439e-01,3.913117999375811951e-01,3.920154909442146174e-01,3.928499851137526311e-01,3.938141201581877304e-01,3.949064294177238588e-01,3.961252427984513491e-01,3.974686284309029149e-01,3.989344096125191363e-01,4.005201855883449014e-01,4.022233235333116386e-01,4.040409350229928753e-01,4.059699400429173655e-01,4.080070182415734270e-01,4.101486342723997813e-01,4.123910680702198572e-01,4.147303820318741230e-01,4.171624414304823669e-01,4.196829289481898706e-01,4.222873481618247271e-01,4.249710356346000362e-01,4.277291571717989904e-01,4.305567281054786255e-01,4.334486084204323131e-01,4.363995370313247801e-01,4.394041089138731593e-01,4.424568029765667543e-01,4.455519961301528942e-01,4.486839846036702051e-01,4.518469316110839684e-01,4.550349495905643971e-01,4.582420809616165602e-01,4.614623208502111606e-01,4.646896107328675196e-01,4.679178433843051987e-01,4.711409075571192928e-01,4.743526752615973563e-01,4.775470002683017690e-01,4.807177668516190994e-01,4.838588694733308992e-01,4.869642514141034884e-01,4.900278750380388515e-01,4.930437590362052314e-01,4.960060091738047738e-01,4.989087923183221362e-01,5.017463521580937114e-01,5.045130535732998966e-01,5.072033579985393281e-01,5.098118388059705852e-01
3.366077096041641403e-01,3.366339658305984028e-01,3.366569769969240400e-01,3.366766870306737713e-01,3.366929694897586867e-01,3.367056583233243305e-01,3.367145139856514424e-01,3.367192617058661352e-01,3.367195504960767694e-01,3.367150129533811875e-01,3.367051849337067693e-01,3.366895877545722504e-01,3.366676813751600106e-01,3.366388864218224364e-01,3.366025588172025795e-01,3.365580496271463051e-01,3.365046350051295598e-01,3.364415769572095538e-01,3.363680921383682687e-01,3.362833722506640144e-01,3.361865693047143000e-01,3.360768383790765923e-01,3.359532794237359843e-01,3.358149937221564518e-01,3.356610661517072658e-01,3.354905615689416920e-01,3.353025573902478351e-01,3.350961040157492410e-01,3.348702628008708437e-01,3.346241055733911729e-01,3.343566933317589362e-01,3.340671200730616630e-01,3.337544871821299108e-01,3.334179052807401678e-01,3.330565271984141651e-01,3.326695154906205709e-01,3.322560776734533317e-01,3.318154462958372575e-01,3.313468953952356522e-01,3.308497368980589104e-01,3.303233419910197588e-01,3.297671124224680894e-01,3.291805225485013309e-01,3.285630805745627381e-01,3.279143655630624710e-01,3.272340127672103693e-01,3.265217163655218524e-01,3.257772583062322203e-01,3.250004525380492115e-01,3.241912291427007653e-01,3.233495409761282247e-01,3.224754589395159576e-01,3.215690988580257592e-01,3.206306724354704429e-01,3.196604675449655208e-01,3.186588339885322307e-01,3.176262218652116109e-01,3.165631453226800396e-01,3.154702126971692389e-01,3.143481056824332098e-01,3.131975752666409929e-01,3.120194671279780119e-01,3.108147076379926266e-01,3.095842800330430022e-01,3.083292538372073843e-01,3.070507855920066587e-01,3.057500731945292927e-01,3.044284189094191295e-01,3.030871601306256435e-01,3.017277302716757648e-01,3.003516032072699460e-01,2.989603153733159657e-01,2.975554722331989477e-01,2.961387070575732250e-01,2.947117346365220047e-01,2.932762789392643343e-01,2.918341346177705242e-01,2.903871178132736430e-01,2.889370847601281933e-01,2.874859086907884387e-01,2.860354891097063312e-01,2.845877565639699514e-01,2.831446331706131692e-01,2.817080774793756515e-01,2.802800281325977805e-01,2.788624286729327051e-01,2.774572162630156713e-01,2.760663106041033044e-01,2.746916349966522231e-01,2.733350542985533149e-01,2.719984350950373497e-01,2.706835911081562629e-01,2.693923216458853909e-01,2.681263470347288735e-01,2.668873666124542132e-01,2.656770017344091683e-01,2.644968417993801557e-01,2.633483915723771052e-01,2.622330772207652205e-01,2.611522804741096548e-01,2.601072726524433221e-01,2.590992695194802020e-01,2.581293783309953627e-01,2.571986133074309344e-01,2.563079192833838116e-01,2.554581131636272096e-01,2.546499121687127998e-01,2.538839403920436499e-01,2.531607127740296281e-01,2.524806097689122897e-01,2.518439257585154412e-01,2.512508204945344548e-01,2.507013457094759423e-01,2.501954150684579381e-01,2.497328404332001262e-01,2.493133079324106605e-01,2.489363633504782791e-01,2.486014550905238096e-01,2.483078818879442262e-01,2.480548322119613402e-01,2.478413733902516403e-01,2.476664350181294327e-01,2.475288447027261252e-01,2.474272872662333089e-01,2.473603604269782597e-01,2.473265111890607659e-01,2.473240981661583571e-01,2.473513613273344014e-01,2.474064303820522892e-01,2.474873321942289428e-01,2.475919914161927304e-01,2.477182407900925254e-01,2.478638103226832035e-01,2.480263512107159229e-01,2.482034296967116638e-01,2.483925275344530670e-01,2.485910667770967475e-01,2.487963777855048964e-01,2.490057665039847046e-01,2.492164418024712669e-01,2.494255997485711751e-01,2.496303552582249674e-01,2.498278186046022920e-01,2.500150569673765810e-01,2.501891161308391065e-01,2.503470154968793215e-01,2.504857829454296136e-01,2.506024452527961244e-01,2.506939984745997774e-01,2.507574875687308413e-01,2.507899699968330620e-01,2.507885223645633377e-01,2.507502532239407333e-01,2.506723231837540977e-01,2.505519418960153177e-01,2.503863571109767872e-01,2.501729043059049973e-01,2.499089679322737401e-01,2.495920125245748300e-01,2.492196018501097177e-01,2.487893805185355522e-01,2.482990889631512543e-01,2.477465723936803921e-01,2.471297811107635300e-01,2.464467958572687800e-01,2.456958047052097971e-01,2.448751340919577135e-01,2.439832238342476145e-01,2.430186797499121754e-01,2.419802210954106469e-01,2.408667358100178291e-01,2.396772532103414455e-01,2.384109570834784253e-01,2.370671853036492027e-01,2.356454530353877252e-01,2.341454172778119902e-01,2.325669245064715673e-01,2.309099750947378737e-01,2.291747445738804290e-01,2.273615803340970076e-01,2.254709990175945145e-01,2.235036999444913186e-01,2.214605479858230419e-01,2.193425841543528709e-01,2.171510284531316393e-01,2.148872621602071487e-01,2.125528427798624997e-01,2.101495035133726652e-01,2.076791257027507664e-01,2.051437745278421598e-01,2.025456748241246940e-01,1.998871992961205879e-01,1.971708810494867958e-01,1.943994011844943637e-01,1.915755885646731882e-01,1.887024228489317945e-01,1.857830090243426102e-01,1.828205763530566241e-01,1.798185039334089796e-01,1.767802637479635175e-01,1.737094597707348198e-01,1.706097940236116495e-01,1.674850737331746164e-01,1.643391876577703081e-01,1.611761272012664781e-01,1.579999457592725365e-01,1.548147723800087083e-01,1.516248083928243839e-01,1.484342937985511091e-01,1.452475169357905493e-01,1.420688205838472606e-01,1.389025486113587560e-01,1.357530931909109173e-01,1.326248406236146538e-01,1.295221888856075421e-01,1.264495236760911911e-01,1.234112266341579889e-01,1.204116403903229965e-01,1.174550950107241254e-01,1.145458669318928924e-01,1.116881843160925647e-01,1.088862273069474557e-01,1.061440963422008443e-01,1.034658317266594768e-01,1.008553756383932520e-01,9.831659736638688474e-02,9.585325960170727744e-02,9.346901558301819180e-02,9.116741238345016374e-02,8.895186542933300466e-02,8.682567688948510110e-02,8.479201146894502217e-02,8.285388249667260951e-02,8.101416898719619730e-02,7.927559594587200997e-02,7.764072999206902970e-02,7.611196862594249435e-02,7.469155039946348551e-02,7.338153443347783522e-02,7.218380939949417541e-02,7.110008253301486336e-02,7.013187391140290883e-02,6.928052461178500765e-02,6.854718939301324143e-02,6.793281159933345359e-02,6.743817238946712977e-02,6.706383608814781017e-02,6.681018238932845410e-02,6.667739313602506768e-02,6.666545298880699466e-02,6.677415863234251181e-02,6.700310987488128367e-02,6.735170721199669475e-02,6.781916638679544307e-02,6.840451833838338824e-02,6.910659364049868969e-02,6.992405037730364814e-02,7.085535796056229019e-02,7.189881456547861371e-02,7.305254395335535056e-02,7.431449694351578705e-02,7.568245694725873884e-02,7.715406403076180419e-02,7.872678310616396113e-02,8.039793938601684509e-02,8.216471721996838895e-02,8.402416663286386977e-02,8.597319503759644210e-02,8.800860125135086254e-02,9.012705683461919026e-02,9.232512764418761286e-02,9.459927879453046418e-02,9.694587585021957610e-02,9.936120929252714729e-02,1.018414697015349035e-01,1.043828031500095982e-01,1.069812727865613461e-01,1.096328998207102834e-01,1.123336469696567946e-01,1.150794452398736373e-01,1.178662065196195707e-01,1.206898032208616883e-01,1.235461047827926540e-01,1.264309815508202484e-01,1.293403042499350064e-01,1.322699395050877524e-01,1.352158045768262484e-01,1.381738327847078784e-01,1.411399804656765788e-01,1.441102652151086405e-01,1.470807504042687397e-01,1.500475718080990783e-01,1.530069161040321923e-01,1.559550526075986487e-01,1.588883308459978771e-01,1.618031890158581065e-01,1.646961679376857390e-01,1.675638892912521549e-01,1.704031100691156819e-01,1.732106686427614672e-01,1.759835515769446745e-01,1.787188468409647568e-01,1.814137888320156156e-01,1.840657182611914744e-01,1.866721520676135060e-01,1.892307142249986529e-01,1.917391766873878522e-01,1.941954722296218572e-01,1.965976756782021051e-01,1.989440022048828693e-01,2.012328494251447442e-01,2.034627421866958552e-01,2.056323743771442114e-01,2.077406032024224081e-01,2.097864254882401136e-01,2.117690196913045719e-01,2.136877098913554929e-01,2.155419671235866974e-01,2.173314363197437760e-01,2.190559163119955299e-01,2.207153360690649047e-01,2.223098005419653633e-01,2.238395651014215559e-01,2.253050149808297764e-01,2.267066795399847456e-01,2.280452457184604376e-01,2.293215127583076995e-01,2.305364358645332623e-01,2.316910798221170353e-01,2.327866427655269632e-01,2.338244322939398989e-01,2.348058860880467280e-01,2.357325321465416623e-01,2.366060085001936431e-01,2.374280719007467733e-01,2.382005313927886836e-01,2.389253082204081113e-01,2.396044076274006784e-01,2.402398933704507911e-01,2.408339023002980528e-01,2.413886403796238478e-01,2.419063557204761405e-01,2.423893534722609544e-01,2.428399835153442210e-01,2.432606104733786301e-01,2.436536539307729843e-01,2.440215440272470449e-01,2.443667183957339006e-01,2.446916292006054150e-01,2.449987438115633076e-01,2.452905093116163338e-01,2.455693613015000332e-01,2.458377285638947696e-01,2.460980123001611786e-01,2.463525745788242571e-01,2.466037670652400371e-01,2.468538733981013311e-01,2.471051548934210251e-01,2.473598064913659911e-01,2.476199643163912167e-01,2.478877172109226756e-01,2.481650774222221301e-01,2.484539801831443795e-01,2.487563068171903813e-01,2.490738488157488162e-01,2.494082971054606968e-01,2.497612844097699403e-01,2.501343334346001201e-01,2.505288996114773403e-01,2.509463083763837643e-01,2.513878221127411328e-01,2.518545724974211031e-01,2.523476117294732313e-01,2.528678893074958189e-01,2.534162360291773997e-01,2.539933901528775850e-01,2.545999809323816754e-01,2.552365238712702156e-01,2.559034488835367216e-01,2.566010599674029002e-01,2.573295634128950349e-01,2.580890682443023332e-01,2.588795674064027774e-01,2.597009630007460212e-01,2.605530530236433995e-01,2.614355326793775247e-01,2.623480157733695806e-01,2.632900064901332327e-01,2.642609211490999921e-01,2.652600984821788521e-01,2.662867762945703709e-01,2.673401353450439721e-01,2.684192497069100569e-01,2.695231316713852521e-01,2.706507248426572865e-01,2.718009074875512576e-01,2.729724814305533598e-01,2.741642038218134458e-01,2.753747810234061233e-01,2.766028411097905537e-01,2.778470044808675210e-01,2.791058341839089407e-01,2.803778421013781719e-01,2.816615390464260460e-01,2.829553849345313177e-01,2.842578178586028792e-01,2.855672812086625934e-01,2.868821743313698658e-01,2.882009258162909759e-01,2.895219307798959085e-01,2.908435954053182337e-01,2.921643271093661842e-01,2.934825694627437032e-01,2.947967394052787293e-01,2.961053083617258830e-01,2.974067531339988912e-01,2.986995842093099762e-01,2.999823425944903033e-01,3.012536017098855767e-01,3.025119800730861064e-01,3.037561408798927221e-01,3.049847755437395391e-01,3.061966463751431000e-01,3.073905401305850327e-01,3.085653392652394911e-01,3.097199445082989278e-01,3.108533296737331919e-01
2.214852421061103693e-01,2.200033881222681620e-01,2.186316085475218107e-01,2.173713155707949207e-01,2.162237605250694472e-01,2.151899415948895777e-01,2.142706742515362583e-01,2.134665479770975205e-01,2.127779608577014259e-01,2.122050811458338904e-01,2.117478948934752581e-01,2.114061661415548299e-01,2.111794771618425715e-01,2.110671881802428373e-01,2.110684858073339221e-01,2.111823659901182204e-01,2.114076246611274745e-01,2.117428784324828783e-01,2.121865835750097184e-01,2.127370004123216862e-01,2.133922319825424518e-01,2.141502300776548517e-01,2.150087871736442169e-01,2.159655283687940408e-01,2.170179636316302008e-01,2.181634562769947661e-01,2.193992276526695040e-01,2.207223927154812748e-01,2.221299541317816317e-01,2.236187955166593633e-01,2.251857137978538759e-01,2.268273996393265490e-01,2.285404712135656879e-01,2.303214646213056216e-01,2.321668452573459884e-01,2.340730221558333934e-01,2.360363500720093488e-01,2.380531384667364803e-01,2.401196567706697371e-01,2.422321476787035188e-01,2.443868295836177373e-01,2.465799102704838985e-01,2.488075897348567267e-01,2.510660644206791914e-01,2.533515408287669302e-01,2.556602474046110740e-01,2.579884181485664341e-01,2.603323341958649340e-01,2.626883002744076490e-01,2.650526685994715193e-01,2.674218422502302461e-01,2.697922649588472832e-01,2.721604543498677420e-01,2.745229868081076052e-01,2.768765117079637350e-01,2.792177521365100668e-01,2.815435119180670909e-01,2.838506847402914035e-01,2.861362328770115648e-01,2.883972449711159070e-01,2.906308711970716496e-01,2.928343847604008010e-01,2.950051499651505371e-01,2.971406379197840675e-01,2.992384337838875918e-01,3.012962217841015367e-01,3.033117981799686169e-01,3.052830803814181593e-01,3.072080920724305497e-01,3.090849690122612903e-01,3.109119710662713310e-01,3.126874609316337983e-01,3.144099264125958526e-01,3.160779643240914649e-01,3.176902847389331264e-01,3.192457271931377072e-01,3.207432026213881127e-01,3.221817821636998591e-01,3.235606178704045766e-01,3.248789664634131324e-01,3.261361981982691116e-01,3.273317970969813473e-01,3.284653231072048873e-01,3.295364618687735003e-01,3.305449553277556296e-01,3.314906853317526880e-01,3.323735900456707415e-01,3.331936982772676914e-01,3.339511257145860168e-01,3.346460724376437157e-01,3.352787971587259941e-01,3.358496566837122499e-01,3.363590510959835189e-01,3.368074636984348946e-01,3.371954166811345077e-01,3.375235137958433884e-01,3.377923992741416748e-01,3.380027523046124083e-01,3.381553385564437519e-01,3.382509180411231720e-01,3.382903321704620048e-01,3.382744271877187736e-01,3.382040835648394972e-01,3.380802257985220383e-01,3.379037879225636476e-01,3.376757285704302669e-01,3.373970343158766427e-01,3.370686837511466805e-01,3.366916907483799570e-01,3.362670545008391576e-01,3.357958111802913925e-01,3.352789693428112616e-01,3.347175568957398428e-01,3.341125989258654227e-01,3.334651117269397114e-01,3.327761116305329447e-01,3.320466073372714266e-01,3.312775954036677462e-01,3.304700816621707338e-01,3.296250225926782296e-01,3.287433986312220391e-01,3.278261632265686565e-01,3.268742704184715575e-01,3.258886337372758346e-01,3.248701884148181285e-01,3.238198169772492641e-01,3.227384264523960877e-01,3.216268693549999558e-01,3.204860359150583093e-01,3.193167509489220346e-01,3.181198751754384935e-01,3.168962173159182716e-01,3.156466077139925552e-01,3.143718437135492039e-01,3.130727492823706104e-01,3.117500991812354738e-01,3.104046839294647975e-01,3.090373251862285064e-01,3.076487731625470179e-01,3.062398319216205200e-01,3.048112920820386651e-01,3.033639514453925767e-01,3.018986132334087191e-01,3.004160876105161915e-01,2.989171889048545805e-01,2.974027525520488990e-01,2.958736397470140833e-01,2.943306990150136859e-01,2.927748143366531997e-01,2.912069073485551995e-01,2.896278851313430769e-01,2.880386972887378771e-01,2.864403340363644856e-01,2.848337907721099072e-01,2.832201046338392314e-01,2.816003361024869145e-01,2.799755824908476964e-01,2.783469729897041778e-01,2.767156900375852269e-01,2.750829060646927116e-01,2.734498840954582843e-01,2.718178884675736540e-01,2.701882449842822886e-01,2.685622919382538720e-01,2.669414340612552561e-01,2.653270907703061399e-01,2.637207448565030421e-01,2.621239071848829316e-01,2.605381055205699403e-01,2.589649488668189226e-01,2.574060439380199683e-01,2.558630516044555492e-01,2.543376569654647867e-01,2.528315959232035892e-01,2.513466163277587873e-01,2.498845097985059605e-01,2.484470704159451038e-01,2.470361463429781301e-01,2.456536033966944532e-01,2.443013033880383489e-01,2.429811526652527476e-01,2.416950531542822467e-01,2.404449283969538609e-01,2.392326861937988935e-01,2.380602793441062848e-01,2.369296248235344127e-01,2.358426472456194023e-01,2.348012559147585332e-01,2.338073730409834239e-01,2.328628562067060759e-01,2.319695948089142146e-01,2.311294168694029982e-01,2.303441330121293595e-01,2.296155201488807307e-01,2.289453087962462774e-01,2.283351989442413132e-01,2.277868156289245272e-01,2.273017591025198181e-01,2.268815511688117292e-01,2.265276671227715033e-01,2.262414938303965728e-01,2.260243541160485148e-01,2.258775055022240186e-01,2.258020919658473291e-01,2.257992079013446673e-01,2.258698352978715518e-01,2.260148599794068736e-01,2.262350703535893348e-01,2.265311484228666183e-01,2.269036766199169775e-01,2.273531247972191971e-01,2.278798441664134922e-01,2.284840505251207743e-01,2.291658703486091075e-01,2.299252781888074526e-01,2.307621347744836238e-01,2.316761661759994817e-01,2.326669712031613213e-01,2.337340073124373474e-01,2.348765990686905447e-01,2.360939362011245657e-01,2.373850639538741536e-01,2.387488963571629819e-01,2.401842017213559610e-01,2.416896046327116077e-01,2.432636006575689125e-01,2.449045436644043949e-01,2.466106355341975143e-01,2.483799708859258659e-01,2.502104725646627781e-01,2.520999472487067683e-01,2.540460784074422551e-01,2.560463983600649862e-01,2.580983345251250394e-01,2.601991777399578765e-01,2.623460963050826544e-01,2.645361651336357589e-01,2.667663086515333903e-01,2.690333852768139744e-01,2.713341171626924564e-01,2.736651593724055420e-01,2.760230510403028359e-01,2.784042414956691136e-01,2.808051281738815352e-01,2.832220049410996143e-01,2.856511235794137460e-01,2.880886477014742431e-01,2.905307089487956795e-01,2.929733814310340190e-01,2.954126980934802527e-01,2.978446734586080447e-01,3.002652792526886438e-01,3.026704857617791289e-01,3.050562479523335480e-01,3.074185233373361026e-01,3.097532748154745996e-01,3.120564806478591802e-01,3.143241502448489433e-01,3.165523298761235282e-01,3.187370852024184464e-01,3.208745519300580384e-01,3.229609312826262624e-01,3.249924673428543631e-01,3.269654962132801934e-01,3.288764310154230763e-01,3.307217851733749159e-01,3.324981600266566639e-01,3.342022883928212895e-01,3.358309708656685433e-01,3.373811922799431762e-01,3.388500282026173926e-01,3.402346926967965146e-01,3.415325630198323137e-01,3.427411521183675869e-01,3.438581543604755097e-01,3.448813859119742586e-01,3.458088884865916368e-01,3.466388236191846883e-01,3.473695641295326264e-01,3.479996808143751008e-01,3.485279022291500328e-01,3.489531710318760638e-01,3.492746203649432779e-01,3.494915838058150759e-01,3.496036034342497878e-01,3.496104207130090735e-01,3.495120108383952262e-01,3.493085174910044999e-01,3.490003244665662585e-01,3.485880139192134020e-01,3.480723963722962000e-01,3.474544722949777231e-01,3.467354679018279651e-01,3.459168155422097102e-01,3.450001576778363721e-01,3.439873318231607691e-01,3.428803961192045113e-01,3.416815956263921650e-01,3.403933811288415434e-01,3.390183780584737350e-01,3.375594264668788647e-01,3.360195392109892598e-01,3.344019007592136661e-01,3.327098654161400604e-01,3.309469723293554377e-01,3.291169069195576946e-01,3.272235031848707565e-01,3.252707528688616456e-01,3.232627718959970031e-01,3.212038247945848690e-01,3.190982828345530486e-01,3.169506209390262064e-01,3.147654474713035277e-01,3.125474418768221518e-01,3.103013766246443539e-01,3.080320915160246753e-01,3.057445018257731739e-01,3.034435846403858439e-01,3.011343359671851960e-01,2.988218106388100259e-01,2.965110743701790397e-01,2.942072072203008037e-01,2.919153096908914113e-01,2.896404378252316891e-01,2.873876663154617539e-01,2.851620108625725347e-01,2.829684650322005779e-01,2.808119579440798153e-01,2.786973602274738782e-01,2.766294692331851546e-01,2.746130037443829663e-01,2.726525846045301793e-01,2.707527211429641145e-01,2.689178049327750619e-01,2.671521323588024743e-01,2.654598216839788583e-01,2.638448951929135977e-01,2.623111765265452866e-01,2.608623661917723324e-01,2.595019603813886744e-01,2.582333137553133318e-01,2.570595651588050146e-01,2.559836700181430391e-01,2.550084008179107631e-01,2.541362919487588634e-01,2.533696759863872661e-01,2.527106898329923856e-01,2.521612183134592233e-01,2.517229399309517390e-01,2.513972682411030335e-01,2.511854131538833190e-01,2.510883289599072921e-01,2.511067374160775301e-01,2.512411011129738747e-01,2.514916384839591679e-01,2.518583329061225284e-01,2.523409088658179478e-01,2.529388476902557636e-01,2.536513800086567794e-01,2.544774775089983510e-01,2.554158854384279698e-01,2.564650990804369091e-01,2.576233667859892940e-01,2.588887089594657520e-01,2.602589020671960407e-01,2.617314869182824077e-01,2.633038124301277927e-01,2.649729533396004144e-01,2.667358238056279363e-01,2.685890957242962340e-01,2.705292400788998353e-01,2.725525492308987774e-01,2.746551269662728112e-01,2.768328785165234396e-01,2.790815559115679134e-01,2.813967337678396907e-01,2.837738576713368377e-01,2.862081930321405121e-01,2.886949094571302221e-01,2.912290216085450245e-01,2.938054467067351960e-01,2.964189873187896285e-01,2.990643707777694282e-01,3.017362254976674318e-01,3.044291119897962750e-01,3.071375256298515266e-01,3.098559406340246070e-01,3.125787581982356067e-01,3.153003969966472475e-01,3.180152185521849528e-01,3.207176056362310290e-01,3.234019579149227663e-01,3.260626837839273873e-01,3.286942259351682827e-01,3.312910959528937993e-01,3.338478307754145780e-01,3.363590389624519505e-01,3.388194478865655390e-01,3.412238300522345003e-01,3.435670667097820430e-01,3.458441887119040881e-01,3.480503105418747967e-01,3.501806951554115588e-01,3.522307436028336847e-01,3.541960109144140501e-01,3.560722324714840625e-01,3.578552764729076574e-01,3.595412251720495056e-01,3.611263268608391197e-01,3.626070416215161352e-01,3.639800164003960115e-01,3.652421222672130319e-01,3.663904248435077560e-01,3.674222331980546707e-01,3.683350739349873226e-01,3.691267144790867927e-01,3.697951304024051922e-01,3.703385813948134597e-01,3.707555307850938231e-01,3.710447113504183325e-01,3.712050962103708440e-01,3.712359272465540760e-01,3.711366573674642066e-01,3.709070462171482063e-01,3.705470601117489826e-01,3.700569396270236844e-01,3.694371808728463824e-01
5.350772147140324675e-01,5.350224652426978089e-01,5.350008301863177218e-01,5.350131843781711360e-01,5.350603765177571747e-01,5.351431917256084247e-01,5.352623689143711783e-01,5.354186039256039198e-01,5.356125060887019229e-01,5.358446591142956850e-01,5.361155589362119889e-01,5.364256425828557440e-01,5.367752706217652214e-01,5.371647319657231190e-01,5.375942493625514018e-01,5.380639561444995334e-01,5.385739151400198432e-01,5.391241206256159879e-01,5.397144454368764110e-01,5.403447171382859127e-01,5.410146827397794844e-01,5.417239854049132886e-01,5.424721497255291514e-01,5.432587182899329958e-01,5.440830318087741535e-01,5.449444399515414039e-01,5.458421541050050285e-01,5.467753324360243861e-01,5.477430181198886805e-01,5.487442097595770507e-01,5.497778337582345243e-01,5.508427130119714077e-01,5.519376066565808703e-01,5.530612041092211051e-01,5.542121414814442648e-01,5.553889707013530685e-01,5.565901976222576986e-01,5.578142568216755137e-01,5.590595397014334056e-01,5.603243865503988452e-01,5.616070857335175859e-01,5.629058653655740763e-01,5.642189648532233148e-01,5.655445504254845712e-01,5.668807803202476903e-01,5.682257462847083440e-01,5.695775888039203982e-01,5.709343729319644734e-01,5.722941856298139340e-01,5.736551240999001600e-01,5.750152290277192879e-01,5.763726155650120697e-01,5.777253532057567975e-01,5.790715513923767599e-01,5.804093694897598521e-01,5.817369267777444675e-01,5.830524197573221379e-01,5.843540995849336728e-01,5.856402025659577237e-01,5.869090485231990284e-01,5.881589918508138837e-01,5.893884532796220821e-01,5.905959072742656968e-01,5.917799102740360917e-01,5.929390447846962786e-01,5.940720021207774870e-01,5.951775486781304414e-01,5.962545174954889671e-01,5.973018083350800644e-01,5.983184436309079146e-01,5.993035170804442702e-01,6.002562199253741460e-01,6.011758211196271962e-01,6.020617181873259005e-01,6.029133835727694679e-01,6.037303814493777399e-01,6.045124039279915484e-01,6.052592407467026758e-01,6.059707634618255456e-01,6.066469654880806139e-01,6.072879683731144951e-01,6.078939493329300614e-01,6.084652374834580435e-01,6.090022148312214112e-01,6.095054340911537638e-01,6.099754898633849010e-01,6.104131015633490476e-01,6.108190925702313701e-01,6.111943796634222714e-01,6.115399786293227447e-01,6.118569806587461635e-01,6.121465908840524328e-01,6.124100585055523016e-01,6.126487854192146365e-01,6.128641962980186930e-01,6.130578057587074969e-01,6.132311911170176266e-01,6.133860285084845598e-01,6.135240402665677051e-01,6.136469676298882403e-01,6.137566719507259183e-01,6.138550370790324395e-01,6.139439508161069758e-01,6.140254246936354132e-01,6.141013882750441244e-01,6.141739086599466990e-01,6.142450089470736785e-01,6.143167273987154564e-01,6.143911517338459527e-01,6.144703275465617232e-01,6.145563416955771574e-01,6.146512298441705324e-01,6.147570528202523921e-01,6.148758189851527556e-01,6.150095226983075536e-01,6.151601311671263117e-01,6.153295681230001035e-01,6.155197069039199942e-01,6.157324027999449001e-01,6.159694024202078122e-01,6.162324418336571075e-01,6.165231782455691256e-01,6.168431517797789976e-01,6.171939167680648985e-01,6.175768711317081161e-01,6.179933441732259336e-01,6.184446151531705071e-01,6.189318224412823088e-01,6.194560043113296333e-01,6.200181525096937207e-01,6.206191052404116393e-01,6.212596170410672469e-01,6.219402913541210998e-01,6.226616859013002214e-01,6.234241797640048821e-01,6.242280890823875827e-01,6.250735730098326837e-01,6.259606723062470790e-01,6.268893095992498221e-01,6.278593155941930570e-01,6.288703669388833184e-01,6.299220177881946769e-01,6.310137077663642291e-01,6.321447652678816587e-01,6.333143714697322402e-01,6.345216366627192128e-01,6.357655050483543846e-01,6.370448328657384307e-01,6.383583376009014376e-01,6.397046487554951533e-01,6.410822990177513780e-01,6.424896957522991947e-01,6.439251360196552865e-01,6.453868459466635121e-01,6.468729387726344093e-01,6.483814771597186111e-01,6.499103773189092159e-01,6.514575336686369011e-01,6.530207288503758756e-01,6.545977126275108748e-01,6.561861246352386212e-01,6.577836127883271988e-01,6.593877073911610376e-01,6.609959553243782704e-01,6.626058068545422897e-01,6.642147214860192328e-01,6.658201035667413725e-01,6.674193887397784630e-01,6.690099575974168822e-01,6.705891921782084486e-01,6.721544589422373539e-01,6.737032039388445304e-01,6.752327989920620110e-01,6.767407195320103153e-01,6.782243971112781322e-01,6.796813548104617686e-01,6.811091413095283764e-01,6.825053597684465068e-01,6.838676550642859286e-01,6.851937560339412814e-01,6.864814469485057691e-01,6.877286140736115216e-01,6.889331742231971090e-01,6.900931833924436321e-01,6.912067800122368988e-01,6.922721985947803969e-01,6.932877708161478969e-01,6.942519611558577441e-01,6.951633121186984177e-01,6.960205255867046858e-01,6.968224044277516738e-01,6.975678867023998864e-01,6.982560548982783555e-01,6.988861016377453383e-01,6.994573724627664024e-01,6.999693583829604826e-01,7.004216804343060820e-01,7.008141237661891232e-01,7.011466083990742781e-01,7.014191795721441691e-01,7.016320925228112237e-01,7.017856863977266491e-01,7.018805093669512329e-01,7.019172178451766886e-01,7.018966266975855683e-01,7.018196847142432748e-01,7.016875448957671235e-01,7.015014562135211129e-01,7.012627956615360425e-01,7.009731250173034667e-01,7.006341268043008164e-01,7.002476028835564748e-01,6.998155067561391274e-01,6.993399097710067958e-01,6.988230062275158083e-01,6.982671166761426074e-01,6.976746587466174931e-01,6.970481575560890652e-01,6.963902536070647464e-01,6.957036923997728106e-01,6.949913035150103724e-01,6.942559435055107864e-01,6.935006654209280308e-01,6.927284641769960727e-01,6.919424731791835592e-01,6.911459022486212689e-01,6.903419439251265999e-01,6.895338646685340578e-01,6.887249732559820314e-01,6.879185732052650604e-01,6.871180127446203656e-01,6.863266544608186415e-01,6.855478470650900880e-01,6.847849267311196808e-01,6.840412283458706666e-01,6.833200567531317882e-01,6.826247004289237585e-01,6.819584012500095049e-01,6.813243314109886928e-01,6.807256199063794755e-01,6.801653564142668973e-01,6.796465396928819125e-01,6.791720860547534322e-01,6.787448281898232905e-01,6.783675187471240875e-01,6.780427893435736486e-01,6.777731619760194448e-01,6.775610723978706673e-01,6.774088179829163003e-01,6.773185558896125391e-01,6.772923317013649358e-01,6.773320463252153756e-01,6.774394408470396645e-01,6.776161283871801055e-01,6.778635468127529595e-01,6.781830184225092761e-01,6.785756325829305213e-01,6.790423648221752817e-01,6.795840210118108127e-01,6.802012112569590929e-01,6.808943806463532145e-01,6.816637931322250266e-01,6.825095770397190398e-01,6.834315810978806027e-01,6.844295725451331469e-01,6.855030877666243860e-01,6.866515013240552801e-01,6.878739842493812873e-01,6.891695555283614549e-01,6.905370389400573572e-01,6.919750694786634959e-01,6.934821263982883233e-01,6.950565145013317681e-01,6.966963470368603417e-01,6.983996063193766979e-01,7.001640704843388185e-01,7.019873967991674402e-01,7.038670459315848893e-01,7.058003826799251756e-01,7.077845621805795018e-01,7.098166609546087136e-01,7.118935619560923245e-01,7.140120775514566809e-01,7.161688707204717508e-01,7.183604744710140322e-01,7.205833353033216371e-01,7.228338080115349618e-01,7.251081305405623345e-01,7.274024590059952056e-01,7.297128790037902268e-01,7.320354045904369222e-01,7.343659982597874336e-01,7.367005330148473918e-01,7.390348767838730293e-01,7.413648623009002625e-01,7.436862636454225628e-01,7.459948471245670953e-01,7.482863743955696645e-01,7.505566053929279002e-01,7.528013102573980486e-01,7.550162710734281690e-01,7.571973069989013094e-01,7.593402482311060187e-01,7.614409505930765931e-01,7.634953860848913143e-01,7.654995405904572170e-01,7.674494775573853511e-01,7.693413200342488212e-01,7.711712970674525769e-01,7.729357199848760906e-01,7.746310056477628825e-01,7.762536619321447340e-01,7.778003267292429301e-01,7.792677253070582344e-01,7.806527872398117962e-01,7.819524603890536385e-01,7.831639277800310772e-01,7.842845004158405242e-01,7.853115860067478859e-01,7.862428063373246845e-01,7.870758963453554635e-01,7.878088047389104620e-01,7.884395918279999416e-01,7.889665464175024123e-01,7.893880772237389376e-01,7.897027992247243056e-01,7.899095274515538501e-01,7.900072136704811010e-01,7.899949978788097793e-01,7.898722360675404230e-01,7.896384453143567850e-01,7.892933306234581892e-01,7.888368003333405820e-01,7.882689015028034873e-01,7.875899178890112262e-01,7.868002734385879382e-01,7.859005934789650150e-01,7.848916919452277874e-01,7.837745287642516878e-01,7.825502414766666304e-01,7.812201780961012254e-01,7.797858265614260320e-01,7.782487823789682180e-01,7.766108796707931194e-01,7.748740855052616006e-01,7.730404897802665154e-01,7.711123515811150186e-01,7.690920568459183038e-01,7.669821133450954731e-01,7.647851584006783998e-01,7.625039924884433606e-01,7.601414547298780411e-01,7.577005615705989516e-01,7.551843637567501322e-01,7.525960668912358154e-01,7.499389074685673950e-01,7.472162649841354032e-01,7.444314977108363873e-01,7.415881183078001371e-01,7.386896591303971915e-01,7.357396870176069470e-01,7.327418112347617862e-01,7.296996965176100192e-01,7.266170223789468752e-01,7.234974718088491574e-01,7.203447493865837714e-01,7.171625569908829378e-01,7.139546098409723651e-01,7.107245636439010195e-01,7.074761065450860809e-01,7.042128818384657540e-01,7.009384558921811781e-01,6.976564288327020691e-01,6.943702914144180838e-01,6.910835005051980673e-01,6.877994360916369621e-01,6.845214399003393124e-01,6.812527686915094138e-01,6.779965691872278377e-01,6.747559524107930029e-01,6.715339243543451131e-01,6.683333367309611805e-01,6.651570445205515769e-01,6.620077132189464697e-01,6.588879480965394997e-01,6.558002089723121708e-01,6.527468900194109969e-01,6.497302000329615579e-01,6.467522763501630800e-01,6.438151220290684318e-01,6.409206198816664868e-01,6.380705046312087347e-01,6.352664025957894811e-01,6.325097756371872437e-01,6.298020230297093347e-01,6.271443718034682702e-01,6.245378890731663191e-01,6.219835530788089262e-01,6.194822406026978534e-01,6.170346139219665682e-01,6.146412845752921017e-01,6.123027130084234271e-01,6.100192176961622970e-01,6.077910183965576918e-01,6.056182213254939217e-01,6.035007929468606536e-01,6.014386093892128970e-01,5.994314229736976696e-01,5.974788844117177034e-01,5.955805275190890757e-01,5.937358421446018442e-01,5.919441490442842735e-01,5.902047443788949188e-01,5.885167940203406278e-01,5.868794007422529768e-01,5.852915962137266170e-01,5.837523432573147320e-01,5.822605209745030930e-01,5.808149779263137580e-01,5.794145068840250712e-01,5.780577989184159104e-01,5.767435907022293584e-01,5.754705022152977190e-01,5.742371376084559609e-01,5.730421377887950918e-01,5.718840409525206558e-01,5.707613988342832290e-01
1.701659562363863620e-01,1.689387839868989882e-01,1.676935898376850642e-01,1.664313817247552452e-01,1.651531977203591350e-01,1.638601231425193538e-01,1.625532571949425964e-01,1.612337401755617461e-01,1.599027312088846520e-01,1.585614238462835501e-01,1.572110340783911819e-01,1.558527912829102413e-01,1.544879529717890776e-01,1.531177905922946059e-01,1.517435878012736994e-01,1.503666529560892529e-01,1.489882862994674484e-01,1.476098118314329022e-01,1.462325522686550583e-01,1.448578442645418463e-01,1.434870098776866998e-01,1.421213863584598058e-01,1.407623010592432833e-01,1.394110852444393478e-01,1.380690473354750369e-01,1.367375049913531759e-01,1.354177515580324842e-01,1.341110807654283255e-01,1.328187625193120447e-01,1.315420504558683645e-01,1.302821841585937446e-01,1.290403804892226447e-01,1.278178360521673163e-01,1.266157192262735431e-01,1.254351864440046149e-01,1.242773436687409777e-01,1.231432960736163901e-01,1.220340940699295440e-01,1.209507714543476276e-01,1.198943288381612987e-01,1.188657284198361835e-01,1.178658995011018784e-01,1.168957317688529701e-01,1.159560841225238254e-01,1.150477672152174502e-01,1.141715664965251009e-01,1.133282154606049391e-01,1.125184152207800159e-01,1.117428178116125215e-01,1.110020390702172732e-01,1.102966525950681564e-01,1.096271790277983105e-01,1.089941179715963326e-01,1.083979068942008822e-01,1.078389366247466397e-01,1.073175705081556713e-01,1.068341195616939743e-01,1.063888478171750168e-01,1.059819802864816612e-01,1.056136953966928388e-01,1.052841408668690748e-01,1.049933974262249048e-01,1.047415258399648497e-01,1.045285283239476143e-01,1.043543780050439768e-01,1.042190019377381704e-01,1.041222838838322257e-01,1.040640700036359195e-01,1.040441710053299912e-01,1.040623535249167314e-01,1.041183520139002949e-01,1.042118571843262537e-01,1.043425307589950501e-01,1.045099989040013388e-01,1.047138454083312159e-01,1.049536306409791508e-01,1.052288877726049454e-01,1.055391000973266435e-01,1.058837439876076369e-01,1.062622472111358074e-01,1.066740251923967292e-01,1.071184564770133879e-01,1.075949014574154872e-01,1.081026912058000444e-01,1.086411402453974911e-01,1.092095387803999756e-01,1.098071549533964908e-01,1.104332360112447731e-01,1.110870177745561238e-01,1.117677078911624433e-01,1.124745208510034844e-01,1.132066292541476366e-01,1.139632094026624826e-01,1.147434166299843850e-01,1.155464069471539568e-01,1.163713160278524172e-01,1.172172741834412446e-01,1.180834031859417377e-01,1.189688196199837067e-01,1.198726361649387617e-01,1.207939542944863887e-01,1.217318796111152013e-01,1.226855142444510383e-01,1.236539577878244256e-01,1.246363051327093463e-01,1.256316520712384976e-01,1.266391012614402900e-01,1.276577585983360574e-01,1.286867220325688399e-01,1.297251006986923083e-01,1.307720115163288344e-01,1.318265693061171084e-01,1.328878988219858170e-01,1.339551289413504764e-01,1.350273954396135068e-01,1.361038472331249916e-01,1.371836404156450140e-01,1.382659299254288265e-01,1.393498912802978995e-01,1.404347069322526287e-01,1.415195703165093855e-01,1.426036842670867777e-01,1.436862653457099126e-01,1.447665323797935888e-01,1.458437304427608328e-01,1.469171144794170214e-01,1.479859472077670601e-01,1.490494968596309533e-01,1.501070673780339482e-01,1.511579565514208079e-01,1.522014842244782118e-01,1.532369880129210438e-01,1.542638111466483608e-01,1.552813175453441330e-01,1.562888904952733637e-01,1.572859204148669421e-01,1.582718140426930820e-01,1.592460000180538904e-01,1.602079173122675226e-01,1.611570262008927001e-01,1.620927973096579766e-01,1.630147275649407868e-01,1.639223149086415920e-01,1.648150878881484704e-01,1.656925856289337418e-01,1.665543618483847077e-01,1.674000054222471445e-01,1.682290975594450677e-01,1.690412547027827506e-01,1.698361042294044276e-01,1.706132923689765157e-01,1.713724809962925699e-01,1.721133689156805202e-01,1.728356420774740942e-01,1.735390330082483279e-01,1.742232745093123536e-01,1.748881309357563640e-01,1.755333822639542629e-01,1.761588260879808909e-01,1.767642841336476145e-01,1.773495971183206288e-01,1.779146155700581100e-01,1.784592308191561005e-01,1.789833389344047676e-01,1.794868573573229764e-01,1.799697357896665184e-01,1.804319399030388515e-01,1.808734524281741252e-01,1.812942799836192720e-01,1.816944494571351432e-01,1.820740236533951173e-01,1.824330640172985296e-01,1.827716805143433654e-01,1.830899801788485326e-01,1.833881127749484030e-01,1.836662407080248971e-01,1.839245515112624130e-01,1.841632592864172469e-01,1.843825963767984077e-01,1.845828176164548973e-01,1.847642116826526404e-01,1.849270709676433533e-01,1.850717332820799865e-01,1.851985473007979610e-01,1.853078884885273336e-01,1.854001487489286282e-01,1.854757512499789762e-01,1.855351371535341187e-01,1.855787822721211011e-01,1.856071655176617097e-01,1.856208012512648442e-01,1.856202170827307152e-01,1.856059771130022240e-01,1.855786540382879102e-01,1.855388405901422233e-01,1.854871574863142247e-01,1.854242457093075169e-01,1.853507545997012673e-01,1.852673740978255656e-01,1.851747834999836195e-01,1.850737055410184573e-01,1.849648725233889457e-01,1.848490236461608760e-01,1.847269241066276380e-01,1.845993516952142144e-01,1.844670969512659242e-01,1.843309682109189052e-01,1.841917776471728996e-01,1.840503546141886992e-01,1.839075386522694144e-01,1.837641794875988777e-01,1.836211305882969325e-01,1.834792494877616753e-01,1.833394163469161120e-01,1.832025005966709530e-01,1.830693795233745702e-01,1.829409337848128536e-01,1.828180374301643374e-01,1.827015785011465721e-01,1.825924305417053195e-01,1.824914793137435154e-01,1.823995835184120951e-01,1.823176118597811535e-01,1.822464237748238902e-01,1.821868688531385061e-01,1.821397843204884404e-01,1.821060063723877742e-01,1.820863333316749821e-01,1.820815798678603048e-01,1.820925173258103325e-01,1.821199245196670757e-01,1.821645305566443884e-01,1.822270810647451944e-01,1.823082720395148570e-01,1.824087864614867271e-01,1.825292769009548288e-01,1.826703755002758167e-01,1.828326830020184091e-01,1.830167762506577922e-01,1.832231954801448459e-01,1.834524527127788518e-01,1.837050281733300372e-01,1.839813632855026582e-01,1.842818657326847354e-01,1.846069129300091927e-01,1.849568343085006838e-01,1.853319282830251380e-01,1.857324605983411148e-01,1.861586344317488761e-01,1.866106264191866870e-01,1.870885749718124991e-01,1.875925646735959740e-01,1.881226469123801204e-01,1.886788210578817515e-01,1.892610427789386263e-01,1.898692290596472598e-01,1.905032373958780723e-01,1.911628983518028624e-01,1.918479863867085522e-01,1.925582241475699286e-01,1.932932951509367669e-01,1.940528360669694086e-01,1.948364393828939112e-01,1.956436410362623890e-01,1.964739523867390925e-01,1.973268169569825370e-01,1.982016436238011881e-01,1.990978015071132867e-01,2.000146016427017392e-01,2.009513365134848739e-01,2.019072270904284372e-01,2.028814692615195925e-01,2.038732308396763726e-01,2.048816142431773013e-01,2.059056998619937795e-01,2.069445295030744036e-01,2.079971053497372269e-01,2.090623972091745220e-01,2.101393478052010211e-01,2.112268659769375445e-01,2.123238276502351640e-01,2.134290811801749510e-01,2.145414487673659165e-01,2.156597350432941929e-01,2.167827248841811549e-01,2.179091610693335568e-01,2.190377936841915174e-01,2.201673500770116587e-01,2.212965245507902412e-01,2.224240244707180736e-01,2.235485334590096018e-01,2.246687336901032617e-01,2.257832985755715005e-01,2.268908999226584844e-01,2.279902069081117255e-01,2.290798905614540582e-01,2.301586264641160562e-01,2.312250954991016405e-01,2.322779931971218625e-01,2.333160050172166100e-01,2.343378580099174380e-01,2.353422760119866508e-01,2.363280093469175003e-01,2.372938263468236941e-01,2.382385032541196879e-01,2.391608691858575497e-01,2.400597517269507375e-01,2.409340273260598131e-01,2.417825957293656125e-01,2.426043799600714757e-01,2.433983553476549155e-01,2.441635230410980628e-01,2.448989339304548929e-01,2.456036557736724635e-01,2.462768294819799308e-01,2.469176242667144583e-01,2.475252444019213349e-01,2.480989698721863257e-01,2.486380956613784832e-01,2.491419918447514148e-01,2.496100713415828620e-01,2.500417978576078837e-01,2.504366951338529712e-01,2.507943330962575379e-01,2.511143426285716851e-01,2.513963992098260936e-01,2.516402549295944091e-01,2.518457075560102121e-01,2.520126097900153850e-01,2.521408796254796525e-01,2.522304888616965224e-01,2.522814663967822835e-01,2.522939098013408654e-01,2.522679643746483236e-01,2.522038267121934352e-01,2.521017791337533120e-01,2.519621202336697618e-01,2.517852486088885677e-01,2.515715880439368668e-01,2.513216270718615641e-01,2.510359142188205439e-01,2.507150419196815250e-01,2.503596505565336416e-01,2.499704554459821759e-01,2.495482012861499066e-01,2.490936734577335332e-01,2.486077269777986209e-01,2.480912494783394096e-01,2.475451651593567060e-01,2.469704529673030224e-01,2.463681164625236841e-01,2.457392137598324033e-01,2.450848322532509505e-01,2.444060894634741965e-01,2.437041273709886768e-01,2.429801291048412082e-01,2.422353033654556231e-01,2.414708737391474125e-01,2.406880920123702916e-01,2.398882276562529503e-01,2.390725742131243614e-01,2.382424317265771641e-01,2.373991038540017862e-01,2.365439305379116175e-01,2.356782170445842206e-01,2.348033103668530630e-01,2.339205447422526840e-01,2.330312456853204095e-01,2.321367498604526014e-01,2.312383702303308919e-01,2.303374281396118051e-01,2.294352091597925691e-01,2.285330108271062532e-01,2.276321001331262917e-01,2.267337303907394630e-01,2.258391221398918791e-01,2.249494794469232284e-01,2.240659832166247423e-01,2.231897749304916911e-01,2.223219730441361730e-01,2.214636691955920722e-01,2.206158901545932360e-01,2.197796627300846461e-01,2.189559537383031218e-01,2.181456823302171388e-01,2.173497528518702204e-01,2.165689813893428850e-01,2.158041837163591492e-01,2.150560930705866514e-01,2.143254095706829121e-01,2.136127792104660084e-01,2.129188050657793707e-01,2.122440187081623686e-01,2.115889071174033298e-01,2.109539034109481626e-01,2.103393917394468515e-01,2.097456845623836552e-01,2.091730565580584844e-01,2.086217029166523296e-01,2.080917843866358641e-01,2.075833928559630004e-01,2.070965599185297379e-01,2.066312662702575187e-01,2.061874398950778176e-01,2.057649360657423099e-01,2.053635660910965999e-01,2.049830803424509962e-01,2.046231805137109228e-01,2.042835121664512144e-01,2.039636656188208164e-01,2.036631742697775083e-01,2.033815299357769335e-01,2.031181644251976448e-01,2.028724700955424620e-01,2.026437941518366148e-01,2.024314229884541794e-01,2.022346144943151236e-01,2.020525790428208401e-01,2.018844812009941980e-01,2.017294679757177522e-01,2.015866137960286020e-01,2.014549909358743229e-01,2.013336304682540878e-01,2.012215263893528949e-01,2.011176487087298070e-01,2.010209445653936555e-01,2.009303328276170197e-01
2.242913690932560600e-01,2.236465506998415176e-01,2.229275690555574951e-01,2.221356441808135518e-01,2.212721071536394302e-01,2.203384150025184118e-01,2.193361137135813321e-01,2.182668679030192460e-01,2.171324498661864333e-01,2.159347240044177940e-01,2.146756627249465088e-01,2.133573162899786990e-01,2.119818412899856230e-01,2.105514685718137824e-01,2.090685220609201644e-01,2.075353962810234654e-01,2.059545562176873790e-01,2.043285450331739361e-01,2.026599759081675889e-01,2.009515006952117544e-01,1.992058621583684963e-01,1.974258214562320535e-01,1.956142090579542636e-01,1.937738883951586888e-01,1.919077668500642764e-01,1.900187766113810572e-01,1.881098934386460919e-01,1.861840973948858391e-01,1.842444126956514217e-01,1.822938526191436315e-01,1.803354553721754905e-01,1.783722609371742318e-01,1.764073069176905761e-01,1.744436308378278233e-01,1.724842636689934150e-01,1.705322082783148341e-01,1.685904694256380176e-01,1.666620097298262271e-01,1.647497817484546712e-01,1.628566943811860235e-01,1.609856268837629723e-01,1.591394185255528559e-01,1.573208615993838821e-01,1.555327064793443070e-01,1.537776364667159668e-01,1.520582968317930606e-01,1.503772695275072124e-01,1.487370652660407189e-01,1.471401324665355670e-01,1.455888519679170712e-01,1.440855315038717388e-01,1.426323996208982980e-01,1.412316060567229969e-01,1.398852228050424251e-01,1.385952312580416290e-01,1.373635320197442722e-01,1.361919322749713390e-01,1.350821481859882933e-01,1.340358056046034863e-01,1.330544260790241518e-01,1.321394421576992939e-01,1.312921855167553109e-01,1.305138838266419188e-01,1.298056666814741134e-01,1.291685584663586628e-01,1.286034822309709558e-01,1.281112573039801250e-01,1.276925880920822820e-01,1.273480859823261924e-01,1.270782433769093445e-01,1.268834591133613521e-01,1.267640141896024808e-01,1.267200910019619930e-01,1.267517576224108933e-01,1.268589868935777465e-01,1.270416366557689525e-01,1.272994629668948163e-01,1.276321209293978243e-01,1.280391559705214566e-01,1.285200224503642019e-01,1.290740604604693753e-01,1.297005222009838810e-01,1.303985570114800929e-01,1.311672152012112458e-01,1.320054631345821683e-01,1.329121586369622632e-01,1.338860851083141512e-01,1.349259238046499609e-01,1.360302791071272555e-01,1.371976674327899937e-01,1.384265180745766766e-01,1.397151929814101079e-01,1.410619676234634579e-01,1.424650439596171769e-01,1.439225553440838246e-01,1.454325649151887445e-01,1.469930715926741904e-01,1.486020069371516150e-01,1.502572498081234387e-01,1.519566138462630778e-01,1.536978676153810119e-01,1.554787192319034006e-01,1.572968362934646924e-01,1.591498446188576998e-01,1.610353171353678947e-01,1.629508008621683435e-01,1.648938064501490330e-01,1.668618105711189570e-01,1.688522653196088130e-01,1.708625914292959125e-01,1.728902066124914372e-01,1.749324871486505062e-01,1.769868141125623129e-01,1.790505525578413304e-01,1.811210584904040799e-01,1.831956930212103041e-01,1.852718005947505131e-01,1.873467455448349639e-01,1.894178949987298244e-01,1.914826195218724825e-01,1.935383125426958506e-01,1.955823765941250847e-01,1.976122364496704364e-01,1.996253450046433509e-01,2.016191780162839564e-01,2.035912418585692774e-01,2.055390734235037209e-01,2.074602466048260374e-01,2.093523787840151640e-01,2.112131226340807078e-01,2.130401890234256690e-01,2.148313148821141272e-01,2.165843057351120315e-01,2.182970074090744561e-01,2.199673375938266395e-01,2.215932591175710786e-01,2.231728078629179601e-01,2.247040613801991049e-01,2.261851907690461405e-01,2.276144137171434434e-01,2.289900346598275904e-01,2.303104173289065304e-01,2.315740025218221698e-01,2.327793212807037215e-01,2.339249649518944929e-01,2.350096082766004180e-01,2.360320235317326931e-01,2.369910410369027720e-01,2.378855996009108520e-01,2.387147078940000944e-01,2.394774758835699624e-01,2.401730855936633491e-01,2.408008226755882497e-01,2.413600588677949910e-01,2.418502526973750899e-01,2.422709702363962658e-01,2.426218479727766941e-01,2.429026370451775607e-01,2.431131610665500653e-01,2.432533682977424394e-01,2.433232668455129477e-01,2.433229904049011294e-01,2.432527395784569446e-01,2.431128263713412119e-01,2.429036637424281386e-01,2.426257315531947234e-01,2.422796295662575927e-01,2.418660443735304033e-01,2.413857395542001183e-01,2.408395875121967233e-01,2.402285475185573227e-01,2.395536606619009801e-01,2.388160660427323667e-01,2.380169714869229125e-01,2.371577038932343728e-01,2.362396393207544798e-01,2.352642545876571512e-01,2.342331061888459631e-01,2.331478206279726240e-01,2.320101190556727033e-01,2.308217777345098753e-01,2.295846563057379053e-01,2.283006946335394693e-01,2.269718744675196243e-01,2.256002704011140503e-01,2.241880026277453808e-01,2.227372604728724004e-01,2.212502919779644750e-01,2.197294027884308387e-01,2.181769392845911704e-01,2.165953084244939819e-01,2.149869640283537109e-01,2.133543941856745063e-01,2.117001295275874051e-01,2.100267507561519309e-01,2.083368543188076905e-01,2.066330741872494103e-01,2.049180743943924132e-01,2.031945414592857546e-01,2.014651718594047403e-01,1.997326891646659386e-01,1.979998248751365930e-01,1.962693203290790944e-01,1.945439174613796396e-01,1.928263647875948783e-01,1.911194070323475047e-01,1.894257862556965599e-01,1.877482179402112095e-01,1.860894192575945350e-01,1.844520861703846659e-01,1.828388834483628822e-01,1.812524640598751902e-01,1.796954437815937999e-01,1.781704029665202305e-01,1.766798839652497233e-01,1.752263925224287477e-01,1.738123876893366004e-01,1.724402825156286789e-01,1.711124280254013863e-01,1.698311299640442862e-01,1.685986278483339040e-01,1.674170953141396467e-01,1.662886525575413832e-01,1.652153339627329409e-01,1.641991080752183696e-01,1.632418682005970234e-01,1.623454148438864264e-01,1.615114891499566663e-01,1.607417281409836141e-01,1.600376812551028149e-01,1.594008085264922991e-01,1.588324824709613781e-01,1.583339617458277837e-01,1.579064303034250771e-01,1.575509535723280674e-01,1.572684936038840631e-01,1.570599077465780480e-01,1.569259555317569221e-01,1.568672656030802304e-01,1.568843840772503329e-01,1.569777225845124247e-01,1.571475858957840643e-01,1.573941742948125055e-01,1.577175468547343251e-01,1.581176775583404692e-01,1.585943943275939794e-01,1.591474317487263090e-01,1.597763886828458824e-01,1.604807621845375787e-01,1.612599140345586934e-01,1.621131031035116521e-01,1.630394645044169755e-01,1.640380137014297579e-01,1.651076603003921450e-01,1.662471926604499883e-01,1.674552863829021077e-01,1.687305001480741973e-01,1.700713019916801072e-01,1.714760248516795094e-01,1.729429084585112908e-01,1.744700968737301072e-01,1.760556063971129848e-01,1.776973775093693975e-01,1.793932418750247837e-01,1.811409440552610439e-01,1.829381246774220426e-01,1.847823440534785422e-01,1.866710816094371006e-01,1.886017282740240775e-01,1.905715951309306100e-01,1.925779227083099232e-01,1.946178848904432379e-01,1.966885843986779792e-01,1.987870539798788638e-01,2.009102814320451180e-01,2.030552044157633851e-01,2.052186828938599994e-01,2.073975676716320882e-01,2.095886485956948708e-01,2.117886893476020604e-01,2.139944097367116882e-01,2.162025237814687306e-01,2.184097119680632193e-01,2.206126437408198748e-01,2.228079846380585094e-01,2.249923782738217914e-01,2.271624861905396364e-01,2.293149662540335254e-01,2.314464916549896778e-01,2.335537504842522816e-01,2.356334486541238893e-01,2.376823291045424003e-01,2.396971569308718464e-01,2.416747367180171191e-01,2.436119184977153518e-01,2.455055994728089219e-01,2.473527249326028243e-01,2.491503066268193622e-01,2.508954110137811555e-01,2.525851829320990838e-01,2.542168200997140803e-01,2.557876234081837841e-01,2.572949630781359298e-01,2.587362894566641591e-01,2.601091485668747816e-01,2.614111899128315764e-01,2.626401550747782254e-01,2.637938911948265464e-01,2.648703473700506628e-01,2.658675912868730951e-01,2.667837975203710132e-01,2.676172694679264108e-01,2.683664178050051974e-01,2.690297883536427181e-01,2.696060424783431331e-01,2.700939814786145754e-01,2.704925297723133060e-01,2.708007591261186175e-01,2.710178608831835811e-01,2.711431719358833314e-01,2.711761574515291762e-01,2.711164423875741525e-01,2.709637876321808192e-01,2.707180793640299732e-01,2.703793488732317285e-01,2.699478105954282170e-01,2.694237653351009287e-01,2.688076915461896643e-01,2.681001976874282100e-01,2.673020427151348577e-01,2.664141161755910758e-01,2.654374632100309772e-01,2.643732516598517046e-01,2.632227875373455150e-01,2.619875324637472858e-01,2.606690567419346349e-01,2.592690763359611350e-01,2.577894253362082999e-01,2.562320785046018901e-01,2.545991174283715464e-01,2.528927559314986251e-01,2.511153177447268403e-01,2.492692446866969780e-01,2.473570895463774455e-01,2.453814934821659244e-01,2.433452186768732262e-01,2.412511179981300102e-01,2.391021304696349103e-01,2.369012958203683961e-01,2.346517189135284565e-01,2.323565984000908469e-01,2.300192033574183503e-01,2.276428634692135577e-01,2.252309766992447448e-01,2.227869871448129868e-01,2.203144103149372868e-01,2.178167899364593374e-01,2.152977150079389557e-01,2.127608148200046678e-01,2.102097329362620504e-01,2.076481489821199733e-01,2.050797485745187443e-01,2.025082340761405753e-01,1.999373181946791922e-01,1.973706856497648154e-01,1.948120478518435283e-01,1.922650711468451012e-01,1.897334327106373342e-01,1.872207497299451240e-01,1.847306312219080815e-01,1.822666436203849438e-01,1.798323045735271408e-01,1.774310783738545505e-01,1.750663895684164695e-01,1.727415877516418896e-01,1.704599583790881168e-01,1.682247193927905449e-01,1.660390088693485255e-01,1.639058771501020473e-01,1.618283037908868904e-01,1.598091541866404897e-01,1.578512100407158669e-01,1.559571530461313638e-01,1.541295429214562529e-01,1.523708555539787790e-01,1.506834323207460746e-01,1.490694949117329082e-01,1.475311651082877040e-01,1.460704132411162481e-01,1.446891003865253822e-01,1.433889490887270968e-01,1.421715516421966363e-01,1.410383588853967307e-01,1.399906868360373813e-01,1.390297048014467463e-01,1.381564569718452262e-01,1.373718199209000845e-01,1.366765435741414403e-01,1.360712227681845632e-01,1.355563063937734458e-01,1.351320943249632867e-01,1.347987504638586964e-01,1.345562731079484042e-01,1.344045196364842543e-01,1.343432069403192597e-01,1.343719011331150348e-01,1.344900179705879051e-01,1.346968283623100893e-01,1.349914738835451544e-01,1.353729427642381411e-01,1.358400848416670692e-01,1.363916172969848739e-01,1.370261248209762861e-01,1.377420508745201000e-01,1.385377195847972143e-01,1.394113158466866731e-01,1.403609213080729834e-01,1.413844829560759464e-01,1.424798388601362931e-01,1.436447103852783458e-01,1.448767213141887167e-01,1.461733792235954399e-01,1.475321036112103024e-01,1.489502123773120412e-01,1.504249360862761342e-01,1.519534209614950560e-01,1.535327362170784138e-01
4.332622120426853352e-01,4.348840832831574743e-01,4.364964931779641844e-01,4.380982786927007377e-01,4.396882988818939797e-01,4.412654285753294103e-01,4.428285747859578847e-01,4.443766291597963103e-01,4.459085431035930691e-01,4.474232541731157919e-01,4.489197409900465563e-01,4.503969926553682002e-01,4.518540192055829352e-01,4.532898732520079799e-01,4.547035719315850044e-01,4.560942280743646160e-01,4.574609193823274689e-01,4.588027860284708548e-01,4.601189774800532595e-01,4.614086570004110599e-01,4.626710124196529161e-01,4.639052869264271295e-01,4.651107109933332318e-01,4.662865795755841147e-01,4.674321848404962010e-01,4.685468649252523821e-01,4.696299559917844202e-01,4.706808653692171052e-01,4.716990073742355905e-01,4.726838260189982766e-01,4.736347840613470139e-01,4.745514179780216391e-01,4.754332503979558089e-01,4.762798488910721106e-01,4.770908230509556813e-01,4.778658072891014408e-01,4.786044684441292940e-01,4.793065283948217958e-01,4.799717054327438115e-01,4.805997944615914563e-01,4.811905862045101623e-01,4.817439511966547516e-01,4.822597423402342764e-01,4.827379168267105780e-01,4.831784148210446772e-01,4.835812288711458518e-01,4.839463979512989567e-01,4.842740127247958659e-01,4.845641682643652137e-01,4.848170357631909066e-01,4.850327764257380547e-01,4.852116599281752762e-01,4.853539307231329869e-01,4.854599094096808121e-01,4.855299655708010809e-01,4.855644771965426654e-01,4.855638781905492474e-01,4.855286434727901779e-01,4.854592926278836762e-01,4.853563685805874495e-01,4.852204779918845023e-01,4.850522528527661525e-01,4.848523410844547410e-01,4.846214895017630919e-01,4.843604087747933051e-01,4.840699171342610629e-01,4.837508106726521317e-01,4.834039668212607443e-01,4.830302511342404181e-01,4.826306315092885879e-01,4.822060257008927153e-01,4.817574534145582232e-01,4.812859249435537112e-01,4.807924896468738774e-01,4.802782456284138690e-01,4.797442969860745143e-01,4.791917691784115529e-01,4.786218272936160756e-01,4.780356580817126666e-01,4.774344567277131746e-01,4.768194528113969821e-01,4.761918842432305565e-01,4.755530124375414447e-01,4.749041007164360728e-01,4.742464371208718332e-01,4.735813061754051145e-01,4.729100209327936066e-01,4.722338822241768375e-01,4.715541928337225186e-01,4.708722787377591645e-01,4.701894379075235997e-01,4.695069850363395858e-01,4.688262202961013259e-01,4.681484433421134184e-01,4.674749177991925353e-01,4.668069350143956853e-01,4.661457432444777726e-01,4.654925721086833890e-01,4.648486512488152478e-01,4.642151774318917234e-01,4.635933082523004400e-01,4.629841874635479693e-01,4.623889325200689626e-01,4.618086234703542847e-01,4.612442984069929919e-01,4.606969610450156183e-01,4.601675865891599049e-01,4.596571092736838615e-01,4.591663818174609446e-01,4.586962631998159901e-01,4.582475318837556655e-01,4.578209245788356641e-01,4.574171110233069548e-01,4.570367339594211820e-01,4.566803524374584144e-01,4.563484887513455379e-01,4.560415937814810139e-01,4.557600562507019282e-01,4.555041922290489209e-01,4.552742847117092206e-01,4.550705102134026681e-01,4.548930071855353807e-01,4.547418527102701225e-01,4.546170135488966091e-01,4.545184344176769198e-01,4.544459589556393286e-01,4.543993522174488708e-01,4.543783623965956808e-01,4.543825936322770098e-01,4.544116319837170903e-01,4.544649652471731138e-01,4.545420258678685710e-01,4.546421605738897864e-01,4.547646418319426509e-01,4.549086945943265903e-01,4.550734698527885702e-01,4.552580200949617462e-01,4.554613739632411562e-01,4.556824605709433595e-01,4.559201665257620606e-01,4.561732901179008093e-01,4.564406149831212733e-01,4.567208047270811533e-01,4.570125153418791997e-01,4.573143249394273635e-01,4.576247459458427369e-01,4.579422751251414070e-01,4.582653501657435458e-01,4.585923369987666143e-01,4.589215883525153417e-01,4.592514118182955407e-01,4.595800653253867551e-01,4.599057938269443535e-01,4.602267932808260520e-01,4.605412397798498425e-01,4.608473036171388260e-01,4.611431146737748898e-01,4.614267788537215198e-01,4.616964211133329776e-01,4.619501399695715715e-01,4.621860278163555935e-01,4.624021817141569235e-01,4.625966936754355441e-01,4.627676864855037042e-01,4.629132621526869662e-01,4.630315703734824151e-01,4.631207504652206652e-01,4.631789908550068557e-01,4.632044895335255541e-01,4.631954840840969978e-01,4.631502513011925282e-01,4.630671158284745403e-01,4.629444089696497233e-01,4.627805669864221705e-01,4.625740322155067474e-01,4.623233230180380793e-01,4.620270050693623953e-01,4.616837253249450046e-01,4.612921747434577946e-01,4.608511228532060633e-01,4.603594376376100583e-01,4.598160297560313081e-01,4.592198962389393291e-01,4.585701225982514728e-01,4.578658891139874010e-01,4.571064570965286400e-01,4.562911700269690618e-01,4.554194782902583061e-01,4.544909091645603083e-01,4.535051208513534715e-01,4.524618408509623046e-01,4.513609035783900936e-01,4.502022592544555057e-01,4.489859537401267309e-01,4.477121314633965010e-01,4.463810532298484457e-01,4.449930869254121735e-01,4.435487113220916711e-01,4.420484955845903619e-01,4.404931417522852666e-01,4.388834438255402870e-01,4.372202943340413039e-01,4.355047259347108457e-01,4.337378403383136960e-01,4.319208683660115677e-01,4.300551457783012843e-01,4.281420983836424776e-01,4.261832651735968924e-01,4.241802671648918777e-01,4.221348565663927133e-01,4.200488311354231841e-01,4.179241402876419653e-01,4.157627738365221037e-01,4.135668388087333502e-01,4.113385144453896025e-01,4.090800531538246743e-01,4.067938146915575648e-01,4.044822210567970422e-01,4.021477345194364172e-01,3.997929274630159791e-01,3.974204038212250101e-01,3.950328395523479696e-01,3.926329827486126356e-01,3.902235909285427518e-01,3.878075097421572748e-01,3.853875903729933050e-01,3.829667370507897073e-01,3.805478898703299473e-01,3.781340041711939715e-01,3.757280514035234442e-01,3.733330410725692050e-01,3.709519742030364942e-01,3.685878606686944226e-01,3.662437106909753326e-01,3.639225290468047769e-01,3.616273231678479583e-01,3.593610619708237919e-01,3.571267192911357080e-01,3.549272093021715868e-01,3.527654428536098896e-01,3.506442896331472547e-01,3.485665520861568334e-01,3.465350431033140111e-01,3.445524426790957939e-01,3.426214355021647839e-01,3.407446168485948612e-01,3.389245369103497385e-01,3.371636410081269020e-01,3.354643274631664562e-01,3.338289040501203342e-01,3.322595872595801025e-01,3.307584927130404195e-01,3.293276776980554876e-01,3.279690788949836122e-01,3.266845474488416778e-01,3.254757940445198727e-01,3.243444496527668197e-01,3.232920423885269900e-01,3.223199751685635883e-01,3.214295106852847472e-01,3.206218307210600416e-01,3.198979833469332568e-01,3.192588758228031565e-01,3.187053109221260616e-01,3.182379514668473020e-01,3.178573328522487085e-01,3.175638607641682598e-01,3.173578179371017161e-01,3.172393396601508320e-01,3.172084589430481105e-01,3.172650344161647151e-01,3.174088256623386894e-01,3.176394520517151765e-01,3.179563875230040915e-01,3.183589817677636158e-01,3.188464795746177582e-01,3.194179570906798271e-01,3.200723802788291161e-01,3.208086133792831252e-01,3.216253554653945024e-01,3.225212042897429576e-01,3.234946450752817504e-01,3.245440428607785366e-01,3.256676267860889040e-01,3.268635460873989262e-01,3.281298409292117135e-01,3.294644125181793726e-01,3.308651056613317043e-01,3.323296336096330239e-01,3.338556402897856490e-01,3.354406686671222992e-01,3.370821879105349583e-01,3.387775606204715406e-01,3.405241085069638518e-01,3.423190654584354342e-01,3.441595893042314613e-01,3.460428085480604654e-01,3.479657535189669137e-01,3.499254299626755049e-01,3.519188016097299920e-01,3.539427644860928535e-01,3.559942132033288575e-01,3.580699851339506079e-01,3.601669134768140657e-01,3.622817949926268044e-01,3.644114147199754017e-01,3.665525726671209905e-01,3.687020251611645150e-01,3.708565707601790828e-01,3.730129933309078161e-01,3.751680982260575115e-01,3.773187035129225153e-01,3.794616613177582698e-01,3.815938439485716538e-01,3.837121606734757440e-01,3.858135567920973341e-01,3.878950366090773150e-01,3.899536380691454585e-01,3.919864542100076066e-01,3.939906356274080479e-01,3.959634128958292587e-01,3.979020742791792298e-01,3.998039723429436254e-01,4.016665462488513971e-01,4.034873029257883825e-01,4.052638403642735976e-01,4.069938570927338350e-01,4.086751190196641903e-01,4.103055022118388129e-01,4.118829612564012255e-01,4.134055785787860704e-01,4.148715135769641127e-01,4.162790455707909287e-01,4.176265524979013710e-01,4.189125295187564046e-01,4.201355746660049295e-01,4.212944073499058084e-01,4.223878579351162399e-01,4.234148669934725828e-01,4.243744943311661411e-01,4.252659168671810153e-01,4.260884319811977239e-01,4.268414581633829252e-01,4.275245191212184714e-01,4.281372702080368242e-01,4.286794794100126649e-01,4.291510243836532124e-01,4.295519093821799084e-01,4.298822547616041323e-01,4.301422922401303417e-01,4.303323694755097351e-01,4.304529247329381136e-01,4.305045540193321862e-01,4.304879029788887812e-01,4.304037753490569940e-01,4.302530374723401718e-01,4.300366891533577984e-01,4.297558067559034134e-01,4.294115867597795844e-01,4.290052910661278918e-01,4.285382764599373062e-01,4.280120267908423259e-01,4.274280586089311273e-01,4.267879892371472805e-01,4.260935210880834600e-01,4.253464169975924025e-01,4.245485241707106505e-01,4.237017443065376199e-01,4.228080597375517002e-01,4.218694700214814519e-01,4.208880885219848933e-01,4.198660345434052643e-01,4.188054843739753563e-01,4.177086785030531546e-01,4.165778635150670928e-01,4.154153365168392065e-01,4.142234289164823946e-01,4.130045070149535036e-01,4.117609261099517415e-01,4.104950940717811969e-01,4.092094114065777943e-01,4.079062930629570038e-01,4.065881809809938630e-01,4.052574871720150407e-01,4.039166306988920541e-01,4.025680363859824307e-01,4.012141232544428338e-01,3.998572681516842087e-01,3.984998623622142411e-01,3.971442579607743495e-01,3.957927886498293635e-01,3.944477697069842526e-01,3.931114634493544924e-01,3.917861056436776068e-01,3.904739261547907625e-01,3.891770660420874606e-01,3.878976486258122192e-01,3.866377526393250941e-01,3.853994179445701662e-01,3.841846089910998518e-01,3.829952492343388082e-01,3.818331964092939734e-01,3.807002795699190867e-01,3.795982382017668022e-01,3.785287653259770679e-01,3.774934842130611701e-01,3.764939535386245817e-01,3.755316804369109307e-01,3.746080800936611999e-01,3.737245203290022189e-01,3.728822865685926802e-01,3.720826047965890560e-01,3.713266180084213164e-01,3.706154060906844960e-01,3.699499727846490837e-01,3.693312545642092326e-01,3.687601050248542900e-01,3.682373117886537095e-01,3.677635924039618365e-01,3.673395867010174065e-01,3.669658617147688040e-01,3.666429164729853585e-01,3.663711704967665406e-01,3.661509755145367362e-01,3.659826352039310393e-01,3.658663404773265793e-01,3.658022446253892390e-01
3.918784866711880199e-01,3.956795232914663285e-01,3.995953931569555251e-01,4.036192693031319667e-01,4.077440986747882246e-01,4.119625739766248351e-01,4.162671989808363615e-01,4.206502703531381782e-01,4.251039081607267400e-01,4.296200609365051770e-01,4.341905333735771033e-01,4.388069943457450495e-01,4.434609926588837236e-01,4.481439568464621326e-01,4.528472769214606508e-01,4.575622289955647570e-01,4.622800640988783960e-01,4.669919903003703632e-01,4.716892138289908720e-01,4.763629326185570556e-01,4.810043623758050169e-01,4.856047691899045282e-01,4.901554828937368380e-01,4.946478801900633382e-01,4.990734513537106176e-01,5.034237919011411710e-01,5.076906373746128409e-01,5.118658418156570855e-01,5.159414359599224786e-01,5.199096301037662293e-01,5.237628319327085613e-01,5.274936477772017573e-01,5.310949087398346702e-01,5.345597105499071411e-01,5.378813669130343422e-01,5.410535009797234896e-01,5.440699692389237008e-01,5.469249785918693929e-01,5.496130235355848326e-01,5.521288904949830378e-01,5.544677338988244220e-01,5.566250278711218913e-01,5.585966043246466395e-01,5.603786640132790708e-01,5.619677553138567871e-01,5.633608409650247006e-01,5.645552060005408768e-01,5.655485634579981991e-01,5.663390314485292620e-01,5.669250917329556883e-01,5.673056508329943348e-01,5.674799832811899813e-01,5.674478275090292234e-01,5.672092862693782767e-01,5.667648670233113029e-01,5.661155052590646219e-01,5.652625103240561666e-01,5.642076268201935418e-01,5.629529741754641936e-01,5.615010558967616916e-01,5.598548168701461547e-01,5.580174979795241574e-01,5.559927998769750301e-01,5.537847253991707852e-01,5.513976999799480305e-01,5.488364383603338004e-01,5.461060574729933448e-01,5.432119389606323567e-01,5.401598630869375306e-01,5.369558375027257968e-01,5.336062288662820619e-01,5.301176469373455324e-01,5.264969935830310366e-01,5.227514172576485096e-01,5.188882979683967500e-01,5.149152819260089942e-01,5.108401593722523559e-01,5.066709704509030354e-01,5.024159133748717920e-01,4.980833429885387909e-01,4.936817460307686423e-01,4.892197841639401856e-01,4.847061754785393362e-01,4.801497478952903020e-01,4.755594109613484610e-01,4.709441234570093116e-01,4.663128771261555450e-01,4.616746978949118341e-01,4.570385884609966531e-01,4.524135574250172653e-01,4.478085666476182558e-01,4.432325325746013789e-01,4.386942817178416387e-01,4.342025813143305379e-01,4.297660812741069813e-01,4.253932962093893155e-01,4.210926217727395948e-01,4.168722804706853080e-01,4.127403359628164514e-01,4.087046715262975249e-01,4.047729432471078859e-01,4.009525968150515762e-01,3.972508832141724566e-01,3.936747356873760983e-01,3.902309228448290201e-01,3.869258686341777165e-01,3.837657585434346985e-01,3.807564342418939263e-01,3.779035006003815256e-01,3.752121881727040753e-01,3.726874407312713577e-01,3.703338656953534258e-01,3.681557101717905511e-01,3.661569162404293976e-01,3.643410213009597998e-01,3.627112348901533889e-01,3.612704171608459580e-01,3.600210178304192321e-01,3.589651673344370630e-01,3.581045825768731650e-01,3.574406350385474496e-01,3.569743021838537866e-01,3.567061863078092032e-01,3.566365331588191578e-01,3.567652150029576585e-01,3.570916981599621676e-01,3.576151321499931313e-01,3.583342727824329055e-01,3.592475272865718328e-01,3.603529354080813873e-01,3.616482051967881417e-01,3.631306966196624075e-01,3.647974504302029519e-01,3.666451572469711095e-01,3.686702038135519777e-01,3.708686697155975098e-01,3.732363362029485487e-01,3.757686823121677011e-01,3.784609579358860221e-01,3.813080749891132326e-01,3.843047496702562404e-01,3.874454229700624586e-01,3.907243341023897143e-01,3.941354895897272725e-01,3.976726885898310138e-01,4.013295505130103358e-01,4.050995339770762649e-01,4.089759018674085644e-01,4.129518073780780174e-01,4.170202420875835925e-01,4.211741167059554480e-01,4.254061936699276569e-01,4.297091899739838294e-01,4.340757296544137667e-01,4.384983817866246469e-01,4.429696762339271898e-01,4.474821331574481142e-01,4.520282094913872784e-01,4.566004286482482355e-01,4.611912849129513603e-01,4.657933333330411818e-01,4.703991445473020838e-01,4.750013919687569586e-01,4.795927700786059011e-01,4.841661108359225918e-01,4.887143006773544407e-01,4.932303676330361264e-01,4.977074513840665793e-01,5.021388502146486577e-01,5.065179816917751987e-01,5.108384424649117239e-01,5.150939726828860366e-01,5.192785166316939982e-01,5.233862077467312801e-01,5.274113736364206551e-01,5.313485318743116359e-01,5.351924403533663277e-01,5.389380509756508397e-01,5.425805741484067690e-01,5.461154492195080534e-01,5.495383174216884603e-01,5.528451268118336204e-01,5.560320393266624528e-01,5.590954701682406824e-01,5.620320898179259617e-01,5.648388607862373512e-01,5.675129772689200269e-01,5.700518924184905245e-01,5.724533619562993669e-01,5.747153660341658421e-01,5.768361302213976805e-01,5.788142415785982875e-01,5.806484280325092673e-01,5.823377691015120261e-01,5.838815662217620162e-01,5.852793722942153387e-01,5.865309817201574960e-01,5.876364719387556779e-01,5.885961137707134139e-01,5.894104954053660528e-01,5.900803497550510812e-01,5.906066813061747744e-01,5.909907083737373501e-01,5.912338694820727936e-01,5.913377907941580469e-01,5.913043337758100426e-01,5.911355153715825983e-01,5.908335649054656802e-01,5.904008641755814635e-01,5.898399869490560388e-01,5.891536590426923459e-01,5.883447493638178649e-01,5.874162832505084308e-01,5.863713936799972437e-01,5.852133710032124680e-01,5.839456279293392393e-01,5.825716112974463901e-01,5.810949696441986001e-01,5.795193599860556377e-01,5.778485408694419290e-01,5.760863587527642604e-01,5.742366838555714725e-01,5.723034867021080663e-01,5.702907449001676232e-01,5.682024549930789759e-01,5.660426922252688176e-01,5.638155024136840554e-01,5.615249570560023606e-01,5.591751151354106275e-01,5.567700664308345981e-01,5.543138345803726441e-01,5.518104444511124917e-01,5.492638966199230310e-01,5.466781463445439249e-01,5.440570943672748960e-01,5.414046405769178394e-01,5.387245538202735107e-01,5.360206135362093338e-01,5.332964971979918811e-01,5.305558052794320245e-01,5.278020878106186586e-01,5.250387930313756835e-01,5.222693024163365116e-01,5.194968947422990979e-01,5.167247712725895337e-01,5.139560490403970450e-01,5.111937177901778595e-01,5.084407212064248061e-01,5.056998305440351116e-01,5.029738085362427391e-01,5.002652323673346668e-01,4.975766310877278720e-01,4.949104044928617219e-01,4.922688713254595450e-01,4.896542290462839730e-01,4.870685859467219769e-01,4.845139584866099414e-01,4.819922494769554588e-01,4.795052513174806741e-01,4.770546875897458960e-01,4.746421846407801737e-01,4.722692571969285824e-01,4.699373446581822655e-01,4.676478285884493324e-01,4.654019211233946796e-01,4.632008599409718208e-01,4.610457235002147769e-01,4.589375611527051757e-01,4.568773247924735603e-01,4.548659116402860025e-01,4.529041508889015688e-01,4.509928086820458870e-01,4.491325850030916667e-01,4.473241524537784897e-01,4.455681113917198122e-01,4.438650094618898923e-01,4.422153554151029287e-01,4.406196442986898831e-01,4.390782983282885965e-01,4.375917030935825291e-01,4.361602626066701238e-01,4.347843065993841627e-01,4.334641547593862665e-01,4.322001248026418607e-01,4.309924660325067935e-01,4.298414750656593397e-01,4.287473785675973703e-01,4.277104326304397852e-01,4.267308662444884160e-01,4.258088956189045593e-01,4.249447480084111994e-01,4.241386271504106187e-01,4.233907491113482746e-01,4.227013152991346279e-01,4.220705325657413964e-01,4.214986155565532133e-01,4.209857556818111801e-01,4.205321572005439879e-01,4.201380273103052509e-01,4.198035587117063816e-01,4.195289565167611423e-01,4.193143965876152124e-01,4.191600914071578754e-01,4.190662068866279899e-01,4.190329210795233905e-01,4.190604158058208184e-01,4.191488248011962514e-01,4.192982998649083526e-01,4.195089672640091027e-01,4.197809243279218561e-01,4.201142763680387748e-01,4.205090637185823210e-01,4.209653317511912185e-01,4.214830822350822404e-01,4.220622788130796721e-01,4.227028487608319729e-01,4.234046968734432315e-01,4.241676615869145461e-01,4.249915548111181107e-01,4.258761074768085408e-01,4.268210139052046048e-01,4.278259127320158672e-01,4.288903704209178769e-01,4.300138904673705964e-01,4.311959071080010975e-01,4.324357758191197387e-01,4.337327894445632270e-01,4.350861383135338767e-01,4.364949450360110506e-01,4.379582532309159171e-01,4.394749841249416811e-01,4.410440129765509920e-01,4.426640671627810053e-01,4.443338210481261319e-01,4.460518240646481058e-01,4.478165326818387415e-01,4.496262875649158497e-01,4.514793721227429169e-01,4.533738700437327518e-01,4.553078491069070810e-01,4.572792207249870566e-01,4.592858278567391039e-01,4.613253370130596109e-01,4.633953831790250111e-01,4.654934327724540299e-01,4.676168818149787909e-01,4.697630173519860564e-01,4.719290018656387420e-01,4.741119188924073913e-01,4.763087537806389715e-01,4.785163817426348332e-01,4.807315763330275438e-01,4.829510453015607441e-01,4.851714060251353100e-01,4.873891738454499967e-01,4.896008250793070782e-01,4.918027108769381095e-01,4.939911739501286481e-01,4.961624221601457219e-01,4.983127087249686338e-01,5.004381311562253742e-01,5.025348174209711694e-01,5.045988308357007845e-01,5.066262114432504848e-01,5.086129565573613842e-01,5.105550928395284904e-01,5.124486027014062417e-01,5.142894936865551880e-01,5.160737575364386931e-01,5.177974428564540155e-01,5.194565724075652646e-01,5.210472664597567416e-01,5.225656501762251382e-01,5.240078968233068402e-01,5.253702696374352721e-01,5.266490832913700570e-01,5.278407404510809808e-01,5.289417480093526747e-01,5.299486882596995407e-01,5.308582787241415968e-01,5.316673141166735617e-01,5.323727663171077262e-01,5.329717055972359452e-01,5.334613523403016755e-01,5.338390904200898124e-01,5.341024770852054182e-01,5.342491985202714178e-01,5.342771515834353613e-01,5.341844196397593780e-01,5.339692562648830076e-01,5.336301288679304866e-01,5.331657120792324678e-01,5.325749034068610888e-01,5.318567747639172394e-01,5.310106916419897738e-01,5.300361904357003828e-01,5.289330560339867704e-01,5.277013505483157951e-01,5.263413281907944885e-01,5.248535233840999625e-01,5.232386873827518103e-01,5.214978618806731525e-01,5.196323147027736011e-01,5.176435770986077545e-01,5.155334293260869227e-01,5.133039392907831067e-01,5.109573788579194753e-01,5.084963147720636956e-01,5.059235519812962378e-01,5.032421405148620464e-01,5.004553811531203822e-01,4.975668540876775903e-01,4.945803090672558078e-01,4.914997934725869322e-01,4.883295670778098896e-01,4.850741235682086705e-01,4.817381374906808955e-01,4.783265541158475131e-01,4.748445041221788232e-01,4.712972724010747183e-01,4.676903945717342248e-01,4.640295613375580719e-01,4.603206087470875230e-01,4.565696008974873821e-01,4.527826731914303959e-01,4.489661517949452008e-01,4.451264838836763715e-01
5.595544216926322534e-01,5.623472421630880680e-01,5.650370271892031226e-01,5.676212915054675845e-01,5.700976988911494736e-01,5.724641475910849930e-01,5.747187533340502030e-01,5.768598602991956703e-01,5.788860275704950098e-01,5.807960433976760983e-01,5.825889701889668260e-01,5.842640628370456835e-01,5.858208057860507800e-01,5.872589690264614637e-01,5.885785455787108100e-01,5.897797452669427676e-01,5.908630813877717713e-01,5.918292690611954843e-01,5.926792412415697875e-01,5.934142342235494416e-01,5.940357002589169433e-01,5.945453259388639999e-01,5.949450024752703792e-01,5.952369190567585733e-01,5.954234390782260355e-01,5.955071805852693023e-01,5.954909636793742633e-01,5.953778410225557538e-01,5.951710552169060531e-01,5.948740604764871653e-01,5.944905056706280000e-01,5.940242445033137031e-01,5.934792649169920997e-01,5.928598040165570238e-01,5.921701834491858163e-01,5.914149405487729716e-01,5.905987499303725352e-01,5.897263794824745275e-01,5.888027876350876433e-01,5.878330109174014773e-01,5.868222098155914113e-01,5.857756234283435504e-01,5.846986006403125380e-01,5.835965486201513119e-01,5.824749478214363840e-01,5.813393070885189973e-01,5.801951981762805133e-01,5.790482209602864083e-01,5.779039690913730931e-01,5.767680616178926245e-01,5.756460863500236780e-01,5.745436229109117665e-01,5.734662267894473642e-01,5.724193779924529046e-01,5.714085095353071964e-01,5.704389949346658772e-01,5.695161222080133978e-01,5.686450587009513891e-01,5.678309001844429327e-01,5.670785903170083575e-01,5.663929671996023041e-01,5.657787087711390051e-01,5.652403522664195545e-01,5.647822728949706272e-01,5.644086415997314754e-01,5.641234952248828094e-01,5.639306142772340102e-01,5.638336441786782061e-01,5.638359485266366544e-01,5.639407353305863069e-01,5.641509132813073979e-01,5.644692149690260230e-01,5.648981020115555474e-01,5.654397766929107894e-01,5.660961863369848857e-01,5.668690338102153614e-01,5.677597282813500179e-01,5.687694078772903561e-01,5.698989497402583426e-01,5.711489622324785742e-01,5.725197089368138093e-01,5.740112107923910356e-01,5.756232305530720739e-01,5.773551686609141864e-01,5.792061874694955925e-01,5.811751402428648738e-01,5.832606063749133929e-01,5.854608436540602590e-01,5.877738789778539363e-01,5.901974023481868503e-01,5.927288563484774953e-01,5.953653982916329301e-01,5.981039071045399780e-01,6.009409852081786241e-01,6.038730243958240207e-01,6.068960934693017339e-01,6.100060749017930384e-01,6.131985610248286145e-01,6.164689302309200869e-01,6.198123536507401665e-01,6.232237446729645969e-01,6.266978541993341034e-01,6.302292215941952547e-01,6.338121864631814928e-01,6.374409144818319328e-01,6.411094377338012462e-01,6.448115906953064691e-01,6.485411066295451166e-01,6.522915586961427481e-01,6.560564035005708172e-01,6.598290322459680057e-01,6.636026943342501205e-01,6.673706142242941119e-01,6.711258936735083891e-01,6.748616316134365967e-01,6.785708845517607335e-01,6.822466617512478182e-01,6.858819738567185631e-01,6.894698531554531717e-01,6.930033318826920308e-01,6.964754946174415151e-01,6.998794422310962160e-01,7.032083886706643749e-01,7.064555638167269169e-01,7.096143476030922770e-01,7.126781647888569271e-01,7.156405762647486402e-01,7.184953189039063881e-01,7.212362010100303866e-01,7.238572402477038148e-01,7.263525905972011421e-01,7.287165987652887145e-01,7.309438175926730175e-01,7.330289823220147438e-01,7.349670408301477442e-01,7.367531945871632626e-01,7.383828306375991302e-01,7.398516618311247184e-01,7.411555592300266282e-01,7.422907245952043986e-01,7.432536207602795653e-01,7.440409684970897830e-01,7.446497933363015465e-01,7.450774145572460760e-01,7.453214266251328990e-01,7.453797646502157148e-01,7.452506667896698911e-01,7.449326431921852176e-01,7.444245658177014446e-01,7.437256123060405066e-01,7.428353012457908910e-01,7.417534592216590283e-01,7.404801987001116137e-01,7.390160423555878211e-01,7.373617857209009419e-01,7.355185123985483742e-01,7.334877514133089083e-01,7.312712040455147111e-01,7.288709981272269989e-01,7.262895257499671908e-01,7.235295360223679140e-01,7.205940143451772251e-01,7.174863026882403183e-01,7.142100189229738660e-01,7.107690712579207704e-01,7.071676478958857093e-01,7.034102080959412362e-01,6.995014963209795766e-01,6.954464998135684306e-01,6.912504526968412666e-01,6.869188380185140552e-01,6.824573396715541973e-01,6.778719170396507732e-01,6.731686902186695409e-01,6.683539778688577515e-01,6.634343262798799712e-01,6.584164016160855004e-01,6.533070810849799237e-01,6.481133381248117553e-01,6.428423324372412040e-01,6.375013190540191887e-01,6.320976496884664897e-01,6.266388374231565139e-01,6.211324102552334692e-01,6.155859941190349183e-01,6.100072708083404960e-01,6.044039687021531826e-01,5.987838280960541271e-01,5.931546216084717660e-01,5.875241280341491068e-01,5.819000845154167489e-01,5.762902519587688177e-01,5.707023021349147962e-01,5.651438725515349759e-01,5.596225325310737464e-01,5.541458019860016071e-01,5.487210519419993826e-01,5.433555987245715091e-01,5.380566237447074185e-01,5.328311661311821990e-01,5.276861469823588280e-01,5.226283265592635008e-01,5.176643121300636974e-01,5.128005053784366885e-01,5.080431516674240866e-01,5.033982850919567209e-01,4.988717838098595814e-01,4.944692298340395142e-01,4.901960654448113686e-01,4.860574325817650365e-01,4.820582959970982073e-01,4.782033539531975741e-01,4.744970253714439479e-01,4.709435293251447718e-01,4.675467565271243520e-01,4.643103831141540128e-01,4.612377859399417468e-01,4.583320717549277945e-01,4.555960737210482114e-01,4.530323273108879945e-01,4.506430808953588718e-01,4.484303257117285835e-01,4.463957239935453236e-01,4.445406785772666458e-01,4.428662833175704971e-01,4.413733790787868760e-01,4.400624387072288313e-01,4.389337404478558802e-01,4.379872218317104604e-01,4.372225590899973535e-01,4.366391310609049614e-01,4.362360504176563403e-01,4.360121643221505638e-01,4.359660399382967455e-01,4.360959813545904340e-01,4.364000315812486264e-01,4.368760007258332689e-01,4.375214281607222033e-01,4.383336193889221244e-01,4.393096661169261230e-01,4.404463903127442959e-01,4.417404285988261736e-01,4.431882142524277146e-01,4.447859454081783959e-01,4.465296304083255507e-01,4.484151097660950547e-01,4.504380598859781260e-01,4.525939295790262218e-01,4.548780659349161426e-01,4.572856394330250263e-01,4.598116665744364506e-01,4.624510853084181639e-01,4.651986592958129996e-01,4.680490495327607192e-01,4.709968446139664033e-01,4.740365170880412871e-01,4.771624606094277965e-01,4.803689969649339031e-01,4.836503840335143467e-01,4.870008576089824848e-01,4.904145621773176589e-01,4.938856434100816206e-01,4.974082111236657333e-01,5.009763792181078923e-01,5.045842249920786671e-01,5.082258804430473953e-01,5.118954344061915629e-01,5.155870526696066936e-01,5.192949009987103404e-01,5.230131981032759558e-01,5.267361994133892278e-01,5.304582390016920890e-01,5.341736991620869013e-01,5.378770448110178348e-01,5.415628147832241002e-01,5.452256209210369908e-01,5.488602113962186557e-01,5.524613824077326818e-01,5.560240858632917726e-01,5.595433459298284617e-01,5.630143152869038214e-01,5.664322798458731878e-01,5.697926458485361723e-01,5.730909616268882179e-01,5.763228846564214525e-01,5.794842457863790264e-01,5.825710075513255148e-01,5.855792520224722963e-01,5.885052452879248053e-01,5.913454211724423759e-01,5.940962996925474027e-01,5.967546370472041062e-01,5.993172800475661255e-01,6.017812879035251417e-01,6.041438372838150439e-01,6.064023182474630458e-01,6.085542187314543217e-01,6.105972244237541924e-01,6.125291959815384324e-01,6.143481233095107186e-01,6.160521717281359777e-01,6.176396803102397470e-01,6.191091021537472594e-01,6.204591085233549519e-01,6.216884831883323637e-01,6.227961752375223980e-01,6.237812746855815327e-01,6.246430667193026975e-01,6.253809015461748722e-01,6.259943728984218581e-01,6.264831508195336518e-01,6.268470460096984276e-01,6.270860418309877060e-01,6.272002307776928243e-01,6.271898453032574983e-01,6.270552369959593308e-01,6.267968948350447489e-01,6.264154047166098360e-01,6.259115279875219207e-01,6.252860604680747780e-01,6.245399824494488605e-01,6.236743154294215330e-01,6.226902709594913654e-01,6.215890754864175083e-01,6.203720896634954407e-01,6.190407809893595514e-01,6.175966930802131438e-01,6.160414730368560798e-01,6.143768240940624681e-01,6.126045398366821715e-01,6.107265408074892266e-01,6.087447408690627171e-01,6.066611882300132486e-01,6.044779691364626784e-01,6.021972727686586424e-01,5.998213028298716720e-01,5.973523426620290788e-01,5.947927721791640421e-01,5.921449547150284820e-01,5.894113873565242079e-01,5.865945456226175914e-01,5.836970169095008210e-01,5.807213823759789229e-01,5.776702979832325502e-01,5.745464530672650394e-01,5.713526233308168223e-01,5.680915261734468258e-01,5.647659925394156177e-01,5.613788727059509931e-01,5.579330469518676283e-01,5.544314400820670174e-01,5.508769871876988411e-01,5.472726701439779573e-01,5.436214792041493826e-01,5.399264778228188844e-01,5.361907139688725232e-01,5.324172578009362944e-01,5.286092367943557857e-01,5.247698029798933961e-01,5.209020699446675895e-01,5.170092589500595581e-01,5.130945292024609028e-01,5.091611362599044455e-01,5.052122916527983509e-01,5.012512733025695777e-01,4.972813254569289909e-01,4.933057432916193585e-01,4.893278287319282049e-01,4.853509015362748591e-01,4.813782656552760275e-01,4.774132799410846228e-01,4.734592774060725207e-01,4.695196186721088960e-01,4.655976345454276299e-01,4.616967163934022067e-01,4.578202262984178983e-01,4.539715307203792127e-01,4.501539779685464482e-01,4.463709718425661888e-01,4.426258312140411988e-01,4.389219406961549219e-01,4.352626260331552976e-01,4.316512328725150560e-01,4.280910944459853096e-01,4.245854903194175578e-01,4.211377206505677595e-01,4.177510637672448013e-01,4.144287340139420350e-01,4.111739581672692601e-01,4.079899317045667106e-01,4.048797909582856347e-01,4.018466502453943989e-01,3.988935926992145387e-01,3.960236319758794199e-01,3.932397582467558328e-01,3.905448960414258930e-01,3.879419263743553170e-01,3.854336684537919555e-01,3.830228694951949842e-01,3.807122159942942230e-01,3.785043142076823242e-01,3.764017211315561218e-01,3.744068831555080190e-01,3.725221987520594968e-01,3.707499254328105454e-01,3.690922819003611965e-01,3.675513660334426835e-01,3.661291809694235955e-01,3.648276159160441789e-01,3.636484630444078991e-01,3.625934037321142944e-01,3.616639929616612403e-01,3.608616554572945945e-01,3.601877247592101816e-01,3.596433662645246443e-01,3.592296336244348853e-01,3.589474659088376929e-01,3.587976065130015768e-01,3.587807128268214463e-01,3.588972560340847329e-01,3.591475822659358497e-01,3.595318791932035629e-01,3.600501752292962765e-01,3.607023450398075815e-01,3.614881090477895520e-01,3.624070115016410076e-01,3.634584614545351422e-01
3.272934589931331129e-02,3.260127108986905775e-02,3.246596856402154951e-02,3.232359061128492472e-02,3.217431471495453554e-02,3.201833633349822350e-02,3.185587061457398339e-02,3.168715674947312350e-02,3.151244898236084391e-02,3.133202509307946720e-02,3.114617997200163149e-02,3.095522817510190997e-02,3.075950206266833686e-02,3.055935031167868188e-02,3.035513838423288882e-02,3.014725036101146421e-02,2.993608332236529987e-02,2.972204891100176452e-02,2.950557330399550260e-02,2.928709419870139871e-02,2.906706062342500133e-02,2.884593483829198807e-02,2.862418564756170555e-02,2.840229296120901428e-02,2.818074051797648041e-02,2.796002156954112416e-02,2.774063386715848456e-02,2.752307791135692044e-02,2.730785639335081907e-02,2.709547581715930631e-02,2.688643992291577661e-02,2.668125308488517380e-02,2.648041577937146340e-02,2.628442675845723067e-02,2.609377578651201832e-02,2.590895113982609813e-02,2.573042877356069083e-02,2.555868001191447317e-02,2.539416038411133544e-02,2.523731892339925800e-02,2.508858851479166263e-02,2.494838982493523608e-02,2.481712841050035326e-02,2.469519053804563810e-02,2.458294752368386793e-02,2.448075113598179031e-02,2.438893168260916969e-02,2.430780166283582830e-02,2.423764859217576728e-02,2.417874076801939873e-02,2.413131683046371850e-02,2.409559717637563964e-02,2.407177265536487518e-02,2.406000830174986546e-02,2.406044377825278247e-02,2.407319084341417656e-02,2.409833204521391603e-02,2.413592284066113855e-02,2.418598700930726930e-02,2.424852286411162405e-02,2.432349586627957985e-02,2.441084303172387504e-02,2.451047026524337535e-02,2.462225448602094191e-02,2.474604152792068967e-02,2.488164693979484643e-02,2.502885831474545297e-02,2.518743057091150581e-02,2.535709147529457627e-02,2.553753880022973863e-02,2.572844137864815570e-02,2.592944025358870710e-02,2.614014952770416303e-02,2.636015487322132533e-02,2.658901717795669750e-02,2.682627153601914449e-02,2.707142749635725945e-02,2.732397288964094964e-02,2.758337197499699175e-02,2.784906651023032198e-02,2.812047865144386843e-02,2.839701216143977053e-02,2.867805148684233682e-02,2.896296425723713514e-02,2.925110432481519904e-02,2.954180835207484077e-02,2.983440179324344660e-02,3.012820132717979049e-02,3.042251052434507760e-02,3.071662428045782850e-02,3.100983532380054836e-02,3.130142645363129250e-02,3.159067822324245628e-02,3.187687138031175538e-02,3.215928391902025257e-02,3.243719637724521571e-02,3.270989192893652281e-02,3.297665915064033892e-02,3.323679062491512876e-02,3.348958902371475949e-02,3.373436834554877778e-02,3.397044773946970853e-02,3.419716698847954234e-02,3.441387304341850251e-02,3.461993384978769017e-02,3.481473228020127292e-02,3.499767091190276319e-02,3.516817238303771714e-02,3.532568298354155090e-02,3.546966924256314546e-02,3.559962430395742505e-02,3.571506658573080084e-02,3.581554209553200474e-02,3.590062366100510438e-02,3.596991495823163160e-02,3.602304965801436665e-02,3.605969287154338343e-02,3.607954094336988937e-02,3.608232514048634321e-02,3.606780957825805878e-02,3.603579306971332885e-02,3.598610908121511326e-02,3.591862821413346896e-02,3.583325684733207339e-02,3.572993657241172599e-02,3.560864861481424781e-02,3.546940922418537201e-02,3.531227194841177197e-02,3.513732930605406590e-02,3.494470936004828027e-02,3.473457787488697796e-02,3.450713801037363221e-02,3.426263034976222144e-02,3.400132969735536470e-02,3.372354832656441342e-02,3.342963298493176194e-02,3.311996589412029290e-02,3.279496265991824200e-02,3.245507327001407455e-02,3.210077799086800965e-02,3.173259012082787350e-02,3.135105375912643211e-02,3.095674075903525821e-02,3.055025261006315621e-02,3.013221723659022938e-02,2.970328742488151375e-02,2.926414285324148087e-02,2.881548426149335013e-02,2.835803345336761205e-02,2.789253514252693772e-02,2.741974945536525265e-02,2.694045509024218729e-02,2.645544582623434934e-02,2.596553055731153428e-02,2.547152641564698339e-02,2.497426512254223921e-02,2.447458401721069876e-02,2.397332872832734496e-02,2.347134937942114627e-02,2.296949911986871651e-02,2.246863229435231910e-02,2.196960356209725837e-02,2.147326461617152238e-02,2.098046424910536209e-02,2.049204393887707823e-02,2.000883820415073552e-02,1.953167238374733244e-02,1.906136118247389252e-02,1.859870521084333247e-02,1.814449157798104020e-02,1.769949071879354380e-02,1.726445579109573206e-02,1.684011917753789819e-02,1.642719442383020617e-02,1.602637184038159177e-02,1.563831696515113889e-02,1.526367057853586159e-02,1.490304875201137018e-02,1.455703672172555148e-02,1.422619382613930783e-02,1.391104520538334090e-02,1.361208968146478474e-02,1.332979091047891383e-02,1.306457961927862642e-02,1.281685269193790118e-02,1.258697351297448190e-02,1.237526943989119242e-02,1.218203038331067307e-02,1.200751124506235085e-02,1.185193065809654264e-02,1.171546694039148594e-02,1.159826446102359306e-02,1.150042816639148396e-02,1.142202267375002148e-02,1.136307981209098636e-02,1.132358970733229366e-02,1.130350529968129729e-02,1.130274280143154023e-02,1.132118178316314158e-02,1.135866298575632753e-02,1.141499367925056727e-02,1.148994334622187828e-02,1.158324670484993379e-02,1.169460566803775387e-02,1.182368593137692742e-02,1.197012222701601160e-02,1.213351815742630228e-02,1.231344544152468586e-02,1.250944565288330396e-02,1.272103368787242880e-02,1.294769495067985519e-02,1.318888919304981103e-02,1.344405331241777489e-02,1.371259861299480021e-02,1.399391528267871290e-02,1.428737230898174775e-02,1.459231962837160244e-02,1.490809052934423048e-02,1.523400097132880313e-02,1.556935432463471027e-02,1.591343766008089175e-02,1.626553031874310509e-02,1.662490054482339275e-02,1.699080764031858301e-02,1.736250672741148499e-02,1.773924798198792813e-02,1.812027670023737963e-02,1.850483939289866361e-02,1.889217942617877483e-02,1.928154761180186222e-02,1.967219408316985690e-02,2.006337515897867879e-02,2.045435564778952733e-02,2.084440614164671107e-02,2.123281054985679678e-02,2.161886183588206806e-02,2.200186699976475549e-02,2.238114722953700106e-02,2.275603874734649298e-02,2.312589721491217082e-02,2.349009436135622922e-02,2.384802242473621145e-02,2.419909371113664054e-02,2.454274637290770542e-02,2.487843739117569578e-02,2.520564776181046657e-02,2.552388557169346650e-02,2.583268472579481126e-02,2.613160651277791902e-02,2.642023563200199265e-02,2.669818978132160875e-02,2.696511248565978264e-02,2.722067841647106759e-02,2.746458889414936724e-02,2.769657983770609441e-02,2.791641358631402267e-02,2.812388373672542949e-02,2.831881697961878552e-02,2.850106862014658085e-02,2.867052520626901801e-02,2.882710311640634612e-02,2.897075228623046880e-02,2.910145129394984057e-02,2.921920590716552482e-02,2.932405731790791586e-02,2.941607177310554683e-02,2.949534578625081019e-02,2.956200341208133769e-02,2.961619680167433197e-02,2.965810647778387502e-02,2.968793585801157708e-02,2.970591615861426643e-02,2.971230187118528016e-02,2.970737240432778231e-02,2.969142832707172275e-02,2.966479268493359481e-02,2.962780970519187165e-02,2.958083962515357934e-02,2.952426646052584355e-02,2.945848681247387538e-02,2.938391594566279116e-02,2.930098075055623252e-02,2.921012579508202450e-02,2.911180525085243706e-02,2.900648346958763224e-02,2.889463630152699913e-02,2.877674769879321956e-02,2.865330719396561032e-02,2.852481328751410236e-02,2.839176178149750360e-02,2.825466009116381350e-02,2.811401108153606040e-02,2.797032087111477050e-02,2.782409424055009087e-02,2.767583434392420841e-02,2.752603850831105564e-02,2.737520245165019073e-02,2.722381247721317524e-02,2.707235199886456195e-02,2.692129252184747787e-02,2.677109971873489064e-02,2.662222600801815442e-02,2.647511294769706175e-02,2.633018983043466932e-02,2.618787441881529482e-02,2.604856731097728029e-02,2.591265742381289663e-02,2.578051265667715211e-02,2.565248921678532981e-02,2.552892483786583025e-02,2.541013620998411326e-02,2.529642438194499438e-02,2.518807233119048361e-02,2.508533910718106774e-02,2.498846919162592620e-02,2.489768194957796277e-02,2.481317813713100270e-02,2.473513909506172559e-02,2.466372307168636022e-02,2.459906777311817241e-02,2.454129016667913610e-02,2.449048454220673771e-02,2.444672713791425089e-02,2.441007048823838968e-02,2.438054818381952052e-02,2.435817119660913660e-02,2.434293252265512866e-02,2.433480363468223939e-02,2.433373800230786976e-02,2.433966872552907959e-02,2.435251214728334848e-02,2.437216423288894943e-02,2.439850610857873317e-02,2.443140070214544837e-02,2.447069626383529747e-02,2.451622295986061878e-02,2.456780001509238989e-02,2.462523063639372733e-02,2.468830646779254789e-02,2.475680579528573635e-02,2.483049633059170730e-02,2.490913556301794021e-02,2.499247099804942362e-02,2.508024391105849807e-02,2.517218496526628380e-02,2.526802081136687861e-02,2.536747058104289049e-02,2.547025020499579448e-02,2.557607103702097887e-02,2.568464381113890263e-02,2.579567460111412136e-02,2.590887156520000137e-02,2.602394022528596237e-02,2.614059103150999028e-02,2.625853230344341038e-02,2.637747915647225758e-02,2.649714805531110454e-02,2.661726287676036487e-02,2.673754971401516231e-02,2.685774282869684074e-02,2.697758382362831081e-02,2.709682435833776423e-02,2.721522038128714599e-02,2.733254064246464290e-02,2.744856128013674346e-02,2.756307301261992290e-02,2.767587118941858271e-02,2.778677106591392540e-02,2.789559447686437710e-02,2.800217603650607609e-02,2.810636548380920918e-02,2.820802519877807155e-02,2.830702884945048362e-02,2.840326954372160081e-02,2.849664822219439772e-02,2.858708237826002377e-02,2.867450502338024509e-02,2.875886108546426082e-02,2.884011223219883416e-02,2.891823291488325454e-02,2.899321022437231082e-02,2.906504768744746017e-02,2.913376152951115128e-02,2.919938162630304063e-02,2.926195111199349566e-02,2.932152367441256263e-02,2.937816976359859319e-02,2.943196801931694667e-02,2.948301031628006164e-02,2.953139926584416944e-02,2.957724672395398852e-02,2.962067780033980288e-02,2.966182268168454997e-02,2.970082325586750199e-02,2.973782702527385385e-02,2.977299151333169525e-02,2.980647735287124400e-02,2.983845345752031419e-02,2.986909439813524580e-02,2.989857502621616828e-02,2.992707881292142741e-02,2.995478835309356089e-02,2.998188687826402674e-02,3.000856341283075768e-02,3.003500345230602012e-02,3.006139377906661553e-02,3.008791737510081721e-02,3.011475614865212827e-02,3.014208963371313443e-02,3.017009379440457884e-02,3.019893783017205818e-02,3.022878651951195483e-02,3.025979988271071744e-02,3.029212822921203280e-02,3.032591676559967184e-02,3.036130046434173946e-02,3.039840697225908162e-02,3.043735303869830183e-02,3.047824696166147318e-02,3.052118301429329258e-02,3.056624656127372372e-02,3.061351210785508148e-02,3.066304042380708916e-02,3.071487954638074669e-02,3.076906588148285021e-02,3.082562014589337873e-02,3.088455303255034298e-02
5.691835147267123585e-01,5.672496923814408509e-01,5.652753514065593787e-01,5.632626522703412242e-01,5.612138764095866428e-01,5.591313049736958973e-01,5.570172552704103497e-01,5.548740819778456013e-01,5.527041510818693215e-01,5.505098743647942605e-01,5.482936765061411366e-01,5.460579781793525322e-01,5.438051975988432707e-01,5.415378120997139666e-01,5.392582492430584296e-01,5.369689397220561711e-01,5.346723221719313912e-01,5.323708075550200869e-01,5.300668217371857782e-01,5.277627302348594229e-01,5.254609125963874972e-01,5.231636858173885907e-01,5.208733867276023055e-01,5.185922810823213602e-01,5.163225995086513365e-01,5.140665729982244470e-01,5.118263366123098068e-01,5.096040388515831188e-01,5.074017455511333763e-01,5.052214917259604254e-01,5.030652549281993124e-01,5.009349646849710069e-01,4.988324964632538383e-01,4.967596719549722817e-01,4.947182469062758603e-01,4.927099325215718029e-01,4.907363890125094330e-01,4.887991820367953988e-01,4.868998475321991148e-01,4.850398398340230455e-01,4.832205581996280030e-01,4.814433485686492320e-01,4.797094636974664206e-01,4.780201256781691499e-01,4.763764619021830793e-01,4.747795412890237765e-01,4.732303949476279747e-01,4.717299523196319400e-01,4.702790864453487707e-01,4.688786259439819970e-01,4.675293107985368235e-01,4.662318161882832435e-01,4.649867783643621966e-01,4.637947207935448346e-01,4.626561701698533313e-01,4.615715370082816849e-01,4.605411875968462576e-01,4.595654370095253460e-01,4.586445209656042632e-01,4.577786237656124579e-01,4.569678755605645071e-01,4.562123467326732462e-01,4.555120363596151245e-01,4.548669084994764189e-01,4.542768433702269459e-01,4.537417038696369698e-01,4.532612674089153693e-01,4.528352805628694244e-01,4.524634104421369485e-01,4.521453000148408785e-01,4.518805318037742436e-01,4.516686348376052762e-01,4.515091060318860428e-01,4.514013704792935733e-01,4.513448343109865979e-01,4.513388149451819098e-01,4.513826391141412264e-01,4.514755580597248907e-01,4.516167770987146723e-01,4.518054733999943284e-01,4.520407786744321532e-01,4.523217623673611021e-01,4.526474909698660620e-01,4.530169731084290885e-01,4.534291671808620694e-01,4.538830361826448612e-01,4.543774282384179242e-01,4.549112376848261086e-01,4.554832562009885066e-01,4.560923144016452158e-01,4.567371226857503963e-01,4.574164212169137267e-01,4.581288903291527714e-01,4.588731907568073809e-01,4.596479287479165454e-01,4.604516968294182777e-01,4.612830566302266733e-01,4.621405475043265376e-01,4.630226508888879988e-01,4.639278599301811523e-01,4.648545901565547811e-01,4.658012785871530337e-01,4.667663085150667301e-01,4.677480561619967170e-01,4.687448555938502626e-01,4.697550084687424632e-01,4.707768401207360620e-01,4.718086078405582251e-01,4.728485645455196562e-01,4.738949637265588155e-01,4.749459884701374701e-01,4.759998773009960771e-01,4.770548117486411166e-01,4.781089424655465270e-01,4.791604458555729362e-01,4.802074563351533265e-01,4.812481395024829633e-01,4.822806189574665447e-01,4.833030105280416433e-01,4.843134572202907884e-01,4.853100653077987436e-01,4.862909753966029869e-01,4.872543018302071816e-01,4.881981803695732980e-01,4.891207408961485426e-01,4.900201526948302355e-01,4.908945430488633743e-01,4.917421110269827866e-01,4.925610290310425410e-01,4.933495236800812256e-01,4.941058175922309337e-01,4.948281652582789403e-01,4.955148413292890797e-01,4.961641826204609695e-01,4.967745212855889103e-01,4.973442646869776218e-01,4.978718075558682399e-01,4.983556381331953888e-01,4.987942667353787995e-01,4.991862432932189231e-01,4.995302058407012913e-01,4.998248020961617577e-01,5.000687885421755130e-01,5.002609501580528306e-01,5.004001268081865739e-01,5.004852487523763216e-01,5.005153222964505710e-01,5.004894140444687833e-01,5.004066774291175967e-01,5.002663378257150573e-01,5.000676985265769536e-01,4.998101889517091445e-01,4.994932838907686357e-01,4.991165505909039291e-01,4.986796966273863152e-01,4.981824932396872740e-01,4.976248011435553953e-01,4.970066259694033151e-01,4.963280364779899534e-01,4.955892400637459394e-01,4.947905216771640302e-01,4.939323211847487238e-01,4.930151586030450672e-01,4.920396774195111012e-01,4.910066338900350158e-01,4.899169120437784630e-01,4.887715144478555485e-01,4.875715513084548092e-01,4.863182692818838748e-01,4.850130161310526877e-01,4.836572821957084156e-01,4.822526527779051331e-01,4.808008689815428949e-01,4.793037708593160806e-01,4.777633190419920406e-01,4.761815984177580896e-01,4.745608149433881984e-01,4.729032667884340846e-01,4.712114210334554243e-01,4.694877982237599667e-01,4.677350691360901425e-01,4.659559987839092532e-01,4.641534602803041865e-01,4.623304352436726772e-01,4.604900097975010431e-01,4.586353472495648953e-01,4.567697219866333480e-01,4.548965083727278258e-01,4.530191315744843683e-01,4.511411288567927502e-01,4.492661162861742441e-01,4.473977696432993589e-01,4.455398287485378139e-01,4.436960998483259200e-01,4.418704539550236676e-01,4.400668097634374276e-01,4.382891301497306991e-01,4.365413921396072983e-01,4.348276792661874834e-01,4.331520201091125233e-01,4.315185053150575878e-01,4.299312245160984980e-01,4.283942907150674051e-01,4.269118049636251855e-01,4.254878790313671444e-01,4.241265746167094397e-01,4.228319736186860189e-01,4.216081044883938644e-01,4.204589744648216665e-01,4.193885166870705006e-01,4.184006623477370956e-01,4.174992468733080830e-01,4.166880634975521636e-01,4.159708195713811563e-01,4.153511260552658069e-01,4.148325548871369395e-01,4.144185323150294531e-01,4.141124194111773793e-01,4.139174328180256213e-01,4.138367063987524741e-01,4.138732466756716577e-01,4.140298973822365003e-01,4.143093983513579381e-01,4.147143431572204442e-01,4.152471665223279595e-01,4.159101459209553209e-01,4.167054010817273779e-01,4.176348776083982917e-01,4.187003659073764705e-01,4.199034647155963085e-01,4.212456011330905081e-01,4.227279830132876781e-01,4.243516623521578213e-01,4.261174850706599404e-01,4.280260885797098069e-01,4.300779179749746883e-01,4.322731903685229082e-01,4.346119391208660421e-01,4.370939774902733999e-01,4.397189035119495326e-01,4.424860840969786491e-01,4.453946949646211961e-01,4.484436767729060858e-01,4.516317630979099773e-01,4.549574663027001753e-01,4.584190609485498391e-01,4.620146263395394359e-01,4.657420091892333636e-01,4.695988701864772241e-01,4.735826032324675916e-01,4.776904425821022482e-01,4.819193957826951036e-01,4.862662338150778307e-01,4.907275762783433470e-01,4.952998080828065475e-01,4.999791221594942492e-01,5.047615580156594728e-01,5.096429202397263492e-01,5.146188358266006180e-01,5.196847972564820894e-01,5.248361142031774396e-01,5.300679110649596515e-01,5.353751733098985888e-01,5.407527296038040499e-01,5.461952949608687158e-01,5.516974017959197507e-01,5.572535202899444595e-01,5.628579408323498567e-01,5.685048836470883993e-01,5.741884515028030656e-01,5.799026776374850423e-01,5.856414712974233883e-01,5.913987095658700399e-01,5.971682132184785718e-01,6.029437125305673328e-01,6.087188897692950018e-01,6.144874218649192255e-01,6.202429684586688863e-01,6.259791681987071366e-01,6.316896313240673022e-01,6.373679979774039550e-01,6.430079035202982407e-01,6.486030736539580843e-01,6.541471843117305784e-01,6.596340159481306475e-01,6.650573954245948549e-01,6.704112114169583636e-01,6.756894540173413732e-01,6.808861583457257449e-01,6.859955072585084412e-01,6.910117560629488453e-01,6.959293046383251413e-01,7.007426775154641518e-01,7.054465010551946857e-01,7.100355591281803935e-01,7.145048402500586704e-01,7.188494377061320773e-01,7.230646364120716374e-01,7.271458987192204182e-01,7.310888948699287848e-01,7.348894520939504016e-01,7.385435980415937518e-01,7.420476151232202611e-01,7.453979409332697204e-01,7.485912804358685335e-01,7.516245351227077709e-01,7.544948348940159200e-01,7.571995546805709854e-01,7.597363104684795587e-01,7.621029460576724812e-01,7.642975864513127382e-01,7.663185554777672825e-01,7.681644535228672188e-01,7.698341596119189223e-01,7.713267636934788563e-01,7.726416050265423330e-01,7.737783469156147564e-01,7.747368359397384108e-01,7.755172237780323385e-01,7.761199161787030176e-01,7.765455156464651232e-01,7.767949478285204323e-01,7.768693626136666808e-01,7.767701443050293308e-01,7.764989670552702172e-01,7.760576602182200912e-01,7.754484040322745519e-01,7.746735210894126755e-01,7.737356179730816574e-01,7.726374887977007777e-01,7.713821737668417056e-01,7.699729112848539003e-01,7.684131476989271015e-01,7.667065186876317329e-01,7.648569008506237443e-01,7.628682863863798236e-01,7.607448765920201694e-01,7.584910755258850168e-01,7.561113983751135414e-01,7.536105301069110363e-01,7.509933111415023621e-01,7.482646926184515213e-01,7.454298028555551570e-01,7.424938310308826228e-01,7.394621085787695947e-01,7.363400131719913810e-01,7.331331006059486066e-01,7.298469142883027283e-01,7.264871267465323745e-01,7.230594533398688739e-01,7.195696147430125089e-01,7.160233974673545498e-01,7.124266683951523405e-01,7.087852310158180291e-01,7.051049150493446938e-01,7.013915711636069528e-01,6.976510330165410778e-01,6.938890624658164974e-01,6.901114516938455790e-01,6.863239060125988500e-01,6.825320927803096849e-01,6.787416174824056903e-01,6.749579983712789000e-01,6.711866937142539902e-01,6.674330547531258651e-01,6.637023228158263066e-01,6.599996633802902579e-01,6.563300819192638969e-01,6.526985065667071373e-01,6.491096855646606434e-01,6.455682818926389288e-01,6.420787573230861689e-01,6.386454500440444937e-01,6.352725211669320027e-01,6.319639962470953165e-01,6.287236967028978496e-01,6.255552622660506268e-01,6.224621942589785295e-01,6.194477644782324655e-01,6.165150599202108284e-01,6.136670014176233146e-01,6.109062715599257176e-01,6.082353771694016809e-01,6.056566103703812098e-01,6.031720700040044125e-01,6.007836360131442177e-01,5.984929776064857876e-01,5.963015601233103702e-01,5.942106406654822370e-01,5.922212520218879117e-01,5.903342298669481680e-01,5.885501706526671262e-01,5.868695284216893793e-01,5.852924859891397436e-01,5.838190451344302812e-01,5.824489987976869676e-01,5.811819583395935185e-01,5.800173077531516341e-01,5.789542470275538255e-01,5.779918017283197651e-01,5.771287925367064586e-01,5.763638629234358879e-01,5.756955044725574622e-01,5.751219791299112538e-01,5.746414470879954717e-01,5.742518415239274976e-01,5.739510085006771511e-01,5.737365821050313119e-01,5.736061081735661649e-01,5.735569441432604165e-01,5.735863683230892907e-01,5.736914695572329359e-01,5.738693007761619391e-01,5.741167417619841284e-01,5.744305850677488001e-01,5.748075544759800870e-01,5.752442798815219360e-01,5.757372817862754788e-01,5.762830301254279197e-01,5.768779480346727384e-01,5.775183631308650201e-01,5.782005981736846323e-01,5.789209200855416348e-01,5.796755489222885638e-01,5.804606810159933517e-01,5.812725191977045069e-01,5.821072550035409909e-01
1.166143201872626295e-01,1.161420656944548158e-01,1.157774692331682981e-01,1.155208900304533493e-01,1.153725371535548327e-01,1.153324845021253542e-01,1.154006753380599215e-01,1.155769011708953076e-01,1.158608259891153874e-01,1.162519742312579374e-01,1.167497343117426950e-01,1.173533568328040677e-01,1.180619617670522759e-01,1.188745338284643016e-01,1.197899334864685333e-01,1.208068795730589118e-01,1.219239837445118407e-01,1.231397088499067011e-01,1.244524121203633288e-01,1.258603242753061902e-01,1.273615591659935375e-01,1.289541105136495225e-01,1.306358690248373422e-01,1.324046071150902781e-01,1.342579914977099775e-01,1.361935984885029038e-01,1.382088811358463953e-01,1.403012198837656488e-01,1.424678828057257818e-01,1.447060673336047765e-01,1.470128641882341991e-01,1.493852985653740806e-01,1.518203138702969857e-01,1.543147821117430984e-01,1.568655016407329295e-01,1.594692022485599825e-01,1.621225665295823459e-01,1.648222061479225897e-01,1.675646909243305727e-01,1.703465344393177983e-01,1.731642215145168251e-01,1.760141889388764092e-01,1.788928357258326718e-01,1.817965417447724996e-01,1.847216527073450854e-01,1.876645096246758737e-01,1.906214255265798463e-01,1.935887072733811776e-01,1.965626670767889606e-01,1.995395972312109245e-01,2.025158123166602986e-01,2.054876275735282309e-01,2.084513713759597042e-01,2.114034083791467011e-01,2.143400905365872022e-01,2.172578436974564875e-01,2.201530861990867172e-01,2.230223033173428515e-01,2.258620047292438926e-01,2.286687464553083526e-01,2.314391503423375573e-01,2.341698931852888854e-01,2.368576888505234124e-01,2.394993378197577405e-01,2.420916920374854842e-01,2.446316939940623714e-01,2.471163518091098188e-01,2.495427497505933734e-01,2.519080583771790560e-01,2.542095494628208718e-01,2.564445572361885861e-01,2.586105358739779203e-01,2.607050221282088409e-01,2.627256641704816542e-01,2.646702062786264742e-01,2.665365058634587836e-01,2.683225156727229166e-01,2.700263201243949251e-01,2.716461018554766071e-01,2.731801603996551475e-01,2.746269289878575659e-01,2.759849553938233946e-01,2.772528980541507093e-01,2.784295494919989955e-01,2.795138443722520183e-01,2.805048047145743961e-01,2.814016123003220127e-01,2.822035773126483349e-01,2.829101351239518558e-01,2.835208386849816797e-01,2.840353874156802960e-01,2.844536140554235204e-01,2.847754794024415226e-01,2.850010694946021883e-01,2.851306170583878252e-01,2.851644650257362801e-01,2.851031082361100144e-01,2.849471700783253181e-01,2.846973820529734023e-01,2.843546275058502770e-01,2.839199074361631325e-01,2.833943385906980139e-01,2.827791853734234473e-01,2.820758028114515037e-01,2.812856929042159004e-01,2.804104738591147172e-01,2.794518573830229169e-01,2.784116926551165050e-01,2.772919224145972139e-01,2.760946097539916932e-01,2.748219160801821936e-01,2.734761045048009764e-01,2.720595412253157819e-01,2.705746816502460073e-01,2.690240784972049437e-01,2.674103771835566468e-01,2.657362843470676417e-01,2.640046193762938254e-01,2.622182620312205059e-01,2.603801475513130570e-01,2.584933218484119499e-01,2.565608544103066824e-01,2.545858944574603266e-01,2.525716408419318437e-01,2.505213398291733506e-01,2.484382919272891121e-01,2.463258312978833797e-01,2.441873242129887767e-01,2.420261821456326512e-01,2.398458372215447609e-01,2.376497296725403052e-01,2.354413314899189702e-01,2.332241228737838012e-01,2.310015778404804487e-01,2.287771874012906048e-01,2.265544294808678749e-01,2.243367811121882438e-01,2.221276813561390007e-01,2.199305822287010437e-01,2.177488853784742828e-01,2.155859801910420537e-01,2.134452033234066348e-01,2.113298649828153908e-01,2.092432246750698388e-01,2.071884962504353112e-01,2.051688366973798694e-01,2.031873385874249649e-01,2.012470355686394874e-01,1.993508958238433548e-01,1.975017980338963364e-01,1.957025675641813900e-01,1.939559309804831655e-01,1.922645347471435007e-01,1.906309272678193278e-01,1.890575752848468183e-01,1.875468295782290462e-01,1.861009605726620386e-01,1.847221243174054506e-01,1.834123574263067935e-01,1.821736044179346758e-01,1.810076781107521071e-01,1.799162806273881532e-01,1.789009985784788537e-01,1.779632871207210421e-01,1.771044767808966913e-01,1.763257740345884617e-01,1.756282574752470460e-01,1.750128758530345996e-01,1.744804372328861986e-01,1.740316198428164818e-01,1.736669656181793198e-01,1.733868836183564965e-01,1.731916456369151647e-01,1.730813829347507271e-01,1.730560856279785287e-01,1.731156201076829992e-01,1.732596961473760189e-01,1.734879070513274391e-01,1.737996875704520550e-01,1.741943591523678891e-01,1.746710888005530427e-01,1.752289138288171122e-01,1.758667517979857486e-01,1.765833763462408279e-01,1.773774353930020753e-01,1.782474607300778280e-01,1.791918381786266057e-01,1.802088556056440083e-01,1.812966573647641078e-01,1.824532924214513352e-01,1.836766929375357460e-01,1.849646712038465757e-01,1.863149415105846141e-01,1.877251015814301038e-01,1.891926774546698609e-01,1.907150671905765982e-01,1.922896061926360756e-01,1.939135279960235436e-01,1.955839841796029044e-01,1.972980523987108992e-01,1.990527385318429654e-01,2.008449749078373148e-01,2.026716455979706011e-01,2.045295484544616404e-01,2.064154595219414023e-01,2.083260850919009810e-01,2.102581051627246123e-01,2.122081487047257353e-01,2.141728277119403223e-01,2.161487191282532860e-01,2.181323798450758022e-01,2.201203636973216582e-01,2.221091982762321837e-01,2.240954275995782896e-01,2.260755814185534951e-01,2.280462282802225293e-01,2.300038981899016066e-01,2.319451935372539575e-01,2.338667203633932601e-01,2.357651220158787364e-01,2.376370794541292075e-01,2.394792924790161981e-01,2.412885552470744044e-01,2.430616913350780173e-01,2.447955809464969767e-01,2.464871762099503649e-01,2.481334837484812650e-01,2.497316229320876990e-01,2.512787493119589821e-01,2.527721344390090330e-01,2.542091309589631920e-01,2.555871816174000166e-01,2.569038308649204683e-01,2.581567296884735296e-01,2.593436261848213742e-01,2.604623894114651006e-01,2.615110201526809619e-01,2.624875992390879875e-01,2.633903544681223674e-01,2.642176340562533698e-01,2.649679210863576384e-01,2.656398088535680824e-01,2.662320561809538577e-01,2.667435371341659311e-01,2.671732506681065988e-01,2.675203633765501632e-01,2.677841847814365073e-01,2.679641281133097741e-01,2.680597930382582761e-01,2.680709097452831924e-01,2.679973397156069637e-01,2.678391190242386255e-01,2.675963978916385821e-01,2.672694921494435660e-01,2.668588769382888026e-01,2.663651342346062267e-01,2.657890192710401500e-01,2.651314252163548546e-01,2.643933835247951891e-01,2.635760687879665776e-01,2.626807995044929123e-01,2.617090150832980799e-01,2.606622967076864805e-01,2.595423685339094400e-01,2.583510727219880954e-01,2.570903674324246380e-01,2.557623703003000792e-01,2.543692795951937868e-01,2.529134129311189638e-01,2.513972366235892597e-01,2.498232781758950583e-01,2.481941973310986538e-01,2.465127586330990161e-01,2.447818006812897129e-01,2.430042518252243100e-01,2.411831516152292132e-01,2.393215924938389416e-01,2.374227609400109962e-01,2.354899004199661749e-01,2.335263314833834758e-01,2.315354204525302551e-01,2.295205881400407544e-01,2.274853224458551759e-01,2.254331259830500422e-01,2.233675558611054601e-01,2.212921837896125454e-01,2.192106242423056961e-01,2.171264898313121083e-01,2.150434148864630857e-01,2.129650370246763957e-01,2.108950000154620474e-01,2.088369280196579192e-01,2.067944312338073354e-01,2.047711209342394090e-01,2.027705605269790878e-01,2.007962862323294795e-01,1.988518070260396065e-01,1.969405794374722574e-01,1.950660071843690335e-01,1.932314496081584954e-01,1.914401970747551807e-01,1.896954735535198444e-01,1.880004292106163266e-01,1.863581416810252134e-01,1.847716067743033763e-01,1.832437126932105476e-01,1.817772809617645979e-01,1.803750217408844059e-01,1.790395443032376521e-01,1.777733390406055491e-01,1.765788047311454556e-01,1.754582119892123815e-01,1.744137125120478748e-01,1.734473361602334451e-01,1.725609787125383654e-01,1.717564240723686020e-01,1.710352964208210758e-01,1.703991021297728559e-01,1.698491968091930815e-01,1.693868057969197538e-01,1.690129950420956872e-01,1.687286978426424389e-01,1.685346953655009750e-01,1.684316162491935609e-01,1.684199454703328158e-01,1.685000037799588568e-01,1.686719678173855264e-01,1.689358641513459269e-01,1.692915642753673178e-01,1.697387778183130080e-01,1.702770800175668620e-01,1.709058695383282589e-01,1.716244179750460452e-01,1.724318318442044917e-01,1.733270669297149180e-01,1.743089422862609816e-01,1.753761174403320189e-01,1.765271274286442371e-01,1.777603445231744073e-01,1.790740122079802765e-01,1.804662389163470271e-01,1.819349973469832071e-01,1.834781298013372364e-01,1.850933432246355814e-01,1.867782456197486507e-01,1.885302963733002102e-01,1.903468559042634789e-01,1.922251684665028937e-01,1.941623796142234737e-01,1.961555136828219692e-01,1.982015128351469757e-01,2.002972231232248435e-01,2.024394031871838695e-01,2.046247224020817934e-01,2.068497843757832189e-01,2.091110982588233469e-01,2.114051399577362989e-01,2.137282905521878107e-01,2.160769010794874878e-01,2.184472526047402108e-01,2.208355963574765435e-01,2.232381463717592884e-01,2.256510724052308015e-01,2.280705289205091912e-01,2.304926495047885660e-01,2.329135549854201015e-01,2.353293526564745886e-01,2.377361539980047678e-01,2.401300668514698422e-01,2.425072171859734005e-01,2.448637531419149971e-01,2.471958429426457104e-01,2.494996671343235328e-01,2.517714692597430304e-01,2.540074988242108089e-01,2.562040920469059735e-01,2.583576035076432520e-01,2.604644727588693587e-01,2.625211849014979504e-01,2.645242925059395622e-01,2.664704368468368556e-01,2.683563227175277954e-01,2.701787675191823501e-01,2.719346387929459374e-01,2.736209277069525658e-01,2.752347208579043469e-01,2.767731895245221230e-01,2.782336372016605552e-01,2.796134635068855956e-01,2.809101966296098651e-01,2.821214636778986429e-01,2.832450507527332073e-01,2.842788203323310947e-01,2.852208124400673617e-01,2.860691724053722185e-01,2.868221953657974499e-01,2.874782939643290014e-01,2.880360538490607802e-01,2.884941752530712500e-01,2.888515187340578438e-01,2.891070823200326823e-01,2.892600182189985492e-01,2.893096150667623934e-01,2.892553232020834142e-01,2.890967508775197370e-01,2.888336387043580200e-01,2.884658852443996446e-01,2.879935542101837442e-01,2.874168385360586497e-01,2.867360986788433097e-01,2.859518372003720388e-01,2.850647086853321799e-01,2.840755268902712682e-01,2.829852258711499369e-01,2.817949162193036927e-01,2.805058350980286774e-01,2.791193584727762467e-01,2.776370189552396783e-01,2.760604775284213885e-01,2.743915219067517564e-01,2.726320814225396405e-01,2.707842313257369793e-01,2.688501395117192660e-01,2.668321213187216934e-01,2.647325990357639047e-01,2.625541272779931545e-01,2.602993646998749133e-01
6.187393979607256345e-01,6.176855096180632332e-01,6.165637096095817338e-01,6.153740537498528784e-01,6.141167512412509799e-01,6.127921666680223867e-01,6.114007886743471065e-01,6.099431877193997042e-01,6.084201800412345484e-01,6.068326422258989439e-01,6.051816184577195612e-01,6.034682948742187136e-01,6.016939754475416624e-01,5.998601158482663731e-01,5.979683166300405750e-01,5.960202810675366836e-01,5.940178896589171087e-01,5.919631132984087829e-01,5.898580771299192227e-01,5.877050150366536219e-01,5.855062956979577571e-01,5.832643872231918492e-01,5.809819163821497989e-01,5.786615615251615719e-01,5.763061553812218740e-01,5.739186193138411385e-01,5.715019794770648254e-01,5.690593396706279394e-01,5.665939187505949493e-01,5.641090082634974134e-01,5.616079766963031350e-01,5.590942540757989354e-01,5.565713850216501557e-01,5.540429141899546606e-01,5.515124941571138972e-01,5.489837961329989691e-01,5.464605566315773322e-01,5.439465347126699601e-01,5.414455378653900697e-01,5.389613714514374099e-01,5.364978912012867696e-01,5.340589275012935788e-01,5.316483429905384250e-01,5.292699901611516156e-01,5.269277225467607906e-01,5.246253560650702141e-01,5.223666862221056917e-01,5.201554861595675261e-01,5.179954959836617912e-01,5.158903952469338083e-01,5.138438264148517121e-01,5.118593823520499742e-01,5.099405653080916201e-01,5.080908208833857520e-01,5.063135210684828191e-01,5.046119485818717498e-01,5.029892921711729414e-01,5.014486639659414546e-01,4.999930373405330752e-01,4.986253037664363230e-01,4.973482452731877723e-01,4.961644913982132254e-01,4.950765971700161749e-01,4.940869472727452139e-01,4.931978188303746680e-01,4.924113187029366956e-01,4.917294530866906932e-01,4.911540342814486038e-01,4.906867723970414485e-01,4.903291962381121083e-01,4.900826631823788637e-01,4.899484049368388328e-01,4.899274606005127319e-01,4.900207358644014244e-01,4.902289371921467187e-01,4.905526261544612687e-01,4.909921608408936433e-01,4.915477697373804022e-01,4.922194962975466326e-01,4.930071734226968982e-01,4.939105247068907301e-01,4.949290652374158106e-01,4.960621231010883259e-01,4.973088939663581898e-01,4.986683782973222456e-01,5.001394152268396898e-01,5.017206604337125508e-01,5.034106503242518071e-01,5.052077000189680867e-01,5.071099943799726173e-01,5.091155810975872553e-01,5.112223176811540037e-01,5.134279323267425532e-01,5.157300065660503918e-01,5.181259588581480502e-01,5.206131073454948188e-01,5.231886050148513156e-01,5.258494924512414626e-01,5.285926637274185325e-01,5.314149557402223500e-01,5.343130181261506184e-01,5.372834207813470542e-01,5.403226601754390623e-01,5.434271151472407357e-01,5.465930449160311122e-01,5.498166981228358452e-01,5.530941869604307781e-01,5.564215691119507312e-01,5.597948531416402362e-01,5.632099943473815040e-01,5.666628665239615836e-01,5.701493381773738989e-01,5.736652211099085852e-01,5.772063212067110038e-01,5.807683690585904168e-01,5.843471827298263310e-01,5.879384657275201764e-01,5.915379837648161443e-01,5.951414816094852123e-01,5.987447667788545758e-01,6.023435975508375506e-01,6.059338236063115390e-01,6.095112811210323667e-01,6.130718798709425821e-01,6.166115820101785161e-01,6.201263793180692430e-01,6.236123240024837866e-01,6.270655742121908904e-01,6.304823195623810994e-01,6.338588719654623116e-01,6.371915602357222097e-01,6.404768820175417154e-01,6.437113801222775766e-01,6.468917246077738881e-01,6.500146693708859225e-01,6.530771051112306269e-01,6.560760160430918475e-01,6.590085024420622162e-01,6.618718190738800411e-01,6.646633181656588230e-01,6.673804713140593092e-01,6.700209500258739181e-01,6.725824757318383806e-01,6.750629726886546722e-01,6.774604537085525680e-01,6.797731578581251988e-01,6.819993622755246010e-01,6.841375629251453816e-01,6.861863995177935882e-01,6.881446398869188741e-01,6.900111958457995076e-01,6.917851576915329259e-01,6.934657542035627120e-01,6.950523441532928670e-01,6.965444631229942285e-01,6.979417773218630217e-01,6.992441109654009557e-01,7.004514379624017240e-01,7.015638729995120615e-01,7.025816514823817194e-01,7.035051966437270154e-01,7.043350365128475676e-01,7.050718343449774439e-01,7.057164081018418855e-01,7.062697016817665041e-01,7.067327517587816965e-01,7.071067768769867534e-01,7.073930763860954984e-01,7.075930961376195594e-01,7.077083469411005190e-01,7.077405021877694047e-01,7.076912889754649605e-01,7.075626072092943142e-01,7.073563845437259578e-01,7.070746681435414738e-01,7.067195817038814942e-01,7.062933288275041743e-01,7.057982327291673075e-01,7.052366308079434098e-01,7.046109458400635628e-01,7.039236867946478959e-01,7.031773827208180894e-01,7.023746473890234432e-01,7.015181112690471732e-01,7.006104732587077333e-01,6.996544296674018781e-01,6.986527576422898456e-01,6.976082293613582452e-01,6.965236162930734665e-01,6.954017502786510319e-01,6.942454559239387146e-01,6.930575458149037527e-01,6.918408494188037494e-01,6.905981929524065421e-01,6.893323618337309222e-01,6.880461641475015266e-01,6.867423919341409944e-01,6.854237607072781735e-01,6.840930201408151889e-01,6.827528611126596481e-01,6.814059275582822206e-01,6.800548063709851432e-01,6.787021164833377807e-01,6.773503353733133503e-01,6.760019554729094216e-01,6.746593827348447148e-01,6.733249582054020577e-01,6.720009944291649440e-01,6.706897243208479464e-01,6.693932808479988728e-01,6.681137751343538822e-01,6.668532264225862649e-01,6.656135835730785377e-01,6.643967095659649713e-01,6.632044095673518269e-01,6.620383978761209542e-01,6.609003029763752535e-01,6.597916561144213654e-01,6.587139656092305673e-01,6.576686095435313462e-01,6.566568691167485872e-01,6.556799632805048184e-01,6.547390419073545464e-01,6.538351525601021619e-01,6.529692377521360003e-01,6.521421745549009774e-01,6.513547742810339436e-01,6.506077143388566686e-01,6.499016499739849184e-01,6.492371064045692197e-01,6.486145322114499345e-01,6.480343248153329627e-01,6.474967850107279377e-01,6.470021043145953721e-01,6.465504495059343215e-01,6.461419001352058933e-01,6.457764106696314288e-01,6.454539447952482023e-01,6.451743435987595809e-01,6.449373804181374181e-01,6.447427810050391228e-01,6.445902066033747380e-01,6.444792326227718471e-01,6.444094152352997096e-01,6.443802256698938358e-01,6.443910647560244787e-01,6.444413200550260790e-01,6.445303181665417158e-01,6.446572800030591077e-01,6.448215068205552791e-01,6.450221120759807025e-01,6.452582852095991583e-01,6.455291058334018395e-01,6.458336398540096557e-01,6.461709269522164512e-01,6.465399685052142242e-01,6.469397332242050602e-01,6.473691713506546375e-01,6.478272192806006080e-01,6.483127698751774970e-01,6.488246910044435101e-01,6.493618732443803276e-01,6.499231619730042597e-01,6.505073824154382622e-01,6.511133684732109961e-01,6.517399488780114547e-01,6.523859030701076867e-01,6.530500654263085014e-01,6.537312156154533316e-01,6.544281687015345295e-01,6.551397251557944390e-01,6.558646792376373602e-01,6.566018223024744360e-01,6.573499778428577578e-01,6.581079514414818199e-01,6.588745637346735684e-01,6.596486609171363646e-01,6.604290543112451006e-01,6.612145993613688377e-01,6.620041430677207073e-01,6.627965833938675999e-01,6.635907891173428164e-01,6.643856350202014260e-01,6.651800609963376409e-01,6.659729655541738458e-01,6.667633165858339872e-01,6.675500515296947102e-01,6.683321542360218803e-01,6.691086061951928565e-01,6.698784190230682167e-01,6.706406136278421082e-01,6.713942280446884014e-01,6.721383178486219911e-01,6.728719926097666004e-01,6.735943135761232048e-01,6.743043875369927331e-01,6.750013759888220388e-01,6.756844042629126523e-01,6.763526694894744784e-01,6.770053294676584565e-01,6.776416109963429024e-01,6.782607051152428346e-01,6.788618864046398471e-01,6.794444240226108489e-01,6.800075541225346631e-01,6.805506043493468882e-01,6.810728760449529240e-01,6.815737141172039104e-01,6.820524523007824858e-01,6.825084843209415775e-01,6.829411784441579147e-01,6.833499378865659502e-01,6.837342103116568204e-01,6.840934202242537898e-01,6.844270309132332031e-01,6.847345254829181327e-01,6.850154041126167437e-01,6.852691995390881585e-01,6.854954235687850117e-01,6.856936482157393042e-01,6.858634619116105169e-01,6.860044484305845014e-01,6.861162260657639456e-01,6.861984523119191159e-01,6.862507676712346072e-01,6.862728767144264941e-01,6.862644714618789665e-01,6.862252870081532174e-01,6.861550722852632900e-01,6.860536169452648991e-01,6.859207189127347615e-01,6.857561980839015359e-01,6.855599158757147427e-01,6.853317501995622729e-01,6.850716249540909075e-01,6.847794749669046110e-01,6.844552408104397356e-01,6.840989408634934321e-01,6.837106119604612342e-01,6.832902689268252061e-01,6.828380329495535861e-01,6.823540263062551903e-01,6.818383933860274748e-01,6.812913242988821727e-01,6.807130368646661100e-01,6.801038109501236217e-01,6.794639181078301338e-01,6.787936899635517163e-01,6.780934992321044907e-01,6.773637649119104154e-01,6.766048935016155674e-01,6.758174078388290429e-01,6.750017913737365038e-01,6.741586214470645100e-01,6.732884883732839221e-01,6.723920205628550750e-01,6.714699298821145135e-01,6.705228874668465178e-01,6.695516721752915457e-01,6.685570598472543313e-01,6.675398994815207043e-01,6.665010583723597337e-01,6.654414448837355778e-01,6.643620097431204297e-01,6.632637383333076508e-01,6.621476547644278288e-01,6.610148111396594306e-01,6.598663110186161473e-01,6.587032721701041593e-01,6.575268576264960974e-01,6.563382692394833517e-01,6.551387269124666624e-01,6.539294660921557423e-01,6.527118130796348838e-01,6.514870120568069245e-01,6.502564449978649463e-01,6.490214584954224764e-01,6.477834381463360991e-01,6.465437530761726226e-01,6.453038277563689640e-01,6.440650976692721130e-01,6.428290111355871028e-01,6.415970206938413911e-01,6.403705825180066036e-01,6.391511500075600649e-01,6.379402213234527386e-01,6.367392565831714313e-01,6.355497140760657526e-01,6.343730721398987971e-01,6.332107745161790202e-01,6.320642835226480960e-01,6.309350385810710282e-01,6.298244338396150610e-01,6.287338889880426107e-01,6.276647740243176399e-01,6.266184441262064864e-01,6.255962062276899660e-01,6.245993910089404633e-01,6.236292015749461681e-01,6.226869182319372253e-01,6.217736791504170357e-01,6.208906552217958730e-01,6.200389241745393187e-01,6.192195210791197058e-01,6.184334506824898936e-01,6.176816586955899968e-01,6.169650081240021233e-01,6.162843163178124417e-01,6.156403479994679850e-01,6.150338102786410133e-01,6.144653053833137868e-01,6.139353927703188329e-01,6.134445836059402302e-01,6.129932468383223476e-01,6.125817368796392381e-01,6.122103044331821398e-01,6.118791265027020421e-01,6.115882892323810660e-01,6.113378053029848713e-01,6.111276095394928554e-01,6.109575401771741854e-01,6.108273277444059568e-01,6.107366814553651935e-01,6.106851494253614510e-01,6.106722396722991109e-01,6.106973470742047549e-01,6.107597882541782042e-01
1.077360399747927799e-01,1.094091556125345172e-01,1.111420212604584679e-01,1.129310608322641185e-01,1.147726299539067324e-01,1.166630427846646473e-01,1.185985597258784469e-01,1.205754088591306089e-01,1.225897798444785664e-01,1.246378490877850659e-01,1.267157689981371071e-01,1.288196857205489154e-01,1.309457571291091360e-01,1.330901303353758669e-01,1.352489823360718546e-01,1.374185107383286697e-01,1.395949324691864724e-01,1.417745127712583264e-01,1.439535588050490089e-01,1.461284198168779913e-01,1.482955190885173469e-01,1.504513231278314933e-01,1.525923924267876819e-01,1.547153375593146862e-01,1.568168688147902334e-01,1.588937897011696299e-01,1.609429711961616882e-01,1.629614138369326060e-01,1.649461910173493362e-01,1.668945025181634567e-01,1.688036579004680848e-01,1.706710788660461831e-01,1.724943147077748484e-01,1.742710182971919097e-01,1.759989957676209027e-01,1.776761583123037946e-01,1.793005650365827874e-01,1.808703980365513331e-01,1.823839797825806686e-01,1.838397834293149791e-01,1.852363999807066786e-01,1.865725699278527883e-01,1.878471720083925434e-01,1.890592305201433954e-01,1.902079034131153312e-01,1.912925030289419903e-01,1.923124640446449984e-01,1.932673724718529662e-01,1.941569552125068376e-01,1.949810702024675768e-01,1.957397117018460364e-01,1.964330077480511971e-01,1.970612236605826795e-01,1.976247459619439317e-01,1.981240907513590610e-01,1.985599020299338990e-01,1.989329416028832731e-01,1.992440842200978446e-01,1.994943273389948590e-01,1.996847747173526866e-01,1.998166307106907236e-01,1.998912105932330319e-01,1.999099182165812727e-01,1.998742666061682494e-01,1.997858421441269794e-01,1.996463290781318178e-01,1.994574742736713036e-01,1.992211170744533910e-01,1.989391582256917479e-01,1.986135718068636757e-01,1.982463730759849996e-01,1.978396567288599750e-01,1.973955519284234239e-01,1.969162406050836145e-01,1.964039397031606404e-01,1.958608883951816482e-01,1.952893851017222515e-01,1.946917332789430966e-01,1.940702464331778287e-01,1.934272792663024598e-01,1.927651637131784779e-01,1.920862626799708373e-01,1.913929229382093644e-01,1.906874975805238348e-01,1.899723181261858407e-01,1.892497062951593867e-01,1.885219683050440298e-01,1.877913798711998428e-01,1.870601924357941093e-01,1.863306244510658238e-01,1.856048697572120210e-01,1.848850684397536914e-01,1.841733240000197336e-01,1.834716915819259997e-01,1.827821818602251291e-01,1.821067446717468674e-01,1.814472854434064364e-01,1.808056402552671582e-01,1.801836002410142912e-01,1.795828702086311457e-01,1.790051143822074531e-01,1.784519069516325718e-01,1.779247768750533143e-01,1.774251593013477790e-01,1.769544382172797414e-01,1.765139068834625513e-01,1.761047993764196240e-01,1.757282572385717723e-01,1.753853670137463239e-01,1.750771328084079759e-01,1.748044608909193331e-01,1.745682037751530025e-01,1.743691485706968525e-01,1.742079620740969170e-01,1.740852840277476998e-01,1.740016482340382697e-01,1.739575166710997378e-01,1.739532862738024099e-01,1.739892810018994207e-01,1.740657430707228392e-01,1.741828475598198311e-01,1.743407029245687689e-01,1.745393535599378543e-01,1.747787556162820333e-01,1.750588257980875140e-01,1.753794080485459317e-01,1.757402748970901818e-01,1.761411550378550461e-01,1.765817075376635015e-01,1.770615374976248768e-01,1.775801998973106366e-01,1.781371929544169896e-01,1.787319659448332598e-01,1.793639260556400827e-01,1.800324262367583583e-01,1.807367804710041659e-01,1.814762621632386719e-01,1.822500989885653677e-01,1.830574906326881690e-01,1.838975960023298828e-01,1.847695470170986898e-01,1.856724317976722327e-01,1.866053274134221729e-01,1.875672614945392280e-01,1.885572603787954438e-01,1.895743217225233923e-01,1.906174086660245293e-01,1.916854726315169455e-01,1.927774539250083352e-01,1.938922681044071561e-01,1.950288266949989080e-01,1.961860147726442460e-01,1.973627184890974495e-01,1.985578021589473885e-01,1.997701353300307126e-01,2.009985673266715400e-01,2.022419535124402312e-01,2.034991299870404780e-01,2.047689458835539322e-01,2.060502243931610911e-01,2.073418152672963088e-01,2.086425365649967056e-01,2.099512246646419444e-01,2.112667114688414893e-01,2.125878292029027838e-01,2.139134027643440628e-01,2.152422727916137035e-01,2.165732662647078532e-01,2.179052181620294015e-01,2.192369684040203770e-01,2.205673573354706429e-01,2.218952233083774372e-01,2.232194078565998274e-01,2.245387544118527534e-01,2.258521149356970958e-01,2.271583292431636758e-01,2.284562574700304549e-01,2.297447497809522454e-01,2.310226572535985790e-01,2.322888277615859920e-01,2.335421301657093773e-01,2.347814142324241848e-01,2.360055455595185814e-01,2.372133792749818448e-01,2.384037687856788712e-01,2.395755833271137059e-01,2.407276848107939293e-01,2.418589294691305125e-01,2.429681816823304474e-01,2.440543108480380252e-01,2.451161668894858425e-01,2.461526211426765809e-01,2.471625408161578774e-01,2.481447891111619730e-01,2.490982322694814954e-01,2.500217390803232131e-01,2.509141885126330296e-01,2.517744538705716240e-01,2.526014010134478571e-01,2.533939218323133513e-01,2.541509044921372307e-01,2.548712399850317500e-01,2.555538152666675389e-01,2.561975507309377509e-01,2.568013591391528072e-01,2.573641646102449165e-01,2.578849011374116929e-01,2.583625208888540303e-01,2.587959783357417498e-01,2.591842548081688680e-01,2.595263497700678323e-01,2.598212746803511553e-01,2.600680549177086243e-01,2.602657555985126159e-01,2.604134572785846147e-01,2.605102612646267857e-01,2.605553075935552187e-01,2.605477505647306180e-01,2.604867949181337572e-01,2.603716747859232683e-01,2.602016621463704715e-01,2.599760540587008339e-01,2.596942174549413673e-01,2.593555269369609007e-01,2.589594381634113263e-01,2.585054305498266647e-01,2.579930523671307707e-01,2.574218926109040906e-01,2.567916038088639552e-01,2.561018922897753680e-01,2.553525315051183298e-01,2.545433510812173394e-01,2.536742521888111779e-01,2.527451922364354342e-01,2.517562212314736203e-01,2.507074332581367693e-01,2.495990217485564155e-01,2.484312371226305161e-01,2.472044220873612641e-01,2.459189888894885434e-01,2.445754321070449100e-01,2.431743351008542886e-01,2.417163684784108535e-01,2.402022824917389443e-01,2.386329124874947694e-01,2.370091900068291291e-01,2.353321226693066981e-01,2.336028324625763763e-01,2.318224925297301675e-01,2.299924188229914568e-01,2.281139697723215676e-01,2.261886265796361761e-01,2.242179472243916727e-01,2.222035843847764702e-01,2.201472794989745574e-01,2.180508672743356469e-01,2.159162751104413414e-01,2.137455026074609743e-01,2.115406580839421236e-01,2.093039052552014556e-01,2.070375292096952036e-01,2.047438490086538054e-01,2.024253161399150180e-01,2.000844135316267591e-01,1.977237274351910656e-01,1.953458936852852934e-01,1.929536378816804620e-01,1.905497320981527909e-01,1.881370179112022978e-01,1.857184014751002976e-01,1.832968368724909036e-01,1.808753217387380485e-01,1.784569107438475910e-01,1.760446931483279909e-01,1.736418077123356996e-01,1.712514066949939739e-01,1.688766855505804410e-01,1.665208591691147155e-01,1.641871511072622858e-01,1.618788022742862764e-01,1.595990747804632848e-01,1.573512042899437580e-01,1.551384484807315500e-01,1.529640338378321085e-01,1.508311897454090167e-01,1.487431066524752266e-01,1.467029639111576689e-01,1.447138911782040183e-01,1.427789947640608070e-01,1.409013177455463173e-01,1.390838655639159704e-01,1.373295771764514450e-01,1.356413356157661898e-01,1.340219444427448170e-01,1.324741445789557881e-01,1.310005827179463456e-01,1.296038211647160543e-01,1.282863316412170829e-01,1.270504893485270848e-01,1.258985599928709176e-01,1.248327017286078450e-01,1.238549578086405867e-01,1.229672452366312452e-01,1.221713727880651967e-01,1.214689991820423615e-01,1.208616637883638129e-01,1.203507559089503354e-01,1.199375346243202189e-01,1.196231017439953470e-01,1.194084047355026545e-01,1.192942592470562779e-01,1.192812993653604159e-01,1.193700075243906561e-01,1.195607141002104912e-01,1.198535604986958741e-01,1.202485482668006200e-01,1.207454949331531885e-01,1.213440482998854736e-01,1.220436881714365290e-01,1.228437239117559782e-01,1.237432854040182995e-01,1.247413360087300249e-01,1.258366659232587892e-01,1.270278945498146683e-01,1.283134619190836878e-01,1.296916513578976193e-01,1.311605619146199997e-01,1.327181438133905322e-01,1.343621688553796600e-01,1.360902596117757879e-01,1.378998652686226345e-01,1.397882977939438054e-01,1.417526939271768205e-01,1.437900687489145901e-01,1.458972730233670800e-01,1.480710363100428972e-01,1.503079344451789812e-01,1.526044307623555529e-01,1.549568580627847802e-01,1.573614304531583130e-01,1.598142522891540795e-01,1.623113267027897766e-01,1.648485365246538936e-01,1.674217151927361591e-01,1.700265657521342066e-01,1.726587391908341040e-01,1.753138109166475223e-01,1.779872921977683209e-01,1.806746359391646073e-01,1.833712550974758715e-01,1.860725135466422819e-01,1.887737561772951655e-01,1.914702987356218522e-01,1.941574396457378393e-01,1.968304790697061879e-01,1.994847202574012990e-01,2.021154635142919098e-01,2.047180542142127690e-01,2.072878335258318550e-01,2.098202214191154935e-01,2.123106441432494329e-01,2.147546063765474744e-01,2.171476652636182558e-01,2.194854600283176194e-01,2.217636945289311878e-01,2.239781716613558071e-01,2.261247906540862218e-01,2.281995491068116166e-01,2.301985585797800549e-01,2.321180516502581170e-01,2.339543775418358729e-01,2.357040345433537298e-01,2.373636427720433872e-01,2.389299921055193510e-01,2.404000150813408176e-01,2.417707949371827869e-01,2.430395869446647650e-01,2.442038319256080448e-01,2.452611238983462283e-01,2.462092475556498516e-01,2.470461762105281289e-01,2.477700692498117363e-01,2.483792866606615579e-01,2.488723749472954438e-01,2.492480869787418452e-01,2.495053707084738115e-01,2.496434021709484918e-01,2.496615287014873896e-01,2.495593425761230000e-01,2.493366190082088596e-01,2.489933572861555700e-01,2.485297737530855477e-01,2.479462722833406518e-01,2.472434839976870025e-01,2.464222450624448113e-01,2.454836086398615169e-01,2.444288220646897158e-01,2.432593431414564189e-01,2.419768289835546593e-01,2.405831414340723617e-01,2.390803175205989117e-01,2.374706116934510169e-01,2.357564521551112346e-01,2.339404410169762250e-01,2.320253894022265284e-01,2.300142598433156382e-01,2.279101667712516432e-01,2.257164315136198918e-01,2.234364779291275471e-01,2.210739230317776693e-01,2.186324985872999116e-01,2.161160852908422803e-01,2.135286938669150314e-01,2.108744427561143331e-01,2.081575741000105950e-01,2.053824304499105580e-01,2.025534496387255134e-01,1.996751666060530561e-01,1.967521826943935959e-01,1.937891782503820826e-01,1.907908989510490594e-01,1.877621421742048935e-01,1.847077442305661010e-01,1.816325772237903924e-01,1.785415503163790274e-01,1.754395757948522261e-01,1.723315871777933161e-01
2.863926890027813643e-01,2.863344261904538501e-01,2.863668474692943056e-01,2.864876681128762925e-01,2.866944537562507445e-01,2.869846560338825681e-01,2.873555873889612200e-01,2.878044605469117778e-01,2.883283971688219705e-01,2.889244138982722809e-01,2.895894392548433172e-01,2.903203400023050551e-01,2.911139111282504688e-01,2.919668883896479050e-01,2.928759557346216069e-01,2.938377855324305621e-01,2.948489901960107407e-01,2.959061775334123623e-01,2.970059532306528749e-01,2.981448989249312342e-01,2.993196128098341013e-01,3.005267334779360144e-01,3.017628838040094519e-01,3.030247470681983746e-01,3.043090362731255549e-01,3.056125105215531379e-01,3.069320076034859346e-01,3.082644007564824262e-01,3.096066512743629318e-01,3.109557855898165690e-01,3.123089294913153902e-01,3.136632779731599041e-01,3.150161387178321837e-01,3.163649304489227765e-01,3.177071424530580890e-01,3.190404134556061866e-01,3.203624750260818943e-01,3.216711817514199545e-01,3.229645083354508728e-01,3.242405547569255364e-01,3.254975770230508769e-01,3.267339181932365499e-01,3.279480787442908829e-01,3.291386792067816924e-01,3.303044926095918821e-01,3.314444074562767906e-01,3.325574673728649566e-01,3.336428343079416159e-01,3.346998095917439464e-01,3.357278390299465176e-01,3.367264812022131015e-01,3.376954322432154654e-01,3.386345251262293243e-01,3.395437135956491659e-01,3.404230646414831973e-01,3.412727629017669462e-01,3.420931427201186481e-01,3.428845820393057187e-01,3.436476441750792588e-01,3.443829459755722855e-01,3.450912214193385674e-01,3.457732760035618358e-01,3.464300321858671539e-01,3.470624856728378727e-01,3.476716942588211623e-01,3.482588075778669801e-01,3.488250197933895347e-01,3.493716134411646301e-01,3.498998898179675465e-01,3.504112245759156696e-01,3.509070172332303117e-01,3.513887101179787309e-01,3.518577707006126376e-01,3.523156910887065840e-01,3.527639694206402554e-01,3.532041178489879751e-01,3.536376673446449126e-01,3.540660979564526634e-01,3.544909215720631335e-01,3.549136376947258364e-01,3.553356841441155933e-01,3.557585042229309269e-01,3.561835019316885176e-01,3.566120373980034008e-01,3.570454098430677625e-01,3.574848917528544168e-01,3.579317013552500426e-01,3.583869876837983415e-01,3.588518373581101040e-01,3.593272766753818903e-01,3.598142451717871726e-01,3.603136318467848320e-01,3.608262258928662258e-01,3.613527358014522184e-01,3.618938114830406727e-01,3.624499933055586598e-01,3.630217456435502754e-01,3.636094254523564717e-01,3.642133252698008805e-01,3.648336277243225956e-01,3.654704403696395487e-01,3.661237620247669855e-01,3.667935037558759381e-01,3.674794826307840045e-01,3.681814371447099665e-01,3.688990024411307744e-01,3.696317378691069688e-01,3.703791025582093277e-01,3.711404734333864086e-01,3.719151655734341810e-01,3.727023863663828096e-01,3.735012773937323449e-01,3.743109178541730864e-01,3.751302969701701961e-01,3.759583641086865491e-01,3.767939840547356312e-01,3.776359654278486633e-01,3.784830872133456703e-01,3.793340362204022931e-01,3.801875076988677771e-01,3.810421229118070019e-01,3.818964851207090061e-01,3.827491448266819862e-01,3.835986745146268140e-01,3.844435820527637437e-01,3.852824026522123080e-01,3.861136276464056105e-01,3.869357845781788430e-01,3.877473802260285596e-01,3.885469416319529135e-01,3.893330192119880406e-01,3.901041727257591463e-01,3.908590025573787097e-01,3.915961228601606559e-01,3.923142070135757220e-01,3.930119808629749523e-01,3.936881761774740918e-01,3.943416177627546149e-01,3.949711874257663125e-01,3.955758092322724795e-01,3.961544984627260457e-01,3.967063280725312002e-01,3.972304585776516017e-01,3.977261132224483298e-01,3.981926214631901773e-01,3.986293926163139711e-01,3.990359211725975075e-01,3.994117955617311755e-01,3.997567046890604381e-01,4.000704267402777070e-01,4.003528619139397060e-01,4.006039846781369596e-01,4.008238798358236266e-01,4.010127450174691410e-01,4.011708635502155840e-01,4.012986382476098068e-01,4.013965737965940472e-01,4.014652755613002943e-01,4.015054274584303196e-01,4.015178610320921382e-01,4.015034583717770889e-01,4.014632410165890342e-01,4.013982875729581457e-01,4.013097974288117875e-01,4.011990438426574213e-01,4.010673822191682114e-01,4.009162466594469176e-01,4.007471747303331666e-01,4.005617537872230294e-01,4.003616443063296448e-01,4.001485882974032404e-01,3.999243526965446383e-01,3.996907853260909804e-01,3.994497745391347165e-01,3.992032636060215967e-01,3.989532004761258688e-01,3.987016024654538304e-01,3.984504767138924430e-01,3.982018647735340866e-01,3.979578255749380844e-01,3.977204096642283360e-01,3.974916782749043365e-01,3.972736491146379723e-01,3.970683843181309625e-01,3.968778746173373673e-01,3.967040839499771931e-01,3.965489674788337249e-01,3.964143985540433679e-01,3.963022440175885674e-01,3.962142602199796304e-01,3.961521969607819105e-01,3.961176848587326105e-01,3.961123171693531342e-01,3.961375522401793803e-01,3.961948150613939235e-01,3.962854078353732490e-01,3.964105326123255613e-01,3.965712724506843534e-01,3.967686487026649833e-01,3.970034913684291622e-01,3.972765682191964354e-01,3.975885094192081470e-01,3.979397820705758981e-01,3.983307823529533276e-01,3.987617034423185380e-01,3.992326455586017175e-01,3.997435452574464310e-01,4.002941985007676395e-01,4.008842631430990511e-01,4.015132434563715713e-01,4.021805042997998458e-01,4.028852392515501757e-01,4.036265140448443978e-01,4.044032516503863195e-01,4.052141938369523411e-01,4.060579616267107061e-01,4.069330506457612406e-01,4.078377586324892778e-01,4.087702902515790715e-01,4.097286845750427453e-01,4.107108576852505077e-01,4.117146143130760994e-01,4.127375829337385782e-01,4.137773143760641315e-01,4.148312300821037635e-01,4.158966321976780844e-01,4.169707349436749255e-01,4.180506260415172703e-01,4.191333124381466102e-01,4.202157122384189147e-01,4.212946962808943874e-01,4.223669944932664233e-01,4.234293408359100508e-01,4.244783799568170868e-01,4.255107056239132990e-01,4.265228860594609817e-01,4.275114450024166679e-01,4.284728916476406302e-01,4.294037296904067436e-01,4.303004415814700723e-01,4.311595252223336949e-01,4.319774805918615290e-01,4.327508652868153893e-01,4.334762208561557806e-01,4.341501835564794409e-01,4.347694017242514364e-01,4.353306182871014007e-01,4.358306023472557911e-01,4.362662547114302680e-01,4.366345426669653862e-01,4.369325278725524897e-01,4.371573936993566889e-01,4.373064370011214841e-01,4.373770721657641580e-01,4.373668642809046547e-01,4.372735029892119707e-01,4.370948296583002102e-01,4.368288632574955921e-01,4.364737693340070557e-01,4.360279056493219785e-01,4.354897755581674801e-01,4.348580936881230041e-01,4.341317728303319412e-01,4.333098880583065582e-01,4.323917480119841561e-01,4.313768577644408464e-01,4.302649268749603184e-01,4.290558679392962871e-01,4.277498523327010194e-01,4.263472208555759702e-01,4.248485642192905143e-01,4.232546843682284399e-01,4.215666170874614038e-01,4.197856040080124029e-01,4.179131447296537405e-01,4.159509348309470278e-01,4.139008845415543258e-01,4.117651521285524141e-01,4.095461083513468603e-01,4.072463164831926496e-01,4.048685880924665637e-01,4.024159131054849126e-01,3.998914911968866059e-01,3.972987453004022118e-01,3.946412526717452129e-01,3.919228184111800406e-01,3.891474036013192195e-01,3.863191463077677024e-01,3.834423580567001832e-01,3.805215001990163159e-01,3.775612076663907302e-01,3.745662270720691023e-01,3.715414577649353567e-01,3.684919219346599606e-01,3.654227338030150429e-01,3.623391369413945795e-01,3.592464652381856527e-01,3.561500992581915215e-01,3.530555469339580754e-01,3.499683286617468747e-01,3.468940211860082612e-01,3.438382637088194804e-01,3.408066849911797758e-01,3.378049354714214858e-01,3.348386828160286877e-01,3.319135593980427346e-01,3.290351832754426220e-01,3.262091125698631799e-01,3.234409054198673639e-01,3.207360015586021018e-01,3.180997977574142599e-01,3.155375878396730616e-01,3.130545813547764844e-01,3.106558567755478562e-01,3.083463956836339781e-01,3.061310093709728730e-01,3.040144062572118777e-01,3.020010981019365381e-01,3.000954466825227485e-01,2.983016354705027573e-01,2.966236539307954834e-01,2.950652998351325218e-01,2.936301587816138592e-01,2.923215931418315927e-01,2.911427542577086913e-01,2.900965402128942161e-01,2.891856356495729474e-01,2.884124533522292033e-01,2.877791624713883500e-01,2.872876550089337178e-01,2.869395851462823721e-01,2.867363166062500968e-01,2.866789399609205313e-01,2.867682665987699164e-01,2.870048394978888529e-01,2.873888854612916544e-01,2.879203812328363643e-01,2.885989790463108218e-01,2.894240825330307021e-01,2.903947784189351289e-01,2.915098597965212202e-01,2.927678635000829366e-01,2.941670025261698407e-01,2.957052505941415443e-01,2.973802575660198788e-01,2.991894415962763620e-01,3.011299161384017320e-01,3.031985377245729474e-01,3.053919114512971267e-01,3.077063785408974961e-01,3.101380295650401075e-01,3.126827338590775218e-01,3.153361125817100152e-01,3.180935547600231561e-01,3.209502544677851343e-01,3.239011922641237828e-01,3.269411384424804612e-01,3.300647034183906148e-01,3.332663025428240777e-01,3.365401973159444782e-01,3.398804940737333302e-01,3.432811516008076880e-01,3.467360079272782669e-01,3.502387908616272361e-01,3.537831168126805426e-01,3.573625095538332519e-01,3.609704143174070623e-01,3.646002279431664328e-01,3.682452760579230655e-01,3.718988634746998589e-01,3.755542622362713079e-01,3.792047378496752885e-01,3.828435714933416945e-01,3.864640387668679677e-01,3.900594676463019495e-01,3.936232277782836797e-01,3.971487359355387325e-01,4.006294921631875505e-01,4.040590854162741108e-01,4.074311856800655329e-01,4.107396093418574923e-01,4.139782469993691927e-01,4.171411691143667166e-01,4.202225812419210782e-01,4.232168420492222194e-01,4.261184769146783013e-01,4.289222217883231214e-01,4.316229713160448789e-01,4.342158451351174064e-01,4.366961759896106909e-01,4.390595085459502722e-01,4.413016059135874691e-01,4.434185042504635854e-01,4.454064553285465577e-01,4.472619840388998846e-01,4.489818637975246940e-01,4.505631330179204475e-01,4.520031141523557228e-01,4.532993806801792203e-01,4.544498198169105718e-01,4.554525687149222901e-01,4.563060775919940415e-01,4.570090746330202069e-01,4.575605639331658536e-01,4.579598575438595387e-01,4.582065733675858010e-01,4.583005880212729921e-01,4.582420736109312775e-01,4.580315340316702954e-01,4.576696858117443312e-01,4.571575927012708207e-01,4.564965826511685476e-01,4.556882454540867600e-01,4.547344441867072207e-01,4.536373171759469081e-01,4.523992734590717713e-01,4.510229503051029210e-01,4.495112564826142521e-01,4.478673301585995303e-01,4.460945389725810006e-01,4.441964969814439779e-01,4.421770067109750957e-01,4.400400753591176550e-01,4.377899417383636638e-01,4.354310125892377203e-01,4.329678582591883207e-01,4.304052276143277012e-01
5.718530243985634476e-01,5.766858183315255459e-01,5.816463675782365117e-01,5.867251141933101932e-01,5.919122440635139482e-01,5.971977083064612390e-01,6.025712180108186988e-01,6.080223023806621274e-01,6.135403094979262617e-01,6.191144122998438748e-01,6.247336744235369999e-01,6.303870556260195990e-01,6.360634170494574580e-01,6.417515627103358433e-01,6.474402730114821036e-01,6.531183014410748555e-01,6.587744149611067801e-01,6.643974192840564896e-01,6.699761658687194421e-01,6.754996118574067010e-01,6.809567989462343984e-01,6.863368997456481546e-01,6.916292278220795842e-01,6.968233063755445711e-01,7.019087867542797010e-01,7.068756107787524945e-01,7.117138783372689570e-01,7.164140083538018677e-01,7.209666524292428491e-01,7.253627599429879336e-01,7.295936276441917778e-01,7.336508439483617749e-01,7.375263373592754190e-01,7.412123999293231957e-01,7.447017393252814976e-01,7.479873918603587857e-01,7.510628288566926214e-01,7.539219228573478260e-01,7.565589825992709017e-01,7.589687295468986461e-01,7.611463424824607138e-01,7.630874695468687907e-01,7.647881777362069977e-01,7.662450230392701123e-01,7.674550304376872578e-01,7.684156899459145817e-01,7.691249599209417642e-01,7.695812861322451903e-01,7.697836181448505233e-01,7.697313296573949915e-01,7.694243067659829460e-01,7.688628968856433543e-01,7.680479355458226243e-01,7.669806770326380585e-01,7.656629026560354268e-01,7.640968027846681832e-01,7.622850274977065466e-01,7.602306671879552891e-01,7.579372201316181279e-01,7.554086386228783256e-01,7.526492496529272325e-01,7.496638091180281016e-01,7.464574431095678531e-01,7.430356154853763329e-01,7.394042163362452014e-01,7.355694046741754200e-01,7.315377022922094907e-01,7.273159479519770709e-01,7.229112605510144007e-01,7.183310279542234333e-01,7.135829337370900305e-01,7.086748589160299927e-01,7.036149283807751065e-01,6.984114724227503679e-01,6.930730023812252671e-01,6.876082073865572575e-01,6.820259298982594975e-01,6.763350978031794636e-01,6.705447942904914083e-01,6.646641711169780642e-01,6.587024543690599421e-01,6.526689165968005968e-01,6.465728691691665642e-01,6.404236039506198130e-01,6.342304713400233052e-01,6.280027016545598473e-01,6.217495619067383572e-01,6.154802090921074331e-01,6.092037428473993099e-01,6.029291463484611757e-01,5.966652947583956923e-01,5.904209201853166666e-01,5.842046291172202643e-01,5.780247983808604051e-01,5.718897342946107631e-01,5.658074415965540505e-01,5.597857711271225778e-01,5.538323325951587384e-01,5.479545115266395428e-01,5.421594350172099785e-01,5.364539910869610129e-01,5.308447605743905617e-01,5.253381157796507273e-01,5.199400590026119762e-01,5.146563694846409964e-01,5.094924634589058643e-01,5.044535018702247520e-01,4.995442867469118697e-01,4.947693441286375449e-01,4.901328318640496007e-01,4.856386193165178611e-01,4.812902065047070521e-01,4.770908216863760654e-01,4.730432938852564551e-01,4.691501992679094624e-01,4.654136923962930439e-01,4.618356792810119904e-01,4.584176785740923799e-01,4.551609270924195094e-01,4.520663363396784651e-01,4.491344923929125321e-01,4.463656693731722913e-01,4.437598517715619084e-01,4.413166979918203281e-01,4.390356276052909679e-01,4.369157283261905222e-01,4.349558313127153131e-01,4.331545221778614341e-01,4.315100949831663368e-01,4.300206072390004297e-01,4.286839171381126579e-01,4.274976150193421365e-01,4.264590971650828455e-01,4.255655367935811118e-01,4.248139530395615981e-01,4.242011471532627920e-01,4.237237648100801723e-01,4.233783192802642037e-01,4.231611555278329551e-01,4.230684814653248860e-01,4.230964262995314806e-01,4.232409526949688638e-01,4.234979930881042631e-01,4.238633744248238577e-01,4.243328455419569378e-01,4.249021086574591988e-01,4.255668296581817112e-01,4.263226324589803329e-01,4.271651237678899538e-01,4.280899306096375145e-01,4.290926316613807301e-01,4.301688572367985408e-01,4.313142627538138485e-01,4.325245167383076073e-01,4.337953542659671591e-01,4.351225742545423714e-01,4.365019970595504506e-01,4.379295704856269733e-01,4.394012916673107338e-01,4.409132401849057969e-01,4.424616191687967270e-01,4.440427379000289609e-01,4.456529779580000183e-01,4.472888544647701803e-01,4.489470089434797750e-01,4.506242173668147388e-01,4.523173572338384796e-01,4.540234782898688870e-01,4.557397117762664873e-01,4.574633650636080739e-01,4.591918783326298104e-01,4.609228370597541202e-01,4.626539425355933322e-01,4.643830681288886875e-01,4.661082107852297929e-01,4.678275078836831580e-01,4.695392446481854165e-01,4.712418334239248940e-01,4.729338239711893266e-01,4.746139076719487204e-01,4.762808812042496065e-01,4.779336797456641972e-01,4.795713487976056566e-01,4.811930753514424564e-01,4.827981205867266645e-01,4.843858656849708844e-01,4.859557974902604105e-01,4.875074772533739553e-01,4.890405796574560648e-01,4.905548336059038506e-01,4.920500660147615890e-01,4.935261486376766871e-01,4.949830156324457886e-01,4.964206723494697937e-01,4.978391396990615725e-01,4.992385163605956855e-01,5.006188954384430678e-01,5.019803983430694005e-01,5.033231803414311978e-01,5.046474096337861814e-01,5.059532183030553965e-01,5.072407752752355892e-01,5.085101958524210763e-01,5.097616358078316257e-01,5.109951569756349121e-01,5.122108274344685519e-01,5.134086834477963324e-01,5.145886856028059064e-01,5.157507800463769776e-01,5.168948332293996639e-01,5.180206627991890134e-01,5.191280276891577783e-01,5.202165859851682894e-01,5.212859728650800495e-01,5.223357196827845828e-01,5.233652767693350860e-01,5.243740249848888313e-01,5.253612713432359582e-01,5.263262122311075375e-01,5.272679823295892687e-01,5.281856149092604147e-01,5.290780594707307216e-01,5.299442039336730303e-01,5.307828157915802647e-01,5.315926148463622214e-01,5.323721961090619459e-01,5.331201270822433225e-01,5.338348625863358343e-01,5.345147828239437127e-01,5.351582361005808863e-01,5.357634665983804778e-01,5.363286826188590206e-01,5.368520234190657936e-01,5.373315824144495600e-01,5.377654256323513016e-01,5.381515453957943507e-01,5.384879553979853295e-01,5.387726083132848842e-01,5.390034428089091056e-01,5.391783920400375907e-01,5.392954110240160137e-01,5.393524329714771692e-01,5.393474154577682089e-01,5.392783602585593528e-01,5.391432902361475987e-01,5.389402447971728405e-01,5.386673627260760711e-01,5.383228208594745823e-01,5.379048262553633997e-01,5.374117448068350678e-01,5.368419877880538094e-01,5.361940275259642341e-01,5.354665272026943867e-01,5.346581762171882524e-01,5.337678632540803214e-01,5.327945494385859515e-01,5.317373832369354236e-01,5.305956496138440892e-01,5.293687675729186193e-01,5.280563348039716276e-01,5.266581387937823155e-01,5.251741125157030066e-01,5.236044035214095782e-01,5.219493243069582844e-01,5.202094456202804862e-01,5.183854431195910051e-01,5.164782757793812129e-01,5.144890950901399584e-01,5.124192496711100775e-01,5.102703247609459147e-01,5.080441315199503149e-01,5.057426635453979857e-01,5.033682030723672929e-01,5.009232046838623109e-01,4.984103776104278349e-01,4.958326304413189778e-01,4.931931240718746001e-01,4.904951999464569057e-01,4.877424794231057237e-01,4.849387544898760005e-01,4.820880319115409818e-01,4.791945444478747373e-01,4.762627005708107153e-01,4.732971519911679525e-01,4.703026952355828794e-01,4.672843290714199238e-01,4.642472268639064037e-01,4.611967359892688023e-01,4.581383433958600149e-01,4.550777073176841547e-01,4.520205948107304805e-01,4.489729609157974699e-01,4.459408090203849651e-01,4.429302728250301691e-01,4.399476080352663909e-01,4.369991070177033365e-01,4.340911537618767357e-01,4.312301905217975073e-01,4.284226819522660712e-01,4.256751364096653667e-01,4.229940588386178479e-01,4.203859757881312498e-01,4.178573610743277489e-01,4.154146758981899223e-01,4.130643488474911584e-01,4.108127151130910315e-01,4.086660373855264261e-01,4.066304955383269193e-01,4.047121510096903796e-01,4.029169483111531003e-01,4.012506897565429886e-01,3.997189902583986321e-01,3.983273376685327327e-01,3.970810042560186104e-01,3.959850775069932438e-01,3.950444312570144390e-01,3.942636817704673891e-01,3.936472285975433083e-01,3.931992042418485656e-01,3.929234833449249398e-01,3.928236364667007652e-01,3.929029575052879752e-01,3.931644279560224109e-01,3.936107231890566549e-01,3.942441743457517633e-01,3.950667881676290238e-01,3.960802281742205611e-01,3.972858043040062848e-01,3.986844587534695838e-01,4.002767788272851845e-01,4.020629665215727511e-01,4.040428583622700520e-01,4.062158971058519863e-01,4.085811462878447542e-01,4.111372913749207769e-01,4.138826256898054390e-01,4.168150230432340342e-01,4.199320227357097868e-01,4.232307125612996268e-01,4.267078576712701743e-01,4.303597898627828933e-01,4.341824847715868296e-01,4.381715343273512309e-01,4.423221757561331957e-01,4.466292500477375693e-01,4.510873020480958839e-01,4.556904710595428565e-01,4.604325782703808101e-01,4.653071301937835580e-01,4.703073152616943364e-01,4.754260005484071683e-01,4.806557824609689056e-01,4.859889714037586850e-01,4.914175859107569044e-01,4.969334495160802612e-01,5.025280928321512741e-01,5.081928747593282836e-01,5.139189359184399564e-01,5.196972374914704540e-01,5.255185635002241895e-01,5.313735485613712006e-01,5.372527358954046761e-01,5.431465214208595071e-01,5.490452219258094013e-01,5.549390912017316824e-01,5.608183291114958724e-01,5.666731057845761921e-01,5.724936026592348792e-01,5.782699915108417965e-01,5.839925026614773973e-01,5.896513974810031478e-01,5.952370394792496633e-01,6.007398833749524325e-01,6.061504892575737546e-01,6.114595837197632777e-01,6.166580298260865289e-01,6.217369218605699466e-01,6.266874840051518403e-01,6.315011949995040785e-01,6.361698136604790887e-01,6.406853306678402804e-01,6.450399946053135825e-01,6.492263815727136178e-01,6.532373709272892848e-01,6.570661724560855621e-01,6.607063858055400862e-01,6.641518921929437935e-01,6.673970335565695411e-01,6.704365049988112446e-01,6.732654077410942239e-01,6.758792684577319410e-01,6.782740458526272942e-01,6.804461366775126363e-01,6.823924197472112096e-01,6.841101630392877331e-01,6.855971460275349649e-01,6.868516308964806028e-01,6.878723331532882179e-01,6.886584775655623103e-01,6.892097399540250136e-01,6.895263413896429716e-01,6.896089182761275804e-01,6.894586645832202487e-01,6.890772298553625719e-01,6.884667745129425809e-01,6.876298927252534332e-01,6.865697520600915205e-01,6.852898990112749056e-01,6.837944036602374709e-01,6.820877859410310329e-01,6.801750061363586175e-01,6.780615031004399995e-01,6.757531186921487132e-01,6.732561017531510927e-01,6.705771502169750597e-01,6.677233456480203833e-01,6.647021385741749278e-01,6.615213497906949902e-01,6.581891331820393098e-01,6.547140261165783626e-01,6.511048377731813996e-01,6.473706732848509837e-01,6.435209331651602360e-01,6.395652425767576199e-01,6.355135273695756704e-01,6.313758547723373749e-01,6.271625328727933324e-01
1.873862933573082756e-01,1.877225175898002696e-01,1.881810758748892476e-01,1.887608371350536218e-01,1.894603839617141072e-01,1.902780447728906754e-01,1.912118758778685035e-01,1.922596653641753806e-01,1.934189451666697146e-01,1.946869946799730799e-01,1.960608444414821128e-01,1.975372795557356620e-01,1.991128553101325638e-01,2.007838843855925814e-01,2.025464755324198063e-01,2.043965109826281490e-01,2.063296796630106622e-01,2.083414726917591775e-01,2.104271803551377440e-01,2.125819449994825749e-01,2.148007220598305289e-01,2.170783306875242735e-01,2.194094354321577955e-01,2.217885698344378986e-01,2.242101738864420990e-01,2.266685427647795181e-01,2.291579133575936678e-01,2.316724253944334455e-01,2.342061493977742881e-01,2.367531206121309129e-01,2.393073033155224127e-01,2.418626653591701425e-01,2.444131472814873862e-01,2.469526953228677324e-01,2.494752623100092714e-01,2.519748322461747292e-01,2.544454391330464027e-01,2.568811572374999352e-01,2.592761351163743733e-01,2.616246059359170206e-01,2.639208994874067682e-01,2.661594392235335782e-01,2.683347958058636129e-01,2.704416266428263937e-01,2.724747906104475481e-01,2.744292526103194740e-01,2.763001687304156295e-01,2.780828701378083578e-01,2.797728835700378780e-01,2.813659160175689400e-01,2.828578999822627393e-01,2.842449796223931457e-01,2.855235193971075169e-01,2.866901272221012431e-01,2.877416525701556038e-01,2.886751828418838151e-01,2.894880691312359255e-01,2.901779304124618153e-01,2.907426326362040347e-01,2.911803281942549892e-01,2.914894440764442818e-01,2.916686703342889486e-01,2.917170033127135520e-01,2.916336970423067387e-01,2.914183043399098394e-01,2.910706507546414468e-01,2.905908705844018614e-01,2.899793505166517460e-01,2.892367868493035954e-01,2.883641463434276075e-01,2.873626788923011044e-01,2.862338897211637589e-01,2.849795858660719716e-01,2.836018249329089191e-01,2.821029331611460966e-01,2.804854843235076167e-01,2.787523172729360343e-01,2.769064857989536055e-01,2.749513270163844170e-01,2.728903524080636411e-01,2.707273362583781928e-01,2.684662450283930024e-01,2.661112493426079917e-01,2.636667119449525587e-01,2.611371698314988721e-01,2.585273546377283016e-01,2.558421339756791202e-01,2.530865357176881325e-01,2.502657301438287463e-01,2.473849928166059198e-01,2.444497411528772368e-01,2.414654727260157341e-01,2.384377802568713733e-01,2.353723302199329515e-01,2.322748631019519172e-01,2.291511637171872451e-01,2.260070486775253296e-01,2.228483529887155534e-01,2.196809554352201765e-01,2.165106954294494790e-01,2.133434178092288858e-01,2.101849363392152004e-01,2.070410190774899517e-01,2.039173978982208868e-01,2.008197221579742509e-01,1.977535791956341882e-01,1.947244435279368580e-01,1.917377153973029713e-01,1.887986657733375373e-01,1.859124570088960815e-01,1.830841077885200785e-01,1.803184932486401881e-01,1.776203316135167298e-01,1.749941872669046328e-01,1.724444397434709841e-01,1.699752958242511935e-01,1.675907817816907897e-01,1.652947053860266691e-01,1.630906771779211117e-01,1.609821074900638638e-01,1.589721797267308057e-01,1.570638588154990856e-01,1.552598812002636275e-01,1.535627562112033273e-01,1.519747478753671333e-01,1.504978800576260434e-01,1.491339532613958907e-01,1.478845078903340271e-01,1.467508455675127499e-01,1.457340178176574630e-01,1.448348336319191243e-01,1.440538608912974305e-01,1.433914115790709265e-01,1.428475688852218484e-01,1.424221571577310164e-01,1.421147766111789668e-01,1.419247876718798262e-01,1.418513145126951980e-01,1.418932697500700224e-01,1.420493166671956964e-01,1.423179244494990892e-01,1.426973470434702296e-01,1.431856270047567881e-01,1.437806088978186014e-01,1.444799444909074249e-01,1.452811214393882333e-01,1.461814196243159947e-01,1.471779741273331887e-01,1.482677578734767909e-01,1.494475871377824172e-01,1.507141490347376489e-01,1.520639820227507044e-01,1.534935217652575179e-01,1.549990820395203694e-01,1.565768785043926692e-01,1.582230335826254053e-01,1.599335972040099585e-01,1.617045378289181101e-01,1.635317645873347880e-01,1.654111626631055987e-01,1.673385444263970345e-01,1.693097193997974148e-01,1.713204676073276644e-01,1.733665739328801303e-01,1.754438182786047795e-01,1.775480039316242875e-01,1.796749498799994071e-01,1.818205135214701340e-01,1.839806073917117091e-01,1.861511850777895216e-01,1.883282680239382612e-01,1.905079520380112690e-01,1.926864168792800092e-01,1.948599293841963009e-01,1.970248610168709169e-01,1.991776827348810675e-01,2.013149767015665614e-01,2.034334662369978730e-01,2.055299702877006474e-01,2.076014657327694968e-01,2.096450664791010554e-01,2.116580235021903178e-01,2.136377461644154985e-01,2.155817866689005435e-01,2.174878749660984212e-01,2.193538791504234808e-01,2.211778501275806497e-01,2.229580014009819311e-01,2.246927051157147359e-01,2.263805326250272754e-01,2.280201936305113752e-01,2.296105934005479854e-01,2.311508029606120229e-01,2.326400577461857910e-01,2.340777756790987374e-01,2.354635410673934781e-01,2.367971075230971001e-01,2.380783857082314492e-01,2.393074671436735967e-01,2.404845881658402296e-01,2.416101308751337495e-01,2.426846580398429043e-01,2.437088662813986506e-01,2.446835844171585672e-01,2.456097928131138752e-01,2.464885991403729104e-01,2.473212225764457872e-01,2.481090398362287841e-01,2.488534897503972554e-01,2.495561668671938127e-01,2.502187272743197077e-01,2.508429445914724942e-01,2.514306593474354701e-01,2.519838032032484243e-01,2.525043649816696156e-01,2.529944082149619411e-01,2.534560413513013422e-01,2.538914063113227315e-01,2.543027102985198074e-01,2.546921740624487618e-01,2.550620302709616927e-01,2.554145407556688840e-01,2.557519605782516137e-01,2.560765436215700075e-01,2.563905391210443696e-01,2.566961690024138210e-01,2.569956328038411897e-01,2.572910848978354204e-01,2.575846509612196855e-01,2.578783958614213612e-01,2.581743485411342465e-01,2.584744570184854262e-01,2.587805859224224236e-01,2.590945557949601019e-01,2.594180842684247201e-01,2.597528161277661840e-01,2.601002853827407701e-01,2.604619524030094557e-01,2.608391368838535729e-01,2.612331051017068306e-01,2.616449712976832154e-01,2.620757461124474941e-01,2.625263381419724040e-01,2.629975089341247130e-01,2.634899383237648829e-01,2.640041405930277363e-01,2.645405345245431805e-01,2.650993899102671580e-01,2.656808935081749201e-01,2.662850490754097854e-01,2.669117712956228239e-01,2.675608442952666088e-01,2.682319107103407485e-01,2.689245252761925387e-01,2.696380830166045794e-01,2.703718828203562352e-01,2.711251127428787600e-01,2.718968334235635220e-01,2.726860076421637746e-01,2.734914890665522957e-01,2.743120298910353139e-01,2.751462965857562337e-01,2.759928526990670372e-01,2.768501777776024575e-01,2.777166705019830095e-01,2.785906690511399941e-01,2.794704305065512928e-01,2.803541470003306224e-01,2.812399598533511513e-01,2.821259712080843030e-01,2.830102208771544392e-01,2.838907266919168393e-01,2.847654729458918288e-01,2.856324366981274898e-01,2.864895589280302968e-01,2.873347897620290303e-01,2.881660706640575276e-01,2.889813654931340792e-01,2.897786339613392936e-01,2.905558881813823935e-01,2.913111326775644772e-01,2.920424469469830031e-01,2.927479254961955490e-01,2.934257331502706512e-01,2.940740889991322327e-01,2.946912700251158590e-01,2.952756221006349602e-01,2.958256003966450720e-01,2.963397015553759228e-01,2.968165422281622834e-01,2.972548154117981012e-01,2.976533235521302001e-01,2.980109819634708668e-01,2.983267983080130636e-01,2.985999189821759159e-01,2.988295751621362073e-01,2.990151407786566518e-01,2.991561247154554404e-01,2.992521482252477050e-01,2.993029506382926530e-01,2.993084455084547568e-01,2.992686331210362982e-01,2.991836728689837299e-01,2.990538687598962575e-01,2.988796308308704908e-01,2.986615410830800732e-01,2.984002849610474239e-01,2.980967099135141130e-01,2.977517711669462330e-01,2.973665713737779215e-01,2.969423439271137721e-01,2.964804428222989063e-01,2.959823393895305577e-01,2.954496321959954042e-01,2.948840492632570087e-01,2.942874016434153805e-01,2.936616298540500325e-01,2.930087638829344532e-01,2.923309469902573565e-01,2.916303857391865373e-01,2.909094077499881914e-01,2.901703872490871694e-01,2.894157932561541302e-01,2.886481516020107385e-01,2.878700337259292308e-01,2.870840882298283381e-01,2.862929791957345427e-01,2.854994329694562905e-01,2.847061905158751460e-01,2.839160037803269976e-01,2.831316488028289835e-01,2.823559131191259453e-01,2.815915483294682553e-01,2.808413273939198151e-01,2.801079718559505438e-01,2.793941968903739803e-01,2.787026617105234361e-01,2.780359957844918961e-01,2.773967535621279512e-01,2.767874274603031037e-01,2.762104560959922628e-01,2.756681907051220515e-01,2.751628718315712874e-01,2.746966921214987201e-01,2.742716882109387799e-01,2.738898281957005132e-01,2.735529569146428197e-01,2.732627656291420348e-01,2.730208582407850360e-01,2.728286784105892204e-01,2.726875207080479147e-01,2.725985756342871880e-01,2.725628365538712017e-01,2.725811633628771324e-01,2.726542511517457967e-01,2.727826362235807323e-01,2.729666845034767753e-01,2.732065847260731206e-01,2.735023847313305390e-01,2.738539082522135626e-01,2.742608641817230186e-01,2.747227307586661005e-01,2.752388424208107587e-01,2.758083470653470703e-01,2.764302136231666651e-01,2.771032627604596010e-01,2.778260955024517420e-01,2.785971895011741806e-01,2.794148119225519089e-01,2.802770997777175310e-01,2.811820146665885978e-01,2.821273449323948856e-01,2.831107502289665900e-01,2.841297297341719985e-01,2.851816438612144733e-01,2.862637133985110882e-01,2.873730159130816197e-01,2.885065323727394326e-01,2.896611123974791591e-01,2.908334733680319473e-01,2.920202694805925092e-01,2.932180405837892523e-01,2.944232297841323232e-01,2.956322279237871831e-01,2.968413456284579865e-01,2.980468318538230243e-01,2.992448945066101818e-01,3.004316957399965626e-01,3.016033706103257717e-01,3.027560261661675911e-01,3.038857763371237142e-01,3.049887351572910799e-01,3.060610064478602732e-01,3.070987390479661405e-01,3.080981055871661045e-01,3.090553223246879644e-01,3.099666501440510036e-01,3.108284278795973576e-01,3.116370574008744954e-01,3.123890365115115642e-01,3.130809349938152852e-01,3.137094476259820186e-01,3.142713813825669944e-01,3.147636482330080088e-01,3.151833171866191274e-01,3.155275666207189023e-01,3.157937622655546672e-01,3.159793995646587028e-01,3.160821424275638281e-01,3.160998465647779643e-01,3.160305301129935351e-01,3.158723952384798195e-01,3.156238576339156499e-01,3.152835263127110044e-01,3.148501943736141118e-01,3.143228973565204698e-01,3.137008589381352630e-01,3.129835323230459321e-01,3.121705831467501691e-01,3.112619249175046510e-01,3.102576720315612380e-01,3.091581721484571443e-01,3.079640143570643307e-01,3.066760070875252375e-01,3.052952048196048151e-01,3.038228551025520252e-01,3.022604743556221996e-01
2.291744025889622671e-01,2.309114078309960350e-01,2.326222650079126930e-01,2.343062411939438039e-01,2.359626760634059017e-01,2.375909650176959154e-01,2.391905547481701366e-01,2.407609713443206456e-01,2.423017642399185601e-01,2.438125433131033137e-01,2.452929691687467384e-01,2.467427447279698649e-01,2.481616236060842917e-01,2.495493835073588906e-01,2.509058503987920963e-01,2.522308822499093606e-01,2.535243735848945468e-01,2.547862382088089683e-01,2.560164287932001903e-01,2.572149094720909135e-01,2.583816767277613002e-01,2.595167476848748711e-01,2.606201429425011873e-01,2.616919136578941263e-01,2.627321137597227185e-01,2.637408020621032079e-01,2.647180664046706045e-01,2.656639804080783152e-01,2.665786292802159174e-01,2.674620966288103752e-01,2.683144764632756085e-01,2.691358451688285469e-01,2.699263047586265563e-01,2.706859216933952261e-01,2.714147816614452813e-01,2.721129567353767209e-01,2.727805054934389073e-01,2.734174920571341150e-01,2.740239704909668284e-01,2.745999772468790678e-01,2.751455569751356522e-01,2.756607315224994803e-01,2.761455244128917519e-01,2.765999400971010380e-01,2.770239972505543768e-01,2.774176854136473636e-01,2.777809930965618457e-01,2.781139114573358828e-01,2.784164261729015766e-01,2.786885114433846899e-01,2.789301376094467377e-01,2.791412926035831688e-01,2.793219509717563831e-01,2.794720861098219933e-01,2.795916836562618579e-01,2.796807292698099690e-01,2.797392154968508793e-01,2.797671507025923932e-01,2.797645404763177135e-01,2.797314216485217164e-01,2.796678280793229443e-01,2.795738243431272196e-01,2.794494872707184996e-01,2.792949098976143518e-01,2.791102164277945996e-01,2.788955525113335221e-01,2.786510936913279557e-01,2.783770448372118178e-01,2.780736303699518630e-01,2.777411232729844470e-01,2.773798273428872974e-01,2.769900784696366913e-01,2.765722534434117974e-01,2.761267756647950988e-01,2.756541018028042522e-01,2.751547336430352209e-01,2.746292212770649610e-01,2.740781515237085131e-01,2.735021717984625345e-01,2.729019731152139139e-01,2.722782869706636966e-01,2.716319106606746581e-01,2.709636688523905379e-01,2.702744630156438399e-01,2.695652276153108207e-01,2.688369435806703400e-01,2.680906672007206115e-01,2.673274825427549017e-01,2.665485273993081217e-01,2.657549906739131718e-01,2.649481167995517694e-01,2.641291845874949584e-01,2.632995366872888932e-01,2.624605413186236746e-01,2.616136125754653374e-01,2.607602159574441414e-01,2.599018533678823517e-01,2.590400502401527527e-01,2.581763813826618570e-01,2.573124390348321966e-01,2.564498714588270278e-01,2.555903197101691005e-01,2.547354650388856112e-01,2.538870090642088573e-01,2.530466521152943682e-01,2.522161476921652712e-01,2.513972111443009694e-01,2.505915841178379955e-01,2.498010097519044459e-01,2.490272397350531686e-01,2.482719954689535657e-01,2.475369945453022025e-01,2.468239428935071200e-01,2.461345354023855569e-01,2.454704179910038309e-01,2.448332371429447485e-01,2.442245757208119927e-01,2.436460008608111738e-01,2.430990288036688485e-01,2.425851274292565307e-01,2.421057163570914661e-01,2.416621503555669015e-01,2.412557361783883303e-01,2.408877099388093412e-01,2.405592356761037387e-01,2.402714049586140987e-01,2.400252304576140083e-01,2.398216469606214984e-01,2.396614975882309651e-01,2.395455461929593965e-01,2.394744477015605388e-01,2.394487708029469641e-01,2.394689885087532000e-01,2.395354634696457152e-01,2.396484474923662455e-01,2.398080983444307313e-01,2.400144457489511163e-01,2.402674217583049554e-01,2.405668368991938644e-01,2.409123833528578618e-01,2.413036339537074915e-01,2.417400453545403838e-01,2.422209548571611082e-01,2.427455782033131615e-01,2.433130019686416401e-01,2.439222031068016550e-01,2.445720284625330365e-01,2.452612074729235980e-01,2.459883543260586725e-01,2.467519537160603738e-01,2.475503827004496282e-01,2.483819034572233853e-01,2.492446571086566198e-01,2.501366750303272157e-01,2.510558842273100111e-01,2.520001223425338832e-01,2.529670814083315178e-01,2.539544008781561280e-01,2.549596062253740025e-01,2.559801320702531080e-01,2.570133265157744651e-01,2.580564748003202347e-01,2.591067558256858749e-01,2.601612954543242040e-01,2.612171619208289997e-01,2.622713512931756363e-01,2.633208112219305730e-01,2.643624421704271477e-01,2.653931023019188151e-01,2.664096191398471758e-01,2.674087927950168364e-01,2.683873983502253480e-01,2.693421948091853091e-01,2.702699548336203184e-01,2.711674248623305861e-01,2.720313862436087304e-01,2.728586078842791252e-01,2.736459154501857394e-01,2.743901360985923077e-01,2.750881477785710461e-01,2.757368815762339942e-01,2.763333159168860353e-01,2.768744850770705201e-01,2.773574982901820252e-01,2.777795509906080262e-01,2.781379070822743715e-01,2.784299247411877176e-01,2.786530682697821448e-01,2.788049002437426593e-01,2.788830986257807010e-01,2.788854677896535073e-01,2.788099200026644686e-01,2.786545143538770586e-01,2.784174341375459383e-01,2.780970256048848066e-01,2.776917629294843870e-01,2.772002986601166397e-01,2.766214209288284098e-01,2.759540952395284630e-01,2.751974533197587558e-01,2.743507984533424260e-01,2.734136149448457287e-01,2.723855607667660106e-01,2.712664704549824779e-01,2.700563866690151027e-01,2.687555080207341129e-01,2.673642515140292053e-01,2.658832096319403981e-01,2.643131658925532701e-01,2.626550964323238757e-01,2.609101798343034795e-01,2.590797747217567504e-01,2.571654359152629743e-01,2.551689084528391827e-01,2.530921294075374472e-01,2.509372091566613450e-01,2.487064649629438795e-01,2.464023761048077799e-01,2.440276060141962911e-01,2.415849961558032555e-01,2.390775557726955436e-01,2.365084567660901693e-01,2.338810387366221655e-01,2.311987966366609026e-01,2.284653613295481722e-01,2.256845280079972094e-01,2.228602172430357020e-01,2.199964895722837932e-01,2.170975102608462548e-01,2.141675862979929013e-01,2.112111160693143641e-01,2.082325973705437816e-01,2.052366333848173185e-01,2.022278978073006050e-01,1.992111474245489566e-01,1.961911983809836724e-01,1.931729321787719056e-01,1.901612707037072525e-01,1.871611682198789928e-01,1.841776153627105728e-01,1.812156187943319841e-01,1.782801912904057595e-01,1.753763412196575056e-01,1.725090742649771081e-01,1.696833615956360453e-01,1.669041464309655720e-01,1.641763257299839185e-01,1.615047538438932340e-01,1.588942085581435126e-01,1.563494034287106760e-01,1.538749645634028829e-01,1.514754226112002555e-01,1.491552141309692159e-01,1.469186544005591233e-01,1.447699447523204119e-01,1.427131426146278359e-01,1.407521856813453431e-01,1.388908454151510097e-01,1.371327448639855229e-01,1.354813447027512774e-01,1.339399257423798950e-01,1.325115945076190405e-01,1.311992662274396870e-01,1.300056632298040860e-01,1.289333100977712310e-01,1.279845189722262078e-01,1.271614056677499716e-01,1.264658443726169312e-01,1.258995097761319293e-01,1.254638312774778719e-01,1.251600235340431244e-01,1.249890638931676484e-01,1.249516830473443446e-01,1.250483869525946534e-01,1.252794272295628397e-01,1.256448298611144432e-01,1.261443640001394251e-01,1.267775581802753626e-01,1.275436958500078544e-01,1.284418180735549531e-01,1.294707318480836644e-01,1.306289870797868735e-01,1.319149109876552872e-01,1.333265800133129619e-01,1.348618480558943233e-01,1.365183423842567245e-01,1.382934551752443841e-01,1.401843589042609806e-01,1.421880122744940411e-01,1.443011632090100971e-01,1.465203498193260734e-01,1.488419199210954946e-01,1.512620274921770980e-01,1.537766302605080848e-01,1.563815199876117390e-01,1.590723156258025128e-01,1.618444748113510856e-01,1.646933010993023305e-01,1.676139485298327181e-01,1.706014490536993944e-01,1.736506975612067682e-01,1.767564749134934443e-01,1.799134630296925774e-01,1.831162280397501951e-01,1.863592837695740856e-01,1.896370402776583475e-01,1.929438522994622873e-01,1.962740287743961476e-01,1.996218199961956041e-01,2.029814573005293832e-01,2.063471556502431414e-01,2.097130957419029440e-01,2.130734978636945609e-01,2.164225625308504874e-01,2.197545316173316332e-01,2.230636711466246480e-01,2.263443009786542670e-01,2.295907995352140796e-01,2.327975993044938685e-01,2.359592290129722270e-01,2.390702936121829325e-01,2.421255010101240890e-01,2.451196614578536603e-01,2.480477213247799517e-01,2.509047326610482909e-01,2.536858943143074363e-01,2.563865590628847113e-01,2.590022143602355165e-01,2.615285346424718882e-01,2.639613458731189799e-01,2.662966610883156227e-01,2.685306765261337714e-01,2.706597810388588488e-01,2.726805720603391325e-01,2.745898274556574647e-01,2.763845612677444108e-01,2.780619862628478933e-01,2.796195532400911343e-01,2.810549004382214555e-01,2.823659372724351968e-01,2.835507821328158151e-01,2.846077860008099369e-01,2.855355382151262833e-01,2.863328726092352894e-01,2.869988527119479160e-01,2.875327866231617846e-01,2.879342246544908668e-01,2.882029524618681116e-01,2.883389996930182941e-01,2.883426285247073784e-01,2.882143489932176283e-01,2.879548894935091696e-01,2.875652205751194623e-01,2.870465420391895006e-01,2.864002702258848232e-01,2.856280590031572419e-01,2.847317737730845066e-01,2.837134727472312989e-01,2.825754481455136080e-01,2.813201890571226937e-01,2.799503694052063452e-01,2.784688550092537240e-01,2.768787023626147481e-01,2.751831456892113170e-01,2.733855782861154271e-01,2.714895558527230524e-01,2.694987909905864343e-01,2.674171504000827926e-01,2.652486209729943423e-01,2.629973274813145467e-01,2.606675168657390795e-01,2.582635270488278789e-01,2.557898378204829792e-01,2.532509851369622034e-01,2.506515983778710432e-01,2.479963853540316787e-01,2.452901150066184033e-01,2.425376094929764526e-01,2.397437425508581188e-01,2.369134108816863538e-01,2.340515489017559736e-01,2.311631106836524174e-01,2.282530309294376336e-01,2.253262751192903202e-01,2.223877722800735313e-01,2.194424544129387200e-01,2.164951819285858559e-01,2.135508294540313379e-01,2.106141813681725317e-01,2.076899790720926064e-01,2.047829029488099917e-01,2.018975583641897387e-01,1.990384621974363444e-01,1.962100488507849128e-01,1.934166647061017208e-01,1.906625301812233109e-01,1.879517753714707862e-01,1.852884007816312517e-01,1.826762977102731889e-01,1.801192159525578096e-01,1.776207710910423510e-01,1.751844432847264044e-01,1.728135669524115403e-01,1.705113325141395242e-01,1.682807637933620148e-01,1.661247421098179522e-01,1.640459771785197640e-01,1.620470168969865288e-01,1.601302519399583069e-01,1.582978943499542268e-01,1.565519867907984863e-01,1.548944107615312649e-01,1.533268597321403859e-01,1.518508621191806685e-01,1.504677741297804350e-01,1.491787730706286008e-01,1.479848711757081048e-01,1.468868886263254847e-01,1.458855002765637177e-01,1.449811905357197006e-01,1.441742774517127124e-01,1.434649317401592850e-01,1.428531419314187090e-01,1.423387321631174873e-01,1.419213862211460842e-01,1.416006233972785799e-01,1.413758066252749079e-01
5.824448202953775855e-01,5.818420105139920917e-01,5.811636842274070514e-01,5.804128741613289177e-01,5.795927081606171427e-01,5.787063985479062866e-01,5.777571950380930854e-01,5.767484410547250029e-01,5.756835271924685138e-01,5.745658621015434786e-01,5.733989337847660295e-01,5.721862444946986814e-01,5.709313156525018806e-01,5.696376983778531633e-01,5.683089589812447828e-01,5.669486536499742657e-01,5.655603459692618573e-01,5.641475879214147282e-01,5.627139269094937335e-01,5.612628778963310028e-01,5.597979289506384015e-01,5.583225328899744655e-01,5.568401249772138017e-01,5.553540551486516597e-01,5.538676547140372053e-01,5.523842038136528299e-01,5.509068896773250401e-01,5.494388562052988645e-01,5.479831736899904993e-01,5.465428375402061612e-01,5.451207680546440448e-01,5.437197827949874496e-01,5.423426251743969084e-01,5.409919414863217924e-01,5.396703004328594622e-01,5.383801721235816906e-01,5.371238915214212595e-01,5.359037352142985711e-01,5.347218485271200139e-01,5.335802609727288148e-01,5.324809270353181301e-01,5.314256675752786485e-01,5.304161767486159640e-01,5.294540646212368973e-01,5.285408260873331043e-01,5.276778018196101039e-01,5.268662697204530287e-01,5.261073446814594767e-01,5.254020587158074740e-01,5.247513087839392742e-01,5.241558926202114499e-01,5.236164598629142741e-01,5.231336124279526434e-01,5.227077570362574921e-01,5.223392392358623404e-01,5.220282862194722817e-01,5.217750129059030018e-01,5.215794315339169485e-01,5.214414276375241020e-01,5.213608114332657362e-01,5.213372755627477817e-01,5.213704052818813883e-01,5.214597312510486082e-01,5.216046231881131812e-01,5.218044055174910767e-01,5.220583083736876073e-01,5.223654737612002386e-01,5.227249501229993545e-01,5.231357104798318725e-01,5.235966580018844851e-01,5.241065917202847313e-01,5.246642962966974189e-01,5.252684158288815075e-01,5.259175909302244989e-01,5.266103900521247327e-01,5.273452742264046478e-01,5.281206970294289871e-01,5.289350601408022712e-01,5.297866814453990880e-01,5.306738731726496905e-01,5.315948817535561810e-01,5.325479121302323371e-01,5.335311366594116533e-01,5.345427161814008121e-01,5.355807412846820270e-01,5.366433105350396637e-01,5.377284827137865930e-01,5.388343081654111133e-01,5.399587766083661089e-01,5.410999425088109938e-01,5.422557743184636125e-01,5.434242522444043821e-01,5.446033640694946110e-01,5.457910945648027923e-01,5.469853956446756316e-01,5.481842484443117947e-01,5.493856244796101462e-01,5.505875371101522919e-01,5.517879374464572662e-01,5.529848299200827988e-01,5.541762393026935518e-01,5.553601890715937905e-01,5.565347115886497553e-01,5.576978739418084752e-01,5.588477452719429195e-01,5.599824397648585084e-01,5.611000671842114595e-01,5.621987863235107241e-01,5.632767677404497686e-01,5.643322161123264236e-01,5.653633514791374104e-01,5.663684455167685705e-01,5.673458071945597370e-01,5.682937424129206327e-01,5.692106214857713953e-01,5.700948562698617827e-01,5.709448747032243032e-01,5.717591313215981685e-01,5.725361849453745045e-01,5.732745556168675760e-01,5.739728717926338986e-01,5.746297295785853798e-01,5.752438549610380258e-01,5.758139361884930807e-01,5.763387840478799706e-01,5.768172039690940833e-01,5.772480721550078409e-01,5.776302848043455285e-01,5.779628391179327807e-01,5.782447237146919328e-01,5.784750260005354638e-01,5.786528582874210791e-01,5.787774062273299824e-01,5.788478783035528874e-01,5.788635757238151935e-01,5.788238473246672955e-01,5.787280599012900595e-01,5.785756815599616409e-01,5.783662349137861369e-01,5.780993010128415710e-01,5.777744835959929270e-01,5.773915013301825772e-01,5.769501118244495519e-01,5.764501352369687526e-01,5.758914506669645661e-01,5.752740259826444325e-01,5.745978604910234600e-01,5.738630567489896306e-01,5.730697629461076748e-01,5.722182068187651183e-01,5.713086729968669397e-01,5.703415232253283840e-01,5.693171972780485257e-01,5.682362052733597180e-01,5.670991410771538677e-01,5.659066278674562689e-01,5.646594181148313352e-01,5.633583071050440871e-01,5.620041718836471523e-01,5.605979719039150266e-01,5.591407436041196943e-01,5.576335770092001320e-01,5.560776689347679547e-01,5.544742990046196418e-01,5.528247748619530277e-01,5.511305388929961246e-01,5.493930874652734886e-01,5.476139720522733567e-01,5.457948531155344396e-01,5.439374710438991123e-01,5.420436091612108598e-01,5.401151559867473084e-01,5.381540607521081432e-01,5.361623528736578770e-01,5.341421396424225199e-01,5.320955914663876296e-01,5.300249460910458899e-01,5.279325206596295894e-01,5.258207087906664468e-01,5.236919427785803327e-01,5.215487423129193667e-01,5.193936829216611040e-01,5.172294037795556187e-01,5.150586064141583487e-01,5.128840168430717217e-01,5.107084677163825637e-01,5.085348035968234592e-01,5.063659227866543766e-01,5.042047890377355790e-01,5.020543442972011938e-01,4.999176779940237014e-01,4.977978237052128052e-01,4.956978725591394408e-01,4.936209451988059493e-01,4.915701835426308786e-01,4.895487521541453946e-01,4.875598288574150008e-01,4.856065918050328500e-01,4.836922619533692291e-01,4.818200078758716476e-01,4.799930235659753963e-01,4.782145087143414020e-01,4.764876118045424658e-01,4.748155063983979796e-01,4.732013075090367726e-01,4.716481157709250249e-01,4.701590013870084461e-01,4.687369846781285765e-01,4.673850574763404597e-01,4.661061418842244453e-01,4.649031136633980377e-01,4.637787924180771792e-01,4.627359131224112465e-01,4.617771667898875609e-01,4.609051476949838633e-01,4.601223490856072851e-01,4.594312295088609499e-01,4.588340930386556327e-01,4.583331749241778552e-01,4.579306001509110269e-01,4.576283739489024338e-01,4.574284130807212967e-01,4.573324819859945212e-01,4.573422189687788575e-01,4.574591708803213419e-01,4.576846940734837221e-01,4.580200511104928207e-01,4.584663387325171868e-01,4.590245058301484216e-01,4.596953485704088349e-01,4.604795116463443194e-01,4.613774635277168579e-01,4.623895482297216142e-01,4.635158956839242061e-01,4.647565093087879240e-01,4.661111567341225670e-01,4.675795053207644214e-01,4.691610060264488902e-01,4.708549234154855712e-01,4.726603724752072577e-01,4.745762531839164966e-01,4.766012986494072567e-01,4.787340714065260183e-01,4.809729089283117376e-01,4.833160292488709597e-01,4.857614038899574771e-01,4.883068412454980023e-01,4.909499916004903541e-01,4.936883031734451976e-01,4.965190356185200660e-01,4.994392961076880577e-01,5.024459867228611154e-01,5.055358975709594027e-01,5.087055557686085416e-01,5.119514030272924732e-01,5.152696991078014044e-01,5.186565097377680011e-01,5.221077972372006881e-01,5.256193448263256629e-01,5.291867978141611140e-01,5.328056834550201071e-01,5.364713609398820138e-01,5.401790898273679531e-01,5.439239814150337304e-01,5.477010805638111712e-01,5.515052759485926659e-01,5.553313975973236394e-01,5.591741530536418203e-01,5.630281724996245574e-01,5.668880285384133577e-01,5.707482194649975416e-01,5.746031341464568065e-01,5.784471872833530925e-01,5.822747064455995325e-01,5.860800045523572033e-01,5.898573338923951415e-01,5.936009830970128132e-01,5.973052106281115936e-01,6.009642691269434511e-01,6.045724255989144424e-01,6.081240079255403330e-01,6.116133104593716174e-01,6.150347386773363789e-01,6.183826898884845491e-01,6.216516777959791851e-01,6.248362438385779427e-01,6.279310325264264581e-01,6.309307662396506089e-01,6.338303060429606450e-01,6.366245457817757414e-01,6.393086006706049096e-01,6.418776157387100501e-01,6.443269330962189123e-01,6.466520329101994591e-01,6.488485427026844388e-01,6.509122416561327062e-01,6.528391113702229909e-01,6.546252692017836550e-01,6.562670733031598092e-01,6.577610370312431121e-01,6.591039004437811988e-01,6.602925740649309150e-01,6.613242253108018165e-01,6.621962439346339435e-01,6.629062225656332519e-01,6.634519954237830808e-01,6.638316279363211114e-01,6.640434496712863677e-01,6.640860250441688040e-01,6.639581610544333934e-01,6.636589428907220256e-01,6.631876754752084047e-01,6.625439744838097500e-01,6.617276603841131255e-01,6.607388634479923750e-01,6.595779670621186863e-01,6.582456122802270437e-01,6.567427036441337851e-01,6.550704369311098896e-01,6.532302373452283373e-01,6.512238117674116200e-01,6.490531298141655192e-01,6.467204317550369064e-01,6.442282077364775983e-01,6.415791799739811729e-01,6.387763314458484443e-01,6.358229493082273587e-01,6.327224821236360208e-01,6.294786481100936859e-01,6.260954128272744335e-01,6.225769466423841658e-01,6.189276523255874407e-01,6.151521411817749696e-01,6.112552293862958397e-01,6.072419440546843461e-01,6.031174865572610511e-01,5.988872495791560668e-01,5.945568058733787797e-01,5.901318950324448975e-01,5.856183909352610240e-01,5.810223407705616960e-01,5.763499184879120607e-01,5.716074180636975255e-01,5.668012787373170047e-01,5.619380028178746489e-01,5.570242334128512329e-01,5.520666601841311971e-01,5.470720589024302694e-01,5.420472794777403402e-01,5.369992284165618912e-01,5.319348186031112036e-01,5.268610271505164144e-01,5.217848228826724721e-01,5.167131903845597618e-01,5.116531142987522651e-01,5.066115365616110644e-01,5.015954013235253139e-01,4.966115851847406892e-01,4.916669214874997973e-01,4.867681956319457881e-01,4.819220832158752077e-01,4.771351882732651761e-01,4.724140368617480434e-01,4.677650043183201878e-01,4.631944028769983124e-01,4.587083610431066383e-01,4.543128811983070947e-01,4.500138387261237716e-01,4.458169263115741021e-01,4.417276848722056504e-01,4.377514685483302470e-01,4.338934378069769227e-01,4.301585598500347052e-01,4.265516253454292306e-01,4.230771829984834587e-01,4.197395517037052493e-01,4.165428898335756247e-01,4.134910571789465750e-01,4.105877018077399021e-01,4.078362539938770182e-01,4.052398579099228404e-01,4.028014289725249664e-01,4.005236170977374832e-01,3.984088115971476385e-01,3.964591512626928771e-01,3.946764828437199779e-01,3.930624193922407361e-01,3.916182903517138048e-01,3.903451558877563121e-01,3.892437877704892912e-01,3.883147025265932251e-01,3.875581564044300320e-01,3.869741195241935827e-01,3.865622813517889944e-01,3.863220835455452029e-01,3.862527106138618493e-01,3.863530627849188215e-01,3.866217945400613476e-01,3.870572883449396873e-01,3.876576894964412490e-01,3.884208999281654195e-01,3.893445739051074606e-01,3.904261150918161283e-01,3.916627196840324343e-01,3.930513416469726407e-01,3.945887208784398803e-01,3.962713961496091009e-01,3.980956924748502157e-01,4.000577253777873321e-01,4.021534680967590591e-01,4.043786508664146684e-01,4.067288829866093636e-01,4.091995727615007072e-01,4.117860026168604359e-01,4.144833172614958983e-01,4.172864688039647496e-01,4.201903581228364493e-01,4.231897270649702114e-01,4.262792104087201883e-01,4.294533675841936127e-01,4.327066556973535594e-01,4.360334803967261252e-01,4.394281408937402711e-01,4.428849294924779856e-01,4.463980376511526571e-01,4.499617025878083765e-01,4.535700475637398088e-01
1.988919892395110967e-01,2.010129712460857754e-01,2.031730080907912517e-01,2.053695798007432738e-01,2.076001144946387766e-01,2.098619893262081981e-01,2.121525463128747513e-01,2.144690671602337007e-01,2.168088045042149692e-01,2.191689729325504987e-01,2.215467397591972809e-01,2.239392615454363078e-01,2.263436668907813087e-01,2.287570518997278368e-01,2.311764975829839752e-01,2.335990857678798827e-01,2.360218739837608160e-01,2.384419078014465010e-01,2.408562552423221259e-01,2.432619676895266259e-01,2.456561124379345040e-01,2.480357692980445228e-01,2.503980198414249569e-01,2.527399943863312126e-01,2.550588272370633569e-01,2.573516858858985734e-01,2.596157693929392885e-01,2.618483268845516188e-01,2.640466348628937032e-01,2.662080242475265979e-01,2.683298842424448605e-01,2.704096456285863259e-01,2.724447945075674782e-01,2.744329140768373976e-01,2.763716094231705167e-01,2.782585982454783280e-01,2.800916460365480143e-01,2.818686014362182246e-01,2.835874155548787079e-01,2.852461035788240729e-01,2.868427824647069579e-01,2.883756608025212498e-01,2.898430411196917800e-01,2.912433230367836856e-01,2.925750206318259994e-01,2.938367381585744176e-01,2.950271993976890661e-01,2.961452294663226570e-01,2.971897754785948753e-01,2.981598945042223114e-01,2.990547519650202934e-01,2.998736551766176262e-01,3.006159930632851807e-01,3.012813139221600656e-01,3.018692738569134781e-01,3.023796348983322502e-01,3.028123095435891754e-01,3.031673258308491548e-01,3.034448290914035229e-01,3.036450900672514885e-01,3.037685233897753911e-01,3.038156260229940564e-01,3.037870721906866800e-01,3.036836155094391754e-01,3.035061440651400377e-01,3.032556831741585190e-01,3.029333552458154388e-01,3.025404228066679302e-01,3.020782201401329692e-01,3.015482491139521160e-01,3.009520938944125201e-01,3.002914361012266609e-01,2.995680917671405541e-01,2.987839563192993264e-01,2.979410481841109903e-01,2.970414564003280300e-01,2.960873835346447547e-01,2.950811085233811526e-01,2.940250062549721322e-01,2.929215083038483880e-01,2.917731670253843612e-01,2.905825674933496527e-01,2.893523866544613354e-01,2.880853523802723859e-01,2.867842629754296380e-01,2.854519639185524871e-01,2.840913468832898525e-01,2.827053566924078165e-01,2.812969664277997217e-01,2.798692034624017388e-01,2.784251013207207914e-01,2.769677251730442991e-01,2.755001576895051429e-01,2.740255016393207121e-01,2.725468530792777289e-01,2.710673199799087940e-01,2.695900070562144424e-01,2.681179876504225512e-01,2.666543473662315034e-01,2.652021487890376950e-01,2.637644101440735356e-01,2.623441204252820458e-01,2.609442464529426187e-01,2.595677080372578716e-01,2.582173692472436999e-01,2.568960428651118622e-01,2.556064854716032508e-01,2.543513935973896745e-01,2.531334037011904181e-01,2.519550424626312846e-01,2.508188127811171730e-01,2.497270941247848597e-01,2.486821969338891269e-01,2.476863392266527297e-01,2.467416465071934073e-01,2.458501388959521416e-01,2.450137437141663710e-01,2.442342709318437999e-01,2.435134368578611708e-01,2.428528368429859197e-01,2.422539547273832861e-01,2.417181508646894517e-01,2.412466707547767375e-01,2.408406456731975731e-01,2.405010621229363432e-01,2.402288120668190918e-01,2.400246324329084469e-01,2.398891326548698855e-01,2.398228209044280801e-01,2.398260431936326265e-01,2.398990382251772746e-01,2.400418986292810752e-01,2.402545872108624303e-01,2.405369470980933400e-01,2.408886824001327531e-01,2.413093649017296338e-01,2.417984561937885912e-01,2.423552641606510627e-01,2.429789876793990444e-01,2.436687015472152606e-01,2.444233495974248993e-01,2.452417577200627641e-01,2.461226482241249125e-01,2.470646057465512579e-01,2.480661244005055721e-01,2.491255711429526121e-01,2.502412198866536541e-01,2.514112387527822623e-01,2.526336860385836047e-01,2.539065489975857459e-01,2.552276991123932359e-01,2.565949353115703491e-01,2.580059700766922370e-01,2.594584430213123238e-01,2.609499084991064310e-01,2.624778710930001924e-01,2.640397528071611877e-01,2.656329193902721153e-01,2.672547039920806222e-01,2.689023621505106654e-01,2.705731278781082216e-01,2.722642000563411102e-01,2.739727172540561417e-01,2.756958156701143081e-01,2.774306133907082916e-01,2.791741967285013559e-01,2.809236564586679030e-01,2.826760647652030167e-01,2.844285071275824417e-01,2.861780666154103425e-01,2.879218452946911144e-01,2.896569615275293441e-01,2.913805536948766428e-01,2.930897946886145689e-01,2.947818813683690253e-01,2.964540612510472295e-01,2.981036187362161027e-01,2.997278898667058988e-01,3.013242631608180622e-01,3.028901870367702864e-01,3.044231770331851106e-01,3.059208197192897494e-01,3.073807529817394468e-01,3.088007225436489867e-01,3.101785367454100162e-01,3.115120889465714527e-01,3.127993655877807644e-01,3.140384443845654627e-01,3.152275084114045667e-01,3.163648145099354769e-01,3.174487511267621853e-01,3.184777919916357836e-01,3.194505239761528670e-01,3.203656342888821507e-01,3.212219450292760348e-01,3.220183636629965762e-01,3.227539350255986261e-01,3.234278074110508716e-01,3.240392477458611808e-01,3.245876477797803306e-01,3.250725169548978610e-01,3.254934816859639812e-01,3.258502985714653577e-01,3.261428151853123514e-01,3.263710330019863326e-01,3.265350613502224775e-01,3.266351229208176443e-01,3.266715640740893711e-01,3.266448472479883125e-01,3.265555391503017768e-01,3.264043414243840702e-01,3.261920534808910865e-01,3.259195863592125875e-01,3.255879603536435130e-01,3.251982989721040052e-01,3.247518396621644210e-01,3.242499048722344845e-01,3.236939212579163505e-01,3.230854130188752782e-01,3.224259826639909732e-01,3.217173369324057841e-01,3.209612484718973313e-01,3.201595822046098827e-01,3.193142811867081821e-01,3.184273510677733121e-01,3.175008618538501803e-01,3.165369650822076886e-01,3.155378433111439285e-01,3.145057683030929585e-01,3.134430384867267216e-01,3.123520133704358326e-01,3.112350565562978510e-01,3.100946204524641647e-01,3.089331477721829478e-01,3.077531373625611022e-01,3.065570869661747855e-01,3.053475203976382946e-01,3.041269712141336790e-01,3.028979880417285164e-01,3.016631132163304363e-01,3.004248806554493667e-01,2.991858448519966185e-01,2.979485089855044566e-01,2.967153914234688106e-01,2.954889757397967109e-01,2.942717082123283423e-01,2.930660399894277068e-01,2.918743487037627760e-01,2.906989992885324336e-01,2.895422914895955935e-01,2.884065042652154132e-01,2.872938421406731058e-01,2.862064599284075417e-01,2.851464628500411380e-01,2.841158861894886867e-01,2.831166918696039203e-01,2.821507957083567719e-01,2.812200054221298262e-01,2.803260863131621927e-01,2.794707261101244677e-01,2.786554918531713443e-01,2.778819017039863559e-01,2.771513791105048585e-01,2.764652600609636135e-01,2.758247916439314218e-01,2.752311255100301501e-01,2.746853168598402117e-01,2.741883263428065987e-01,2.737410349304666979e-01,2.733442056213223892e-01,2.729985104509075056e-01,2.727045232264565522e-01,2.724627158210330968e-01,2.722734642268200833e-01,2.721370291457268498e-01,2.720535999364834256e-01,2.720232419474790109e-01,2.720459362923691726e-01,2.721215455064881494e-01,2.722498547158437310e-01,2.724305438492737874e-01,2.726631911353143978e-01,2.729472939460890757e-01,2.732822314342284176e-01,2.736673165745136527e-01,2.741017535520391402e-01,2.745846717549882410e-01,2.751151188237351275e-01,2.756920284208492777e-01,2.763142672711859649e-01,2.769806400157950876e-01,2.776898466406283461e-01,2.784405375080185041e-01,2.792312605093154598e-01,2.800605279100631395e-01,2.809267556619517436e-01,2.818283116871649341e-01,2.827634990007116822e-01,2.837305733839151634e-01,2.847277136493666094e-01,2.857530694839095498e-01,2.868047340530964773e-01,2.878807464932967020e-01,2.889791274847121616e-01,2.900978391611951923e-01,2.912348230655134596e-01,2.923879784660716741e-01,2.935551914424955333e-01,2.947343027525559656e-01,2.959231474914629789e-01,2.971195553666114986e-01,2.983213188014465778e-01,2.995262290843354047e-01,3.007320841578723369e-01,3.019366478977313917e-01,3.031377197050861283e-01,3.043330791256683709e-01,3.055205256050059770e-01,3.066978642637073205e-01,3.078628988905545705e-01,3.090134793380483469e-01,3.101474471598917315e-01,3.112626803341376758e-01,3.123570852472807302e-01,3.134285797040969324e-01,3.144751342553087636e-01,3.154947359234284154e-01,3.164854232881623153e-01,3.174452529671121237e-01,3.183723502028930064e-01,3.192648506532079766e-01,3.201209733236078936e-01,3.209389541055200912e-01,3.217170923513809622e-01,3.224537444632211702e-01,3.231473045783184173e-01,3.237962526624528214e-01,3.243990842315984668e-01,3.249543911504765847e-01,3.254608079614477734e-01,3.259170364844196643e-01,3.263218427218649298e-01,3.266740366284054398e-01,3.269725410059629578e-01,3.272162924712112009e-01,3.274043299183377331e-01,3.275357527511509881e-01,3.276097170416811255e-01,3.276254570854743031e-01,3.275822881568797307e-01,3.274795783678526306e-01,3.273167902865499190e-01,3.270934145312325292e-01,3.268090664011276680e-01,3.264633967296993733e-01,3.260561378734803117e-01,3.255871037653331190e-01,3.250561542550531313e-01,3.244632449011807251e-01,3.238083963171488611e-01,3.230916890557009591e-01,3.223132834947681213e-01,3.214734089352109803e-01,3.205723698762058538e-01,3.196105256729501742e-01,3.185882973064804169e-01,3.175062037606841692e-01,3.163648007044618793e-01,3.151647192860100866e-01,3.139066545616429060e-01,3.125913787508363684e-01,3.112196919313809373e-01,3.097924917731620376e-01,3.083107226061694295e-01,3.067753759122299195e-01,3.051875329326635966e-01,3.035482893928255765e-01,3.018588348190172632e-01,3.001203839734662981e-01,2.983342410869633810e-01,2.965017172971239345e-01,2.946242090633751087e-01,2.927031497169058638e-01,2.907400139193347388e-01,2.887363387865415909e-01,2.866936900444758685e-01,2.846136905114395876e-01,2.824979999865183111e-01,2.803483123169538405e-01,2.781663643513637707e-01,2.759539439611555234e-01,2.737128543689192339e-01,2.714449458458379483e-01,2.691520987220177297e-01,2.668362200311997778e-01,2.644992559944220334e-01,2.621431690067332343e-01,2.597699635541703689e-01,2.573816471557275332e-01,2.549802734806198012e-01,2.525679025908232345e-01,2.501466230060323537e-01,2.477185172150749570e-01,2.452857271898667424e-01,2.428503639393046198e-01,2.404145890457646539e-01,2.379805489666886875e-01,2.355504052471839027e-01,2.331263258852923903e-01,2.307104961499295837e-01,2.283050892839430801e-01,2.259122809786384689e-01,2.235342550267684081e-01,2.211731927862301550e-01,2.188312513884675403e-01,2.165106158230168387e-01,2.142134302195904672e-01,2.119418424564115111e-01,2.096979912905229393e-01,2.074839909460745313e-01,2.053019520323230429e-01,2.031539501064641151e-01,2.010420574632537094e-01,1.989683147832181365e-01,1.969347261728214837e-01,1.949432947016765394e-01,1.929959754299406527e-01
8.715049095777758215e-01,8.719232765066883273e-01,8.723487108429128778e-01,8.727778679300592923e-01,8.732073190576928878e-01,8.736336498384743576e-01,8.740534068438757798e-01,8.744630326799096576e-01,8.748591084430751286e-01,8.752380692676595686e-01,8.755964914018917744e-01,8.759308936059524431e-01,8.762378543818235554e-01,8.765139950141545011e-01,8.767560023971674443e-01,8.769606176074029591e-01,8.771246586660872424e-01,8.772450306594644642e-01,8.773187156893811345e-01,8.773428299522965101e-01,8.773146145703719645e-01,8.772313712071462266e-01,8.770905880899141360e-01,8.768898910312714623e-01,8.766270215997954418e-01,8.762999122199559565e-01,8.759066240842575679e-01,8.754454203919110888e-01,8.749147353713345732e-01,8.743131751292386733e-01,8.736395137129129296e-01,8.728927837383183563e-01,8.720721465744546430e-01,8.711770038628842139e-01,8.702069525393616445e-01,8.691618200420200280e-01,8.680415999868960064e-01,8.668465480068363593e-01,8.655771087858501467e-01,8.642339322149633629e-01,8.628179300238104643e-01,8.613301991992250439e-01,8.597720388658587343e-01,8.581449945814880742e-01,8.564508200820994954e-01,8.546914567089362036e-01,8.528690620358202468e-01,8.509860159689358605e-01,8.490448916869481888e-01,8.470484402812508140e-01,8.449996113555860999e-01,8.429015853149350868e-01,8.407576103633076503e-01,8.385712476594124887e-01,8.363460887382108133e-01,8.340859609468467273e-01,8.317948861501576197e-01,8.294769003917354944e-01,8.271362588089390400e-01,8.247773143767492821e-01,8.224045610721631983e-01,8.200225519562581722e-01,8.176359809425821634e-01,8.152495797462745442e-01,8.128681876584896715e-01,8.104966781317151092e-01,8.081400168253416449e-01,8.058031565957578524e-01,8.034911188857651876e-01,8.012089153134670516e-01,7.989615856337367594e-01,7.967541137096040282e-01,7.945915587703228367e-01,7.924788350310995044e-01,7.904209180370409538e-01,7.884226474368551951e-01,7.864888266740124312e-01,7.846241871570919235e-01,7.828333983075910218e-01,7.811209528637238497e-01,7.794913151133306961e-01,7.779487824942390439e-01,7.764975255518906661e-01,7.751415690807671455e-01,7.738847603904701611e-01,7.727308643292968293e-01,7.716833884818987688e-01,7.707457127620926940e-01,7.699209909088219339e-01,7.692121801758718957e-01,7.686220809434810564e-01,7.681531968818151590e-01,7.678078928092912925e-01,7.675882247052351337e-01,7.674961248176653816e-01,7.675331855610303400e-01,7.677008285607540561e-01,7.680001404526183295e-01,7.684320807730057323e-01,7.689972162361979890e-01,7.696959794283551037e-01,7.705284598579846822e-01,7.714945229655273407e-01,7.725937964082926213e-01,7.738255947823620140e-01,7.751890041372331286e-01,7.766828176853455279e-01,7.783056199314468682e-01,7.800557290645180331e-01,7.819311444954706314e-01,7.839297139044149043e-01,7.860489771436074413e-01,7.882862320253809507e-01,7.906385486617942826e-01,7.931027897245108704e-01,7.956755419904645299e-01,7.983532333247503887e-01,8.011319979209037268e-01,8.040078662893870298e-01,8.069765894910096993e-01,8.100337658342828817e-01,8.131748174696711295e-01,8.163949793333281635e-01,8.196893230046626844e-01,8.230527877609299381e-01,8.264801458897638176e-01,8.299660786318958650e-01,8.335051165894136194e-01,8.370916862034550876e-01,8.407201049820522964e-01,8.443846274922399697e-01,8.480794149530654913e-01,8.517986149971715770e-01,8.555362451944032998e-01,8.592863255283081925e-01,8.630428829301745042e-01,8.667998663404813398e-01,8.705512433759173829e-01,8.742910246647820349e-01,8.780132184170028609e-01,8.817118297903785429e-01,8.853809857414998152e-01,8.890148224789014009e-01,8.926075266665367547e-01,8.961534243206727979e-01,8.996468829667826350e-01,9.030823959719423977e-01,9.064545519650906158e-01,9.097580789108826727e-01,9.129878346440690740e-01,9.161388111653206989e-01,9.192061637362073379e-01,9.221852039634265141e-01,9.250714053902577838e-01,9.278604221820587750e-01,9.305481116707698952e-01,9.331305017922377765e-01,9.356038336319483228e-01,9.379645220377974546e-01,9.402092678463673803e-01,9.423348939035528504e-01,9.443385134064122832e-01,9.462174452289988658e-01,9.479692197281781585e-01,9.495916201593811445e-01,9.510826595820739415e-01,9.524405799682215124e-01,9.536639145650149807e-01,9.547513310398350050e-01,9.557018545940093590e-01,9.565146464645079005e-01,9.571892025641901558e-01,9.577251798636536861e-01,9.581225114450018232e-01,9.583813679555084342e-01,9.585021332152569018e-01,9.584854479335964683e-01,9.583321360960801449e-01,9.580432831637054614e-01,9.576201581736828450e-01,9.570642559716088238e-01,9.563772876873783968e-01,9.555611497042260094e-01,9.546179662946749911e-01,9.535499590675962089e-01,9.523596578217844444e-01,9.510496477512004887e-01,9.496227522024297540e-01,9.480819176507384594e-01,9.464302408008653522e-01,9.446709630354956921e-01,9.428074933612736741e-01,9.408432792577534620e-01,9.387819791193061647e-01,9.366272641344957073e-01,9.343829451541130204e-01,9.320529416259131228e-01,9.296411780634386002e-01,9.271517240087367995e-01,9.245886491367039106e-01,9.219560786231649763e-01,9.192581779940469655e-01,9.164991547213362511e-01,9.136832237619286756e-01,9.108145756697322293e-01,9.078974289269382547e-01,9.049360174176689364e-01,9.019344936595063977e-01,8.988970384086760745e-01,8.958277241813945579e-01,8.927306617532537736e-01,8.896098785472316139e-01,8.864692590823769480e-01,8.833127296753268132e-01,8.801441079548808499e-01,8.769671000493768354e-01,8.737853179805150639e-01,8.706023067231476453e-01,8.674214859687601198e-01,8.642461927345604922e-01,8.610796008523742273e-01,8.579248271533091996e-01,8.547848142120235693e-01,8.516624180514722475e-01,8.485603106858650158e-01,8.454810801381840157e-01,8.424271786497351533e-01,8.394008851790105696e-01,8.364043290339580050e-01,8.334395611562515072e-01,8.305084452455062660e-01,8.276126810807770129e-01,8.247538912863292548e-01,8.219334928685956276e-01,8.191527819422432799e-01,8.164129486181892492e-01,8.137149840494493080e-01,8.110597573263464977e-01,8.084480419816683083e-01,8.058804583217414885e-01,8.033574742141931235e-01,8.008794683167220763e-01,7.984466784331653022e-01,7.960592042403777935e-01,7.937171100046053196e-01,7.914202577064313182e-01,7.891684465851682706e-01,7.869614119100405425e-01,7.847987374787049886e-01,7.826799714578328571e-01,7.806045487381381154e-01,7.785718256287171846e-01,7.765811248098885011e-01,7.746317177079208305e-01,7.727227336155728654e-01,7.708533502430029438e-01,7.690226647866054144e-01,7.672297399712775245e-01,7.654735923978747136e-01,7.637532777113889004e-01,7.620677575029310979e-01,7.604160543057590926e-01,7.587971656504695073e-01,7.572100666575530825e-01,7.556537553724066436e-01,7.541273255001256226e-01,7.526297746804589961e-01,7.511602039800012731e-01,7.497177380897737109e-01,7.483015277111397801e-01,7.469108184874709844e-01,7.455448321817463864e-01,7.442029246333503600e-01,7.428844533609388900e-01,7.415888950156633852e-01,7.403157397972139897e-01,7.390646206684646780e-01,7.378352059191388701e-01,7.366272115798659925e-01,7.354405356973223729e-01,7.342750505407092954e-01,7.331308162077329049e-01,7.320078984149870349e-01,7.309065293078347292e-01,7.298269748301845494e-01,7.287696108405373741e-01,7.277349388759666304e-01,7.267235228206131437e-01,7.257359851609854751e-01,7.247731171256137639e-01,7.238357360011723474e-01,7.229248058734295546e-01,7.220412969308650508e-01,7.211863440573802464e-01,7.203611002200505098e-01,7.195668528557689347e-01,7.188049127604904109e-01,7.180767003034204121e-01,7.173836766814289945e-01,7.167273785403657227e-01,7.161093836035781202e-01,7.155313600320496459e-01,7.149949761012796001e-01,7.145019690674530022e-01,7.140541147518706389e-01,7.136532090086946667e-01,7.133010467623083217e-01,7.129994978696728714e-01,7.127504031528348882e-01,7.125556106808750290e-01,7.124169981543504448e-01,7.123363601323302596e-01,7.123155632628790368e-01,7.123564135247203444e-01,7.124606679718216151e-01,7.126300762507983277e-01,7.128663255176077573e-01,7.131710603995915498e-01,7.135458920797040916e-01,7.139923039556186346e-01,7.145117742012988549e-01,7.151056836621624280e-01,7.157753201062381221e-01,7.165218691413649532e-01,7.173464314346920112e-01,7.182500526155400911e-01,7.192335911257862202e-01,7.202978302734934779e-01,7.214434526270292469e-01,7.226709793930777836e-01,7.239808512480009339e-01,7.253733137230428119e-01,7.268485375205452348e-01,7.284065242319869293e-01,7.300471388016606111e-01,7.317700768085453333e-01,7.335749509705330462e-01,7.354611338918755070e-01,7.374279207039134976e-01,7.394744124669293539e-01,7.415995787243313542e-01,7.438022075184691495e-01,7.460809519041464721e-01,7.484342873236045079e-01,7.508605892489923495e-01,7.533580060697172565e-01,7.559245830985906744e-01,7.585582248485073231e-01,7.612566345182587568e-01,7.640174226523069878e-01,7.668380292782669416e-01,7.697157747559785212e-01,7.726478364955445821e-01,7.756312550441915032e-01,7.786629713941414233e-01,7.817397883505082801e-01,7.848583973745170139e-01,7.880153678601530265e-01,7.912072259647244810e-01,7.944302881485407752e-01,7.976809155621958913e-01,8.009553174539117970e-01,8.042496219757200304e-01,8.075599158092998664e-01,8.108822365798481480e-01,8.142125309631076391e-01,8.175467206531706887e-01,8.208807419045885956e-01,8.242104461712440600e-01,8.275316776430983179e-01,8.308402825268879077e-01,8.341321376224272166e-01,8.374030681512957264e-01,8.406490056633107999e-01,8.438657856117770528e-01,8.470494175486932287e-01,8.501958767748871715e-01,8.533011931729302946e-01,8.563614921843405448e-01,8.593729662754430176e-01,8.623318853174979370e-01,8.652345995358531328e-01,8.680775607149883166e-01,8.708573477990657619e-01,8.735706124425515195e-01,8.762141714115514457e-01,8.787849499587393476e-01,8.812800300716767676e-01,8.836965923473277806e-01,8.860320031523177819e-01,8.882837633929686616e-01,8.904495825837395184e-01,8.925272518959403989e-01,8.945148139513895424e-01,8.964104619774967420e-01,8.982125540444867440e-01,8.999196120780816877e-01,9.015304346732668783e-01,9.030439060629606995e-01,9.044591666607929570e-01,9.057755356082582976e-01,9.069925138299643752e-01,9.081098093013392214e-01,9.091273468286472648e-01,9.100451996479705929e-01,9.108637029991019096e-01,9.115833261090057205e-01,9.122047741257799380e-01,9.127289156167490702e-01,9.131568507391832901e-01,9.134897952909812879e-01,9.137292398209081457e-01,9.138767677507152465e-01,9.139341955730495570e-01,9.139034848431697444e-01,9.137868002962852287e-01,9.135864048797966985e-01,9.133047318599781805e-01,9.129444227738349182e-01,9.125081880974502679e-01,9.119988960715613713e-01,9.114195697722367040e-01,9.107733071651685774e-01,9.100633120187106018e-01,9.092929517398641304e-01,9.084656414656566703e-01,9.075848553968475230e-01
4.110422307556041432e-01,4.108479718446163553e-01,4.107432462687540808e-01,4.107262190777927202e-01,4.107950281969205419e-01,4.109477055643500631e-01,4.111821845782968610e-01,4.114963200597101523e-01,4.118878814981662972e-01,4.123545828046296657e-01,4.128940419852958899e-01,4.135038611182230150e-01,4.141815532572341585e-01,4.149246056251997272e-01,4.157304638644381822e-01,4.165965170083321123e-01,4.175201581198909606e-01,4.184987260178324453e-01,4.195295693031866335e-01,4.206100122634580663e-01,4.217373980340521356e-01,4.229090249151761793e-01,4.241222456546994146e-01,4.253744155457976905e-01,4.266628861961017094e-01,4.279850780021199341e-01,4.293383949474617323e-01,4.307203041514993669e-01,4.321283172834581854e-01,4.335599665358082500e-01,4.350128679927600106e-01,4.364846678766866606e-01,4.379730864905026499e-01,4.394758899250919559e-01,4.409909211526525930e-01,4.425161019584145095e-01,4.440494140452429517e-01,4.455889308152501394e-01,4.471327990227239035e-01,4.486792392889581982e-01,4.502265682813264003e-01,4.517731763488695984e-01,4.533175492293204933e-01,4.548582824158921012e-01,4.563940402615138114e-01,4.579235763543158533e-01,4.594457400860338381e-01,4.609594730229417681e-01,4.624638223435602047e-01,4.639579243977252077e-01,4.654409790891596010e-01,4.669123199518845913e-01,4.683713308860706359e-01,4.698175232810437030e-01,4.712504602662050956e-01,4.726697983501690348e-01,4.740753071820160147e-01,4.754667859910993721e-01,4.768441590443348033e-01,4.782073987568938311e-01,4.795565518525925497e-01,4.808917424781833372e-01,4.822131669527212061e-01,4.835210510719366583e-01,4.848157246984663993e-01,4.860975289377996722e-01,4.873668859025389044e-01,4.886242535452637314e-01,4.898701269627256383e-01,4.911050479337104036e-01,4.923295778621710195e-01,4.935443275860946222e-01,4.947499030025792610e-01,4.959469742384630120e-01,4.971361736733437287e-01,4.983181766969498327e-01,4.994936657237829536e-01,5.006632944713024225e-01,5.018277505201192978e-01,5.029876883848375391e-01,5.041437674514507306e-01,5.052965946213336945e-01,5.064468120500867920e-01,5.075949878783206914e-01,5.087416631245806897e-01,5.098873860209951481e-01,5.110326164616407763e-01,5.121778036925495048e-01,5.133233350676735807e-01,5.144695525412159576e-01,5.156167645209037698e-01,5.167652173736203558e-01,5.179150489040195149e-01,5.190664042673830414e-01,5.202193604898027735e-01,5.213738694388034833e-01,5.225298806439235832e-01,5.236872335298297099e-01,5.248457148195860844e-01,5.260050292228035662e-01,5.271648396427628391e-01,5.283246752466742580e-01,5.294840440682189175e-01,5.306423662493660043e-01,5.317989700280755239e-01,5.329531352165356450e-01,5.341040375073895508e-01,5.352508124040654680e-01,5.363925026264024787e-01,5.375280802418843651e-01,5.386564556462576370e-01,5.397764787725022329e-01,5.408869086304821661e-01,5.419864876806371745e-01,5.430738383771275268e-01,5.441475659839406509e-01,5.452062185069579403e-01,5.462482860143842434e-01,5.472721986629508484e-01,5.482763649129976935e-01,5.492591327096099096e-01,5.502188463888670888e-01,5.511537558445407381e-01,5.520621369474582041e-01,5.529422493777377268e-01,5.537922767577003746e-01,5.546104446473989480e-01,5.553949299448932564e-01,5.561439284171225683e-01,5.568556244819385936e-01,5.575282303965658492e-01,5.581599068651551532e-01,5.587489117331166932e-01,5.592934656956076722e-01,5.597918366068773688e-01,5.602423062947902155e-01,5.606432247052012263e-01,5.609929434039612195e-01,5.612898984755495535e-01,5.615325568767888242e-01,5.617194073161898560e-01,5.618490687145926143e-01,5.619201751665374722e-01,5.619314475429360023e-01,5.618816610706311998e-01,5.617697156269599867e-01,5.615945358812668431e-01,5.613551647442281967e-01,5.610507460157129200e-01,5.606804854975284691e-01,5.602437129072057598e-01,5.597398435783320636e-01,5.591683993996651170e-01,5.585290056643590351e-01,5.578214183217176103e-01,5.570454589069894213e-01,5.562011218634307363e-01,5.552884637936841283e-01,5.543076736234878732e-01,5.532590720859250633e-01,5.521430872560180170e-01,5.509602455826961842e-01,5.497112567659038218e-01,5.483968699295072025e-01,5.470180065057110852e-01,5.455756841457283235e-01,5.440710722197836802e-01,5.425053864001584403e-01,5.408800466300620613e-01,5.391965168709523804e-01,5.374564273885640286e-01,5.356614453112225060e-01,5.338134606841534735e-01,5.319143541506212713e-01,5.299661539883389061e-01,5.279710177424790096e-01,5.259311510240510801e-01,5.238488780858678862e-01,5.217266100685162833e-01,5.195668472477643629e-01,5.173721423389207041e-01,5.151451542147765794e-01,5.128885916768727293e-01,5.106052608992227571e-01,5.082979849534043915e-01,5.059696819801297041e-01,5.036232915327424342e-01,5.012618288107890674e-01,4.988883184669147264e-01,4.965058362984216545e-01,4.941175006088085464e-01,4.917264100854644160e-01,4.893357200642821647e-01,4.869485822414565956e-01,4.845681536030643777e-01,4.821975832079502533e-01,4.798400374459070306e-01,4.774986325914423180e-01,4.751765078535418740e-01,4.728767495540908694e-01,4.706023856329872301e-01,4.683565170798919541e-01,4.661420738373480699e-01,4.639620102449920624e-01,4.618192153653932763e-01,4.597165184807156524e-01,4.576566777112668905e-01,4.556424003167684478e-01,4.536763179567999682e-01,4.517609472634244172e-01,4.498987862764210477e-01,4.480921976776831017e-01,4.463434840308033724e-01,4.446548089948840765e-01,4.430282952999269330e-01,4.414659405228439915e-01,4.399696172506553093e-01,4.385411271078716311e-01,4.371821206518115011e-01,4.358941814757541500e-01,4.346787443335165535e-01,4.335371327606688530e-01,4.324705734571185345e-01,4.314801315631216494e-01,4.305668079183554431e-01,4.297314304199707502e-01,4.289747506725161696e-01,4.282973503158661321e-01,4.276997155459757449e-01,4.271822253146793091e-01,4.267450924554899161e-01,4.263884737706242767e-01,4.261123460061003176e-01,4.259166241466292302e-01,4.258010271280905923e-01,4.257652612805798986e-01,4.258088371689936480e-01,4.259311953333642653e-01,4.261316942271308750e-01,4.264095193168296327e-01,4.267638074620812572e-01,4.271935960671621180e-01,4.276978069668717075e-01,4.282752736187782627e-01,4.289247978031544561e-01,4.296450143825847889e-01,4.304345259777885846e-01,4.312918685516009543e-01,4.322155016647241110e-01,4.332037979304076969e-01,4.342551006703597172e-01,4.353676937462334640e-01,4.365398039280501963e-01,4.377696015851760825e-01,4.390552368689912277e-01,4.403948071673751685e-01,4.417864116718779322e-01,4.432280722061469058e-01,4.447178459069933698e-01,4.462537288570372351e-01,4.478337548282662062e-01,4.494558980433956408e-01,4.511182036594205136e-01,4.528186270769623545e-01,4.545552070571053371e-01,4.563259777341904244e-01,4.581289935274401870e-01,4.599622978110433080e-01,4.618240230714922290e-01,4.637122792695380635e-01,4.656252312338298172e-01,4.675611048572048123e-01,4.695181165437597448e-01,4.714945648396289268e-01,4.734888017692010509e-01,4.754992017671183513e-01,4.775242343517123733e-01,4.795623982372616556e-01,4.816122564343531809e-01,4.836724303094840360e-01,4.857416028116703921e-01,4.878185479533756475e-01,4.899020795683657337e-01,4.919910714822712805e-01,4.940845171298826055e-01,4.961814041454989943e-01,4.982808559453971720e-01,5.003820327535453139e-01,5.024841608500616452e-01,5.045865664467907852e-01,5.066885982793662979e-01,5.087897181182785555e-01,5.108894263660568313e-01,5.129872991463045873e-01,5.150829641707298512e-01,5.171761403562014081e-01,5.192665745501796604e-01,5.213540858666153577e-01,5.234385538935970583e-01,5.255198902953409634e-01,5.275980793335658392e-01,5.296731452128247142e-01,5.317451559215714552e-01,5.338142081200055733e-01,5.358804448789684649e-01,5.379440629708588384e-01,5.400052417992065035e-01,5.420642115960760954e-01,5.441212678507574285e-01,5.461766260926103067e-01,5.482306172609984207e-01,5.502835039644444759e-01,5.523355928820444793e-01,5.543872052394149819e-01,5.564386158215249845e-01,5.584901291805312029e-01,5.605420027679641759e-01,5.625945309011745055e-01,5.646479367523719040e-01,5.667024336161733400e-01,5.687582179579132591e-01,5.708154461403299740e-01,5.728742306981134957e-01,5.749346555700250994e-01,5.769967558723096968e-01,5.790605247667095501e-01,5.811258993166535936e-01,5.831927554606903819e-01,5.852609159747371725e-01,5.873301493472837809e-01,5.894001604350975754e-01,5.914705767455084029e-01,5.935409576140989740e-01,5.956108129290992315e-01,5.976795493158456596e-01,5.997465363039455877e-01,6.018110339422650945e-01,6.038722228775944556e-01,6.059292549401805728e-01,6.079811413164775136e-01,6.100268424882548945e-01,6.120652530756093279e-01,6.140951683827805541e-01,6.161152960682796387e-01,6.181242898439375244e-01,6.201207186190593745e-01,6.221030506752892597e-01,6.240697122276286368e-01,6.260190414910274948e-01,6.279492875377877814e-01,6.298586628811244648e-01,6.317452932897578144e-01,6.336072200447215863e-01,6.354424753168005369e-01,6.372489767243645353e-01,6.390246219375158576e-01,6.407672632723508954e-01,6.424746719847069798e-01,6.441445701167302085e-01,6.457747021128338316e-01,6.473627071259646648e-01,6.489062377033032458e-01,6.504029141550417004e-01,6.518503013584435735e-01,6.532460069344654396e-01,6.545875605023266930e-01,6.558725654153879647e-01,6.570985473713913949e-01,6.582630955482031698e-01,6.593637858671599350e-01,6.603982020302506806e-01,6.613639637212639366e-01,6.622587411095753884e-01,6.630801997769580902e-01,6.638260785790290885e-01,6.644941210926057495e-01,6.650821703317743028e-01,6.655881192247892209e-01,6.660098902337151516e-01,6.663454957478003315e-01,6.665930536633450920e-01,6.667507297008518075e-01,6.668167503385572514e-01,6.667894965903066185e-01,6.666674114935101647e-01,6.664490125651565400e-01,6.661329909157208684e-01,6.657180877318191747e-01,6.652031777643802046e-01,6.645872769013161374e-01,6.638695073421808646e-01,6.630490959996978573e-01,6.621254430029263061e-01,6.610980519377158693e-01,6.599665827234713067e-01,6.587308220640700762e-01,6.573907233422966456e-01,6.559463166378433074e-01,6.543978789672935115e-01,6.527457629577528841e-01,6.509904637698370466e-01,6.491326851258889530e-01,6.471732453416986219e-01,6.451131243306923446e-01,6.429534271938572854e-01,6.406954347218797308e-01,6.383405774392154619e-01,6.358904376182371587e-01,6.333467139959225722e-01,6.307113005507685166e-01,6.279862004834824152e-01,6.251735788889837275e-01,6.222757036653649987e-01,6.192950540272041948e-01,6.162341481797987131e-01,6.130957117065325424e-01,6.098825415628341684e-01,6.065976050012663601e-01,6.032439542698508905e-01,5.998247561711560483e-01,5.963433154365636035e-01,5.928029763861156765e-01,5.892072665056170555e-01,5.855597364909224112e-01,5.818640553225559175e-01,5.781239787851012446e-01,5.743433097021097833e-01
3.839535367653338360e-01,3.846274823977958723e-01,3.853896729601586912e-01,3.862411404849034335e-01,3.871827495140526820e-01,3.882152358824407790e-01,3.893391543618827111e-01,3.905549392096629990e-01,3.918628379222846569e-01,3.932629570497677696e-01,3.947552254949407979e-01,3.963394430813230174e-01,3.980151990871854673e-01,3.997819577986569950e-01,4.016389918022172378e-01,4.035854327077583736e-01,4.056202134190327047e-01,4.077421395540879456e-01,4.099498281405480893e-01,4.122417412323272634e-01,4.146161603855526567e-01,4.170712471446169634e-01,4.196049531926637211e-01,4.222151231110191638e-01,4.248994131898975457e-01,4.276553227264275336e-01,4.304802487747417805e-01,4.333714012993013509e-01,4.363258535771331603e-01,4.393405597983425781e-01,4.424123301714920076e-01,4.455378526681736395e-01,4.487136654454769724e-01,4.519362485881911473e-01,4.552018884921080200e-01,4.585068279201245378e-01,4.618471838433110821e-01,4.652189863205136167e-01,4.686181413668834006e-01,4.720405277928109156e-01,4.754818902883659049e-01,4.789379459071247402e-01,4.824043378523725778e-01,4.858766294303215605e-01,4.893503637216135571e-01,4.928210312707180796e-01,4.962840825532619515e-01,4.997349335690078886e-01,5.031690203615589718e-01,5.065817198184570103e-01,5.099684165711976247e-01,5.133245226579146170e-01,5.166454221953111769e-01,5.199265517889062327e-01,5.231633564797636415e-01,5.263513213324816364e-01,5.294859588548314067e-01,5.325628644232227593e-01,5.355776383614505587e-01,5.385260120804804540e-01,5.414037185555098386e-01,5.442066175719927346e-01,5.469306394849605679e-01,5.495717970528924967e-01,5.521262327903014855e-01,5.545901697092024962e-01,5.569599380424817836e-01,5.592320113256944447e-01,5.614029761474744751e-01,5.634695598952953466e-01,5.654286153339554977e-01,5.672771393258905226e-01,5.690122894080871241e-01,5.706313541252374666e-01,5.721318158971543388e-01,5.735112917838407487e-01,5.747675680185255764e-01,5.758986149805070953e-01,5.769025615720340117e-01,5.777777415928694316e-01,5.785226474534037600e-01,5.791359641816777870e-01,5.796165439829181754e-01,5.799634768256898276e-01,5.801759982572071150e-01,5.802535508125007402e-01,5.801957817670678752e-01,5.800025375621328250e-01,5.796738134674451759e-01,5.792098710883810675e-01,5.786111165619272079e-01,5.778781689392582521e-01,5.770118668193976452e-01,5.760131875902355647e-01,5.748833546651145321e-01,5.736237499625163050e-01,5.722359631677743641e-01,5.707217647331745969e-01,5.690831178086275255e-01,5.673221562097831017e-01,5.654411909565891792e-01,5.634427301171678337e-01,5.613294273769205978e-01,5.591041214156085015e-01,5.567698099502600417e-01,5.543296566668601821e-01,5.517869701974156271e-01,5.491452090105479744e-01,5.464079894899469547e-01,5.435790486012256340e-01,5.406622774031438761e-01,5.376616780374749993e-01,5.345813873505975700e-01,5.314256463681605869e-01,5.281987977921859256e-01,5.249053261906380108e-01,5.215497763022803879e-01,5.181367882118949053e-01,5.146710914323675556e-01,5.111574972878804024e-01,5.076008684431994045e-01,5.040061442865447772e-01,5.003783151227145787e-01,4.967224044115080006e-01,4.930434938043473103e-01,4.893466980703455316e-01,4.856371209068758854e-01,4.819199398453878902e-01,4.782003012675659082e-01,4.744833705369640442e-01,4.707742797795839151e-01,4.670782102442497807e-01,4.634002557009132550e-01,4.597455360566272131e-01,4.561190920418671801e-01,4.525259601098606810e-01,4.489711129750050267e-01,4.454594596123983563e-01,4.419958653473745058e-01,4.385851198311849219e-01,4.352319385760427539e-01,4.319409471986339621e-01,4.287167058915401507e-01,4.255636496665203827e-01,4.224861334421737280e-01,4.194884182911717274e-01,4.165746334085042579e-01,4.137488073609732475e-01,4.110148338241330634e-01,4.083764878406554444e-01,4.058374221618309963e-01,4.034011458838928643e-01,4.010710305998042013e-01,3.988503012027725947e-01,3.967420306383522277e-01,3.947491684142032664e-01,3.928744808041130798e-01,3.911206017421040015e-01,3.894899695608232681e-01,3.879848938370307199e-01,3.866075234461377463e-01,3.853598017255242536e-01,3.842435356128352519e-01,3.832603738193744447e-01,3.824117654900217045e-01,3.816989767480861717e-01,3.811231432692494536e-01,3.806852096765727667e-01,3.803859159592973271e-01,3.802258807981316324e-01,3.802055074007603119e-01,3.803250443148267768e-01,3.805845558830275865e-01,3.809839624803470493e-01,3.815229710036894262e-01,3.822011592282973380e-01,3.830179012227401536e-01,3.839724293746533679e-01,3.850637941021528565e-01,3.862909198994936011e-01,3.876525163271293817e-01,3.891471848312897941e-01,3.907733451003030378e-01,3.925292664210190408e-01,3.944130750657734441e-01,3.964227644915637727e-01,3.985561590542360255e-01,4.008109639753238418e-01,4.031847485984545454e-01,4.056749386298394988e-01,4.082788457257620074e-01,4.109936562960021522e-01,4.138164317621683130e-01,4.167441344144428572e-01,4.197735852714548077e-01,4.229015348543998520e-01,4.261246119248605635e-01,4.294393623692072670e-01,4.328422019557217615e-01,4.363295468923926723e-01,4.398976230421027811e-01,4.435426534817168420e-01,4.472607615976359474e-01,4.510480174058491554e-01,4.549004048713007342e-01,4.588138758316657184e-01,4.627843143720399288e-01,4.668075616200411670e-01,4.708794375871542814e-01,4.749956824425987656e-01,4.791520371429369152e-01,4.833442152496772448e-01,4.875678741631553348e-01,4.918187032727066588e-01,4.960923503358619646e-01,5.003844587094919971e-01,5.046906694613891853e-01,5.090066406149598155e-01,5.133280101004473739e-01,5.176504501602898767e-01,5.219696605174297677e-01,5.262813140771342990e-01,5.305811587905217008e-01,5.348649519770292127e-01,5.391284776453759697e-01,5.433675711660672647e-01,5.475781093613452111e-01,5.517560131420846670e-01,5.558972562377664239e-01,5.599978538841243747e-01,5.640539031234961254e-01,5.680615430419581058e-01,5.720169828770543807e-01,5.759165042641740673e-01,5.797564655033606851e-01,5.835333116383631946e-01,5.872435097815299487e-01,5.908836952323227587e-01,5.944505255019292278e-01,5.979407577407701568e-01,6.013512489506220859e-01,6.046789489824366814e-01,6.079209067610884532e-01,6.110742515978752065e-01,6.141362440753581620e-01,6.171041990437027280e-01,6.199755998604326024e-01,6.227479800731257065e-01,6.254189979573099301e-01,6.279864485865936929e-01,6.304481915101241007e-01,6.328022579060013086e-01,6.350467320885901934e-01,6.371798662374199562e-01,6.391999847476995678e-01,6.411055547798076848e-01,6.428951789954666651e-01,6.445675247727596924e-01,6.461214398442238771e-01,6.475558666763493454e-01,6.488698585274579322e-01,6.500626061332007710e-01,6.511334281699535653e-01,6.520817252248259921e-01,6.529070752131889144e-01,6.536091423420942181e-01,6.541877147622162658e-01,6.546427060663595476e-01,6.549741812546785447e-01,6.551822579815129721e-01,6.552672418416414235e-01,6.552295078551685359e-01,6.550695844230287612e-01,6.547880964752208488e-01,6.543857922618543377e-01,6.538635229213274336e-01,6.532222785486446748e-01,6.524631196928259991e-01,6.515872850035162589e-01,6.505960595282084258e-01,6.494908432746072657e-01,6.482731673896392488e-01,6.469446726394708636e-01,6.455070527754872556e-01,6.439621491779865536e-01,6.423118907540912303e-01,6.405582721940554780e-01,6.387034314956510084e-01,6.367495610445527143e-01,6.346989391835863303e-01,6.325539571018468088e-01,6.303170497423696839e-01,6.279907696073018242e-01,6.255777454339308541e-01,6.230806339050402043e-01,6.205022179112122949e-01,6.178453130210667110e-01,6.151128126902563054e-01,6.123076808355457645e-01,6.094329125794486490e-01,6.064915902840745110e-01,6.034868287394240527e-01,6.004217767053650068e-01,5.972996538963039059e-01,5.941237253027479293e-01,5.908972668964374009e-01,5.876235930565369969e-01,5.843060463485514333e-01,5.809480342756384585e-01,5.775529277820944385e-01,5.741241475848990472e-01,5.706651040732581004e-01,5.671792674964791781e-01,5.636700487850854202e-01,5.601409228192355538e-01,5.565953067493629725e-01,5.530366594356996846e-01,5.494683666805966205e-01,5.458938743159393869e-01,5.423165685276025716e-01,5.387398051329703730e-01,5.351669368734811583e-01,5.316012705348786005e-01,5.280460905144301886e-01,5.245046141438970411e-01,5.209800563139489471e-01,5.174755493010002594e-01,5.139942010484387369e-01,5.105390393480010447e-01,5.071130561164547412e-01,5.037191819721258401e-01,5.003602530019347627e-01,4.970390750123648838e-01,4.937583414377759716e-01,4.905207084739454659e-01,4.873287168015333903e-01,4.841848581883450020e-01,4.810915159497390903e-01,4.780509825134072188e-01,4.750654775881531511e-01,4.721371270151737964e-01,4.692679114210429048e-01,4.664597725865556321e-01,4.637145165365774147e-01,4.610338690888571289e-01,4.584194148605852948e-01,4.558726591027058017e-01,4.533949799552954296e-01,4.509876584763369278e-01,4.486518441166766902e-01,4.463885913966958441e-01,4.441988245404604463e-01,4.420833516448297584e-01,4.400428676359978142e-01,4.380779412430408359e-01,4.361890328084712110e-01,4.343764714763747592e-01,4.326404866850608322e-01,4.309811684873818827e-01,4.293984831482424713e-01,4.278923125477584466e-01,4.264623836482497321e-01,4.251083226348438826e-01,4.238296411728965096e-01,4.226257243614146564e-01,4.214958506581040765e-01,4.204392054732321027e-01,4.194548301176411198e-01,4.185416857776753652e-01,4.176986058321582873e-01,4.169243372074131759e-01,4.162175334387709369e-01,4.155767208566276683e-01,4.150003374871196193e-01,4.144867621643256173e-01,4.140342566967922244e-01,4.136409818012986017e-01,4.133050611546922881e-01,4.130244968296784558e-01,4.127972557066161285e-01,4.126211976815772342e-01,4.124941369608917663e-01,4.124138356465025801e-01,4.123779719991033099e-01,4.123841965512211050e-01,4.124300880822144855e-01,4.125132072661497618e-01,4.126310589084589142e-01,4.127811210707321155e-01,4.129608384559603218e-01,4.131676479443278094e-01,4.133989392953920095e-01,4.136521176508661801e-01,4.139245654946291930e-01,4.142136724645827939e-01,4.145168061588297981e-01,4.148313907106937481e-01,4.151548183068232700e-01,4.154845057259188290e-01,4.158179228726824883e-01,4.161525519256133454e-01,4.164858765771944360e-01,4.168154935465173128e-01,4.171389697923351125e-01,4.174539811417622426e-01,4.177581981420910306e-01,4.180494177591485561e-01,4.183254589980573979e-01,4.185842144250446761e-01,4.188236517339978260e-01,4.190418288655038959e-01,4.192368829576804679e-01,4.194070320253661666e-01,4.195505737094799015e-01,4.196659247611286281e-01,4.197515703146794674e-01,4.198061448470241652e-01,4.198283359060737130e-01,4.198169731302336949e-01,4.197709627887181161e-01,4.196893706834843862e-01,4.195713497528801850e-01,4.194161709486041167e-01,4.192232359956512555e-01,4.189920584526767300e-01,4.187222940052013342e-01,4.184136989497947989e-01
6.243339732057394675e-01,6.247536471564351102e-01,6.252973941722941298e-01,6.259643545541477838e-01,6.267534962974008472e-01,6.276635517726466551e-01,6.286931099944760293e-01,6.298404633623840843e-01,6.311038001178446155e-01,6.324810633760418188e-01,6.339700413058617645e-01,6.355683106404209637e-01,6.372732524579761693e-01,6.390820914760533267e-01,6.409918694988340215e-01,6.429994560736744802e-01,6.451015476952153271e-01,6.472946721739231135e-01,6.495752213395943331e-01,6.519394428015129472e-01,6.543833910137212273e-01,6.569030455766791121e-01,6.594942433973480789e-01,6.621526323203603681e-01,6.648738469442645460e-01,6.676533498994838833e-01,6.704864934274713528e-01,6.733685954239043703e-01,6.762948397327380734e-01,6.792603482264866210e-01,6.822601809167213593e-01,6.852893514636625438e-01,6.883427916550740600e-01,6.914154227437137035e-01,6.945021070021190068e-01,6.975977308549713429e-01,7.006971429891685199e-01,7.037951579911500000e-01,7.068866306036806213e-01,7.099664228691158208e-01,7.130294429819963309e-01,7.160705833373327556e-01,7.190848205756759093e-01,7.220671760952208640e-01,7.250127072121848038e-01,7.279165603756393432e-01,7.307739788772527056e-01,7.335802518995495625e-01,7.363307915311790852e-01,7.390211001490935017e-01,7.416467841017287954e-01,7.442036030148311276e-01,7.466873995020547605e-01,7.490941779423262448e-01,7.514200695382410311e-01,7.536613722247431646e-01,7.558144903254353508e-01,7.578760327628407678e-01,7.598427742677158481e-01,7.617116551355208598e-01,7.634797596700531042e-01,7.651443698649614822e-01,7.667029663342421753e-01,7.681532170234259826e-01,7.694929666570847759e-01,7.707202663993851788e-01,7.718333758916193776e-01,7.728307255188301417e-01,7.737109632918688362e-01,7.744729602473280350e-01,7.751157795935871286e-01,7.756386655944589315e-01,7.760411140897335303e-01,7.763227848104585771e-01,7.764835923197590528e-01,7.765236056199611436e-01,7.764431407476926061e-01,7.762426847276640007e-01,7.759229277857682128e-01,7.754847955502919277e-01,7.749293372007670655e-01,7.742578837949628534e-01,7.734718737605703609e-01,7.725730056677423407e-01,7.715630874535949202e-01,7.704441276848226217e-01,7.692183347575205499e-01,7.678880398432822441e-01,7.664557732511498855e-01,7.649241765445993213e-01,7.632960882589355789e-01,7.615744336684892035e-01,7.597623118206865422e-01,7.578629668455425517e-01,7.558797036256632573e-01,7.538159843484828482e-01,7.516753804526214999e-01,7.494615282817295165e-01,7.471781770401109135e-01,7.448291679456839898e-01,7.424184216088349775e-01,7.399498745042177861e-01,7.374275844807288705e-01,7.348556228619079755e-01,7.322381262890067521e-01,7.295792335303608045e-01,7.268831328013782844e-01,7.241540337009171324e-01,7.213961300634142981e-01,7.186136405387431036e-01,7.158107805055970996e-01,7.129917310619647841e-01,7.101606200297166938e-01,7.073216495742647991e-01,7.044788374777658513e-01,7.016362669054041490e-01,6.987979210102978067e-01,6.959677403981534560e-01,6.931495829399455522e-01,6.903472294428766309e-01,6.875643807407472163e-01,6.848046641305693960e-01,6.820715987033445504e-01,6.793686129204736801e-01,6.766990065417880507e-01,6.740660017820616634e-01,6.714726790540135326e-01,6.689220271418544472e-01,6.664168484021363303e-01,6.639599209734146079e-01,6.615537608365984479e-01,6.592008572995530225e-01,6.569035081392853304e-01,6.546638593664525496e-01,6.524839446518414521e-01,6.503656445117759199e-01,6.483106766953077305e-01,6.463206234658740446e-01,6.443969060972078999e-01,6.425407868613862705e-01,6.407533968498643207e-01,6.390357064311259494e-01,6.373885313858975721e-01,6.358125488416028759e-01,6.343082492111505877e-01,6.328760451332060555e-01,6.315161247817865364e-01,6.302285909669417263e-01,6.290133449105543839e-01,6.278702164691790655e-01,6.267988602560832234e-01,6.257987753651979013e-01,6.248693679750266794e-01,6.240099378438587197e-01,6.232195748626321308e-01,6.224973488533259713e-01,6.218421403645819634e-01,6.212527610062555938e-01,6.207278881788091951e-01,6.202661595333656130e-01,6.198660332825476349e-01,6.195259294823834972e-01,6.192441763666570731e-01,6.190190354476282630e-01,6.188486323661486210e-01,6.187311190652953208e-01,6.186645086887283540e-01,6.186468021524168526e-01,6.186759183526423511e-01,6.187497634188608986e-01,6.188661840499698474e-01,6.190230122102341470e-01,6.192180189764745490e-01,6.194490024014536189e-01,6.197137044668046268e-01,6.200098842784903530e-01,6.203352995872322140e-01,6.206876831668870498e-01,6.210648042966088189e-01,6.214644385325397424e-01,6.218843976319292643e-01,6.223224650108276634e-01,6.227765006319327945e-01,6.232444194353145006e-01,6.237241092419247845e-01,6.242135589374094851e-01,6.247107870264825280e-01,6.252138448387072334e-01,6.257208710688617614e-01,6.262300775485825088e-01,6.267397010171685823e-01,6.272480556103235960e-01,6.277535745048788973e-01,6.282547151698206767e-01,6.287499701562462295e-01,6.292380488166009478e-01,6.297176149799219580e-01,6.301874873635714414e-01,6.306465414901282207e-01,6.310937217189104276e-01,6.315281125001738216e-01,6.319488761405611665e-01,6.323552296912245962e-01,6.327464954767648697e-01,6.331221358439365066e-01,6.334816095689400628e-01,6.338245521337115829e-01,6.341506602363381484e-01,6.344597189638809809e-01,6.347516071749075284e-01,6.350262802994585121e-01,6.352837987567940825e-01,6.355242894638406526e-01,6.357479681630416879e-01,6.359551622092437517e-01,6.361462427151108878e-01,6.363216416500576678e-01,6.364819031521617987e-01,6.366276679902497238e-01,6.367595803346819405e-01,6.368783674441472753e-01,6.369848657066448094e-01,6.370799032233421810e-01,6.371644360177881605e-01,6.372394029633250412e-01,6.373058541578014990e-01,6.373648380916461242e-01,6.374174785149790967e-01,6.374649145750090895e-01,6.375083415685753874e-01,6.375489652876967783e-01,6.375880274776590806e-01,6.376267938432111926e-01,6.376665604467270931e-01,6.377086293394099714e-01,6.377542795814009624e-01,6.378048807274577792e-01,6.378617145174676484e-01,6.379261174349695196e-01,6.379994294584071524e-01,6.380829428787537783e-01,6.381779738923897272e-01,6.382858083415620110e-01,6.384077331096854602e-01,6.385449723045951709e-01,6.386987898312574963e-01,6.388703498789610746e-01,6.390608600631347835e-01,6.392714600578289774e-01,6.395032448077508924e-01,6.397572770214998705e-01,6.400346217062914400e-01,6.403362246557102733e-01,6.406630484327073827e-01,6.410160013719398142e-01,6.413959308653151004e-01,6.418036402602644852e-01,6.422398702207327004e-01,6.427053409443501675e-01,6.432006914461507741e-01,6.437265128830685912e-01,6.442833732046531203e-01,6.448717472677103490e-01,6.454920286128315032e-01,6.461446513034344585e-01,6.468298954916589238e-01,6.475480572825478287e-01,6.482993291820718929e-01,6.490838675686907422e-01,6.499017813321308346e-01,6.507531047303873883e-01,6.516378712257145933e-01,6.525559868080053061e-01,6.535073622942012550e-01,6.544918315119013785e-01,6.555092076861191996e-01,6.565592279190569647e-01,6.576416035635755941e-01,6.587559759764141099e-01,6.599020047452427429e-01,6.610792139035081005e-01,6.622871912340477785e-01,6.635254060878975624e-01,6.647933473208156308e-01,6.660904517876941044e-01,6.674161127291137197e-01,6.687697154295713098e-01,6.701505962663972804e-01,6.715581013883215045e-01,6.729915225253821909e-01,6.744501295363264370e-01,6.759332346478883480e-01,6.774400249004108865e-01,6.789697687043095842e-01,6.805216858785654299e-01,6.820949948918318961e-01,6.836888756837758985e-01,6.853025601964758406e-01,6.869351858927511545e-01,6.885859967863905418e-01,6.902541576346030716e-01,6.919388535447440480e-01,6.936392775945228184e-01,6.953546420383465154e-01,6.970840933892011870e-01,6.988268819137118948e-01,7.005821768016068374e-01,7.023492329343449248e-01,7.041272484220922889e-01,7.059154636170310582e-01,7.077131106557869034e-01,7.095194517296802283e-01,7.113337500294104609e-01,7.131552710998753097e-01,7.149833258695329485e-01,7.168171859643797106e-01,7.186561365082388964e-01,7.204995411515581205e-01,7.223467034378805440e-01,7.241969707475277573e-01,7.260496776264955265e-01,7.279041916233797149e-01,7.297598771116545757e-01,7.316161007628306789e-01,7.334722497160112153e-01,7.353277197661188813e-01,7.371818755648685828e-01,7.390341220754524931e-01,7.408838469153974371e-01,7.427304618992680574e-01,7.445733464483399455e-01,7.464119097116155288e-01,7.482455441391642204e-01,7.500736084420377425e-01,7.518955016074513331e-01,7.537106093708331178e-01,7.555182803549419512e-01,7.573178460202071305e-01,7.591086649855250945e-01,7.608900906899068728e-01,7.626613928352301564e-01,7.644218731371819064e-01,7.661708189387991252e-01,7.679074883908012517e-01,7.696310954255136672e-01,7.713408534223136215e-01,7.730359728557700816e-01,7.747155871064750343e-01,7.763788745405746372e-01,7.780248915184424519e-01,7.796527457314132992e-01,7.812615169471590626e-01,7.828501832075968059e-01,7.844177522302909766e-01,7.859631928861743333e-01,7.874854461037924525e-01,7.889833832928266899e-01,7.904559028339664950e-01,7.919018239625970068e-01,7.933199877575156655e-01,7.947091257730753977e-01,7.960679954920046875e-01,7.973953400411821768e-01,7.986898168518606900e-01,7.999501146819214537e-01,8.011748493601897891e-01,8.023626447703992026e-01,8.035120936904982525e-01,8.046217272291598110e-01,8.056901023900325809e-01,8.067157763929506675e-01,8.076972146248105888e-01,8.086329535174201499e-01,8.095214556520918814e-01,8.103611902642964271e-01,8.111506289423209282e-01,8.118882640356162028e-01,8.125725362504414573e-01,8.132019239292777035e-01,8.137749222492923762e-01,8.142899850180017607e-01,8.147456148340346260e-01,8.151403318598917647e-01,8.154726710350024277e-01,8.157412035196722755e-01,8.159444908547845987e-01,8.160811882921256144e-01,8.161499180485111138e-01,8.161493634821485044e-01,8.160782872370458962e-01,8.159354843352011333e-01,8.157197669391027528e-01,8.154300279277129082e-01,8.150652251709137319e-01,8.146244070368373613e-01,8.141066193353948544e-01,8.135110240341001386e-01,8.128368862903725400e-01,8.120834768315199348e-01,8.112502409236038714e-01,8.103366377440133217e-01,8.093422303092602244e-01,8.082667069256614933e-01,8.071098663923413907e-01,8.058715439985221218e-01,8.045517168148638154e-01,8.031504851910692411e-01,8.016680533456218560e-01,8.001047077132272811e-01,7.984608955949999975e-01,7.967371224218589010e-01,7.949340876642090326e-01,7.930525537108695788e-01,7.910934370195977783e-01,7.890577526970643518e-01,7.869466760585736020e-01,7.847615012489447262e-01,7.825036080409347727e-01,7.801745679035063663e-01,7.777760259420074540e-01,7.753097946806232210e-01,7.727777803710802473e-01,7.701820465803784765e-01,7.675247486471766800e-01,7.648082141381615795e-01,7.620348429625444231e-01,7.592071944512571724e-01
5.126181275437561302e-01,5.131707157812617215e-01,5.137507074941927154e-01,5.143556834870470773e-01,5.149831784905697374e-01,5.156307510187797538e-01,5.162959092695031948e-01,5.169762161255456734e-01,5.176691718353015892e-01,5.183723628286979190e-01,5.190833254879229086e-01,5.197996754053562096e-01,5.205190260996995777e-01,5.212390552998620308e-01,5.219574530204199592e-01,5.226720066735953685e-01,5.233804970293199910e-01,5.240808157930326727e-01,5.247709134606154402e-01,5.254487884126298747e-01,5.261125276163594044e-01,5.267603263559489379e-01,5.273904271169852498e-01,5.280011726780534653e-01,5.285910043869761488e-01,5.291584796236412647e-01,5.297022105866870945e-01,5.302209657260257281e-01,5.307135862458450815e-01,5.311790358835530856e-01,5.316163931420757605e-01,5.320248512272707231e-01,5.324036957681264060e-01,5.327523675903066414e-01,5.330703923891688678e-01,5.333574321099573412e-01,5.336132917059631664e-01,5.338378279488932288e-01,5.340310962546729323e-01,5.341932090124236199e-01,5.343244387640513349e-01,5.344251576429157602e-01,5.344958504847981962e-01,5.345371328414109113e-01,5.345497168866440996e-01,5.345344355889285470e-01,5.344922310085413741e-01,5.344241319407779800e-01,5.343312927322387829e-01,5.342149630798966875e-01,5.340764685784388233e-01,5.339172574879540445e-01,5.337388457840707146e-01,5.335428467964778987e-01,5.333309338966638613e-01,5.331048830069033961e-01,5.328665249836463946e-01,5.326177422701604547e-01,5.323605090958823949e-01,5.320968479634570203e-01,5.318288306941648669e-01,5.315585443029903212e-01,5.312881646966145510e-01,5.310198826178206266e-01,5.307559199945885986e-01,5.304984974177116008e-01,5.302498957109809119e-01,5.300123805082310735e-01,5.297882505942100861e-01,5.295797659693437520e-01,5.293892249064342526e-01,5.292188807731572631e-01,5.290709967744068321e-01,5.289478126703441863e-01,5.288515236494911731e-01,5.287843042441611185e-01,5.287483239353932829e-01,5.287456516185181643e-01,5.287783604144656868e-01,5.288484319483945928e-01,5.289578212428531767e-01,5.291084191876249676e-01,5.293020322769118602e-01,5.295404392212862410e-01,5.298252903568345662e-01,5.301582000499959202e-01,5.305406942311483576e-01,5.309742037995193176e-01,5.314600963853234328e-01,5.319995937408544817e-01,5.325939047918482050e-01,5.332440946095876599e-01,5.339511373480790857e-01,5.347158935598080864e-01,5.355391777820250887e-01,5.364216188801260721e-01,5.373638203891942799e-01,5.383662277975264088e-01,5.394292169924206348e-01,5.405530190601025575e-01,5.417378064273371541e-01,5.429835997173519946e-01,5.442903356261183934e-01,5.456578314727552614e-01,5.470858395133894048e-01,5.485739487384120316e-01,5.501216685135077444e-01,5.517284305299704483e-01,5.533935350979357626e-01,5.551161877706654035e-01,5.568955012890790535e-01,5.587305080656312928e-01,5.606201365650012036e-01,5.625632069243358124e-01,5.645584855101852817e-01,5.666046193884646254e-01,5.687002152115843145e-01,5.708437546973648136e-01,5.730336835503737625e-01,5.752683685649826462e-01,5.775460698256571490e-01,5.798650507979555835e-01,5.822234547209541589e-01,5.846193974050057918e-01,5.870509287405418775e-01,5.895160584559306916e-01,5.920127426717017860e-01,5.945389111983891972e-01,5.970924379093858203e-01,5.996711730902184456e-01,6.022729505887640666e-01,6.048955438658233374e-01,6.075367330311413072e-01,6.101942912829282362e-01,6.128659404061664873e-01,6.155494413652210506e-01,6.182424876639792677e-01,6.209428426107234111e-01,6.236482188408719596e-01,6.263563618533950494e-01,6.290649846880879137e-01,6.317719002972148612e-01,6.344748448665442631e-01,6.371716390902740779e-01,6.398600661304539861e-01,6.425379983730175049e-01,6.452032944991250574e-01,6.478538520212205887e-01,6.504876167035402723e-01,6.531025679507379555e-01,6.556966790462204209e-01,6.582680436912639044e-01,6.608147215123101326e-01,6.633348660765944205e-01,6.658266768860940932e-01,6.682883445057847815e-01,6.707181790370776442e-01,6.731144850151666859e-01,6.754756483511912268e-01,6.778001263603354865e-01,6.800863509435706167e-01,6.823328922875606661e-01,6.845383367818859144e-01,6.867013004996752601e-01,6.888204942345104165e-01,6.908946691921613592e-01,6.929226009130157182e-01,6.949031651693187150e-01,6.968352388710719048e-01,6.987178060511048949e-01,7.005498364255743349e-01,7.023304156887920646e-01,7.040586094616009261e-01,7.057335776642298386e-01,7.073545233230938978e-01,7.089206824436736776e-01,7.104313127391196359e-01,7.118857627898520501e-01,7.132833820308814854e-01,7.146235829448636112e-01,7.159057873628289492e-01,7.171294669392399568e-01,7.182941396819026991e-01,7.193993468224193499e-01,7.204446417368728373e-01,7.214296335304999364e-01,7.223539372592049368e-01,7.232172084881028917e-01,7.240191107228222123e-01,7.247593388435550343e-01,7.254376195726720544e-01,7.260536603859227833e-01,7.266072219424489775e-01,7.270980739678734039e-01,7.275259859417977371e-01,7.278907516536204936e-01,7.281921711954436605e-01,7.284300360839646160e-01,7.286042157134052788e-01,7.287145001457707716e-01,7.287607493491773392e-01,7.287427734751890096e-01,7.286604776380565252e-01,7.285136547340657076e-01,7.283022151253228937e-01,7.280260086917544893e-01,7.276849003929113380e-01,7.272787637015127871e-01,7.268074974372725761e-01,7.262709647592252571e-01,7.256690737673132663e-01,7.250017036360628664e-01,7.242687717326716790e-01,7.234701925860107519e-01,7.226058767300668206e-01,7.216757409705788495e-01,7.206797564230557063e-01,7.196178524052925241e-01,7.184899942679010554e-01,7.172961792612962961e-01,7.160363765870922936e-01,7.147106172069029872e-01,7.133189148934144796e-01,7.118613393352759555e-01,7.103379899552826338e-01,7.087489321297846256e-01,7.070943166950499625e-01,7.053742928073734042e-01,7.035890668389300773e-01,7.017388483245862174e-01,6.998239449863662420e-01,6.978446281141941210e-01,6.958012326628807420e-01,6.936941667180724913e-01,6.915238556946977644e-01,6.892907943140627047e-01,6.869955291025837685e-01,6.846386183893806709e-01,6.822207227660131990e-01,6.797425488477295552e-01,6.772048502160492589e-01,6.746084555455651444e-01,6.719542485495023643e-01,6.692431852173328366e-01,6.664762958661242243e-01,6.636546632823325798e-01,6.607794632526838852e-01,6.578519264891502516e-01,6.548733731317759599e-01,6.518451747803913898e-01,6.487688032763887502e-01,6.456458098491211217e-01,6.424778146254263023e-01,6.392665102943335675e-01,6.360136990093113729e-01,6.327212001798101504e-01,6.293909860723677641e-01,6.260250619039007258e-01,6.226255584136499710e-01,6.191946033329772670e-01,6.157344934525634805e-01,6.122475609267484797e-01,6.087362107497358288e-01,6.052029274793337965e-01,6.016502798235050520e-01,5.980808889564115383e-01,5.944974711746067175e-01,5.909027802181833211e-01,5.872996473987199817e-01,5.836910072450993692e-01,5.800797688388531492e-01,5.764689628871808580e-01,5.728616632417476984e-01,5.692609716656831242e-01,5.656700501325491182e-01,5.620921156877539682e-01,5.585303893822970434e-01,5.549881339850074591e-01,5.514686931030953199e-01,5.479753560128877155e-01,5.445114802207876581e-01,5.410804465320324663e-01,5.376855978943188008e-01,5.343303130371939158e-01,5.310179837857686991e-01,5.277519627326001661e-01,5.245356058471286609e-01,5.213722436656849091e-01,5.182652131091216585e-01,5.152177901439709551e-01,5.122332289243409775e-01,5.093147063319840573e-01,5.064654281110607670e-01,5.036884771487302181e-01,5.009869240290503178e-01,4.983637397367229327e-01,4.958218404340306029e-01,4.933640910596697182e-01,4.909932189646910583e-01,4.887119189770470218e-01,4.865227400646282563e-01,4.844281894652711085e-01,4.824306296781294412e-01,4.805323220313775789e-01,4.787354106848511481e-01,4.770419428781417781e-01,4.754537940039510469e-01,4.739727676330409700e-01,4.726005147573479892e-01,4.713385017144735567e-01,4.701881038672773849e-01,4.691505490692665648e-01,4.682268937241452211e-01,4.674180418142956372e-01,4.667247685666863211e-01,4.661476730827714410e-01,4.656871657566055700e-01,4.653435356236004794e-01,4.651168990137947157e-01,4.650071842872151029e-01,4.650141597141346228e-01,4.651374306836688066e-01,4.653764302011352827e-01,4.657304203533018105e-01,4.661984895154837605e-01,4.667795562382103247e-01,4.674723626897089312e-01,4.682754966434835575e-01,4.691873646643652807e-01,4.702062131732285821e-01,4.713301229650910806e-01,4.725570308249302798e-01,4.738846784295364656e-01,4.753106653799320513e-01,4.768324490409580063e-01,4.784473276153836108e-01,4.801524495091052946e-01,4.819448592357318262e-01,4.838214037606807238e-01,4.857788355715166317e-01,4.878137688648896964e-01,4.899227036130673896e-01,4.921020118079221795e-01,4.943479729324087857e-01,4.966567487896263455e-01,4.990244070695538658e-01,5.014469182624522459e-01,5.039201830359503198e-01,5.064400100133267246e-01,5.090021593823094159e-01,5.116022864959033356e-01,5.142360370929331959e-01,5.168989990007568647e-01,5.195866745744081028e-01,5.222946128880151528e-01,5.250182871912011384e-01,5.277531681184253198e-01,5.304947054138487994e-01,5.332383656893964208e-01,5.359796140860395575e-01,5.387139463298520337e-01,5.414368673134141163e-01,5.441439167284253253e-01,5.468306912538004605e-01,5.494928244340877566e-01,5.521259892460527174e-01,5.547259678020107776e-01,5.572885995421412719e-01,5.598097479461423553e-01,5.622854550285252273e-01,5.647117872330693622e-01,5.670849406695274153e-01,5.694012319376176023e-01,5.716570619803210684e-01,5.738489941173764430e-01,5.759736754648417945e-01,5.780279349473474992e-01,5.800086754170284964e-01,5.819130240529795106e-01,5.837382064562800510e-01,5.854816127400581660e-01,5.871407962336304687e-01,5.887134931321186260e-01,5.901975575987237210e-01,5.915910807594996212e-01,5.928922725902052715e-01,5.940995564348068303e-01,5.952115117241220110e-01,5.962269107146481728e-01,5.971446887501395961e-01,5.979640203578552304e-01,5.986842015687006135e-01,5.993047554487773709e-01,5.998253874823638032e-01,6.002459687230239371e-01,6.005665526428534129e-01,6.007874028825347379e-01,6.009089706439465495e-01,6.009318673000452193e-01,6.008568883818479200e-01,6.006849892225232246e-01,6.004173498778078155e-01,6.000552704690576000e-01,5.996002334756667107e-01,5.990538954719417664e-01,5.984180789284142543e-01,5.976947293085558277e-01,5.968859484164867890e-01,5.959940245745548593e-01,5.950213416562439850e-01,5.939704287864370214e-01,5.928439457295228143e-01,5.916446794609118154e-01,5.903755117364883898e-01,5.890394745570417534e-01,5.876396459331335587e-01,5.861792310407072382e-01,5.846615219359349025e-01,5.830898930628599652e-01,5.814677675806929624e-01,5.797986722817765060e-01,5.780861425740135839e-01,5.763338158251490873e-01,5.745453344151045805e-01,5.727243812144925394e-01,5.708746691095579751e-01,5.689999309172162345e-01
4.713749696316543725e-02,4.653725337892360148e-02,4.593193010340042987e-02,4.532250475996972561e-02,4.470996007900653740e-02,4.409526912149067113e-02,4.347939270059779371e-02,4.286328670375951638e-02,4.224789399296309533e-02,4.163414748093778595e-02,4.102296720102025646e-02,4.041525658349402750e-02,3.981190695625529130e-02,3.921379097650139200e-02,3.862176469539578549e-02,3.803666563452806626e-02,3.745931211751755974e-02,3.689050517315844990e-02,3.633101934212412676e-02,3.578161007156644563e-02,3.524301162235057849e-02,3.471593545931798974e-02,3.420106381983351040e-02,3.369906202812242291e-02,3.321056615304538578e-02,3.273618633865906652e-02,3.227650910669897094e-02,3.183209176419057179e-02,3.140346974315320200e-02,3.099114555202144364e-02,3.059559917009074120e-02,3.021728202698435381e-02,2.985661535115815071e-02,2.951399581204061998e-02,2.918979105309844543e-02,2.888434162765970634e-02,2.859795812308234611e-02,2.833092475752394673e-02,2.808349823505156342e-02,2.785590720806450232e-02,2.764835124176377723e-02,2.746100586377151626e-02,2.729401585830350599e-02,2.714750186711830521e-02,2.702155632661473739e-02,2.691624455860765902e-02,2.683160684735931209e-02,2.676765821238604251e-02,2.672438793446639538e-02,2.670175948912396208e-02,2.669971120875905615e-02,2.671816059766730575e-02,2.675699713512942612e-02,2.681608800617945806e-02,2.689528057725312088e-02,2.699439791719436543e-02,2.711323812224665161e-02,2.725158533463592839e-02,2.740919512126950564e-02,2.758580799965293720e-02,2.778114190103226147e-02,2.799489659564554506e-02,2.822675358191416295e-02,2.847637583457335655e-02,2.874340919913424830e-02,2.902748107491294471e-02,2.932820652037256698e-02,2.964518082722189182e-02,2.997798232096704832e-02,3.032618428166037466e-02,3.068933118121959513e-02,3.106696946935353504e-02,3.145862177596894099e-02,3.186380203253467297e-02,3.228201282791549886e-02,3.271274773356638160e-02,3.315548464474513124e-02,3.360969274938974821e-02,3.407483609450397133e-02,3.455036605520003801e-02,3.503572571926565765e-02,3.553035171530394276e-02,3.603367262817161465e-02,3.654510991361198391e-02,3.706408314890054928e-02,3.758999816454505760e-02,3.812226564829322706e-02,3.866028365888304896e-02,3.920345163791369436e-02,3.975116210580844495e-02,4.030280847444991932e-02,4.085777921540539870e-02,4.141546264117916543e-02,4.197524399509294790e-02,4.253651170380816360e-02,4.309864962698714552e-02,4.366104590836769606e-02,4.422308770562363711e-02,4.478416727572678141e-02,4.534367307795986179e-02,4.590100246372331994e-02,4.645555127828693981e-02,4.700672422839462239e-02,4.755392528498309651e-02,4.809656860649009352e-02,4.863406980498109766e-02,4.916585435174822272e-02,4.969135027445789610e-02,5.020999852849246381e-02,5.072124215173347966e-02,5.122453533287288363e-02,5.171934572227487176e-02,5.220514225540220238e-02,5.268141123343979271e-02,5.314764491170748811e-02,5.360335152912603512e-02,5.404804964149420576e-02,5.448126853834853872e-02,5.490255356144147642e-02,5.531145969382464389e-02,5.570756372631198439e-02,5.609045082233467955e-02,5.645972506459956408e-02,5.681500489034567447e-02,5.715592856401279648e-02,5.748214534150149907e-02,5.779332982058686674e-02,5.808917101204045391e-02,5.836937792668992625e-02,5.863367671329368369e-02,5.888181733426641612e-02,5.911356799676584228e-02,5.932871844233710695e-02,5.952707990151617085e-02,5.970848444291594614e-02,5.987278818318883533e-02,6.001986983577008161e-02,6.014962863313485369e-02,6.026198994160786304e-02,6.035690280279738112e-02,6.043434159373708287e-02,6.049430255782873439e-02,6.053680535297448900e-02,6.056190171757511176e-02,6.056965949024502305e-02,6.056018015961818490e-02,6.053358446771686663e-02,6.049002251960075571e-02,6.042966960256929837e-02,6.035272798066720901e-02,6.025942270595725792e-02,6.015000384276229795e-02,6.002475294277052897e-02,5.988397244642457151e-02,5.972799200641405043e-02,5.955716523732187268e-02,5.937187267870857460e-02,5.917251840931399276e-02,5.895952850749013735e-02,5.873336289831272705e-02,5.849449033824113964e-02,5.824341417262218074e-02,5.798065827057630878e-02,5.770676434494173557e-02,5.742229980871263462e-02,5.712785126686848597e-02,5.682402580674824483e-02,5.651145211034765137e-02,5.619077264063490618e-02,5.586265311380503307e-02,5.552777143572903973e-02,5.518682543091832371e-02,5.484052662747251200e-02,5.448960130712534461e-02,5.413478800836515198e-02,5.377683645064370438e-02,5.341650814286356963e-02,5.305457349696485886e-02,5.269181660100640680e-02,5.232902136436129448e-02,5.196698087995458432e-02,5.160649544782908160e-02,5.124836149833821020e-02,5.089338922450085956e-02,5.054237725814716281e-02,5.019613265209606212e-02,4.985545419375375653e-02,4.952114100633370208e-02,4.919398705127473598e-02,4.887477735398101930e-02,4.856429009648003531e-02,4.826329710015576230e-02,4.797255325414256921e-02,4.769280714452321657e-02,4.742478964782602391e-02,4.716921623211409176e-02,4.692678762655216884e-02,4.669818728359496213e-02,4.648407475075087142e-02,4.628509269022718087e-02,4.610185634084220524e-02,4.593496407747113541e-02,4.578498074973143261e-02,4.565245032479491732e-02,4.553788555914401598e-02,4.544177257882620752e-02,4.536456540763211115e-02,4.530668591382819299e-02,4.526852337912465329e-02,4.525043430321892823e-02,4.525273777725034863e-02,4.527572029439375784e-02,4.531962798257509195e-02,4.538467034641643916e-02,4.547101763053796458e-02,4.557880336480721328e-02,4.570811543134158800e-02,4.585900288150014659e-02,4.603147801752321272e-02,4.622550643775357598e-02,4.644101136665498841e-02,4.667787424727672108e-02,4.693593229172567105e-02,4.721498377846036071e-02,4.751477634082635487e-02,4.783502119939881531e-02,4.817538266780760359e-02,4.853548063644409077e-02,4.891489608298813657e-02,4.931316365453167899e-02,4.972977749376483042e-02,5.016419133916137640e-02,5.061580724003937604e-02,5.108400519775446041e-02,5.156810764820738552e-02,5.206740745055017661e-02,5.258115481723054513e-02,5.310856793424623828e-02,5.364882063726627431e-02,5.420105704470971897e-02,5.476438570467141720e-02,5.533788555296324102e-02,5.592059837038504400e-02,5.651154119937513987e-02,5.710969637079308520e-02,5.771402722307776567e-02,5.832346759717795676e-02,5.893692719238018130e-02,5.955329212305626035e-02,6.017143598408397631e-02,6.079020612756516617e-02,6.140843816528702981e-02,6.202495249942055477e-02,6.263855750597682737e-02,6.324804962673229169e-02,6.385222055033622224e-02,6.444985345342699179e-02,6.503972841172260544e-02,6.562062519243326564e-02,6.619132272049679799e-02,6.675060381129395426e-02,6.729725624363556979e-02,6.783007353854497712e-02,6.834786082875261848e-02,6.884943491082473610e-02,6.933362964486514124e-02,6.979928862918551025e-02,7.024528021550463519e-02,7.067048797051907194e-02,7.107382327797263921e-02,7.145422229249299984e-02,7.181064774773630865e-02,7.214209168809407324e-02,7.244757950747975073e-02,7.272616565451872628e-02,7.297694456074435565e-02,7.319904644250066483e-02,7.339164372916547052e-02,7.355394399821502116e-02,7.368520727084812427e-02,7.378472553006840129e-02,7.385184744964229386e-02,7.388596741993427863e-02,7.388652375796883609e-02,7.385301376768908799e-02,7.378497702393596591e-02,7.368201677985983244e-02,7.354377962335374719e-02,7.336997706859343937e-02,7.316036985782550794e-02,7.291477906435385459e-02,7.263308300480667001e-02,7.231521729637853391e-02,7.196117621802658459e-02,7.157101557456668761e-02,7.114484764709283482e-02,7.068284594037432811e-02,7.018524292258167263e-02,6.965233433236027449e-02,6.908446845921627222e-02,6.848205940009863268e-02,6.784557785633388294e-02,6.717555053713242241e-02,6.647256934690425056e-02,6.573727578587827691e-02,6.497036799826261255e-02,6.417260610278582855e-02,6.334480037541316555e-02,6.248781059403395871e-02,6.160256131064551638e-02,6.069001272847364403e-02,5.975118708578763815e-02,5.878714505790012118e-02,5.779899846362318572e-02,5.678790307374535773e-02,5.575506036768633489e-02,5.470170550433534062e-02,5.362912002915418835e-02,5.253861657304915306e-02,5.143154939448837948e-02,5.030929731574722286e-02,4.917327958572688396e-02,4.802493431690308540e-02,4.686572901309946082e-02,4.569715767819900604e-02,4.452073128319398998e-02,4.333798039661134610e-02,4.215045090624824908e-02,4.095970288846109697e-02,3.976730911272354646e-02,3.857484717417154763e-02,3.738390195347766204e-02,3.619605810567034371e-02,3.501290745499842372e-02,3.383603213213128708e-02,3.266701245443442980e-02,3.150741869014727498e-02,3.035881425627651176e-02,2.922274529772595983e-02,2.810074499693815744e-02,2.699432562939323502e-02,2.590497995335495907e-02,2.483417930612299290e-02,2.378336459449437515e-02,2.275395198120302998e-02,2.174732346381932566e-02,2.076482945111638237e-02,1.980778552791922012e-02,1.887746819010876695e-02,1.797511553903256148e-02,1.710192311715746233e-02,1.625904139915364949e-02,1.544757432404416861e-02,1.466858297974704857e-02,1.392307220832211812e-02,1.321200008325779975e-02,1.253627059997235518e-02,1.189673330074426418e-02,1.129418204877613574e-02,1.072935512869228197e-02,1.020293029476511057e-02,9.715528332097697617e-03,9.267708784783598719e-03,8.859970343641079132e-03,8.492747368773995859e-03,8.166419753451403113e-03,7.881294328375658756e-03,7.637622208297355220e-03,7.435585880574880138e-03,7.275306133651798443e-03,7.156841310494791060e-03,7.080183428400305123e-03,7.045262677715373456e-03,7.051942500712557634e-03,7.100028338623737972e-03,7.189258825448729788e-03,7.319311651320725004e-03,7.489805188399718122e-03,7.700295197885937033e-03,7.950277759422846174e-03,8.239191908044569967e-03,8.566419682262011240e-03,8.931284797508504819e-03,9.333056883360229747e-03,9.770952752647549602e-03,1.024413766895995899e-02,1.075172517045754929e-02,1.129278061427165317e-02,1.186632274061858068e-02,1.247132442519410626e-02,1.310671824329066870e-02,1.377139021187068040e-02,1.446419114625004457e-02,1.518393387269037845e-02,1.592939345800043274e-02,1.669931962344308254e-02,1.749242221560233512e-02,1.830738628458364672e-02,1.914287428913629546e-02,1.999752147312252454e-02,2.086994137679988245e-02,2.175873191224752742e-02,2.266247126603362222e-02,2.357972400165775362e-02,2.450904565480327077e-02,2.544898110752735407e-02,2.639806708094129609e-02,2.735483953494290826e-02,2.831783069261622349e-02,2.928557101437692656e-02,3.025659955521683292e-02,3.122945485497844592e-02,3.220269043194555481e-02,3.317486229800206687e-02,3.414454493877265573e-02,3.511032439743977385e-02,3.607080578689134120e-02,3.702460867113557125e-02,3.797038353882796480e-02,3.890679244364238926e-02,3.983253060060380768e-02,4.074632059940586776e-02,4.164690932499458265e-02,4.253307951233917944e-02,4.340364304524694378e-02,4.425744905266539020e-02,4.509338161652822613e-02
6.690037812313223142e-01,6.702468228110270987e-01,6.713749486612400341e-01,6.723885236041762248e-01,6.732881933429645249e-01,6.740747137778585474e-01,6.747491238231084765e-01,6.753125637513701651e-01,6.757664278615373998e-01,6.761122507269031745e-01,6.763517620317450740e-01,6.764868312437508635e-01,6.765195217239536873e-01,6.764520182563762418e-01,6.762866762604977655e-01,6.760259813132891704e-01,6.756725256258533374e-01,6.752290880450175781e-01,6.746984994794473778e-01,6.740837237138345150e-01,6.733878303296435552e-01,6.726139776070371168e-01,6.717653955623422712e-01,6.708454015620142208e-01,6.698573706474191258e-01,6.688047256648914640e-01,6.676909696506306835e-01,6.665196003504922917e-01,6.652941996655189483e-01,6.640183249787428021e-01,6.626955726140867364e-01,6.613295196756362460e-01,6.599237705067438897e-01,6.584819210757177910e-01,6.570075069896533781e-01,6.555040648528361880e-01,6.539751204095477499e-01,6.524240886135105333e-01,6.508544016947592770e-01,6.492693926846245800e-01,6.476723609267149850e-01,6.460665251450572466e-01,6.444550075761635854e-01,6.428408661395530466e-01,6.412270790295498957e-01,6.396165101693355171e-01,6.380119272824748000e-01,6.364160023701532776e-01,6.348312986084748699e-01,6.332602693385063208e-01,6.317052317224666202e-01,6.301684187798979320e-01,6.286518907626149621e-01,6.271576250311503564e-01,6.256874734028333718e-01,6.242431322868613464e-01,6.228261543050201965e-01,6.214380122022169495e-01,6.200800091406134529e-01,6.187533189812134404e-01,6.174589564421550936e-01,6.161978746101272053e-01,6.149708297461221607e-01,6.137784468632745405e-01,6.126212662958949728e-01,6.114996403526354873e-01,6.104138560575329553e-01,6.093640224965138907e-01,6.083501770639723194e-01,6.073721606538464712e-01,6.064297681761650072e-01,6.055226778956128708e-01,6.046504168872176566e-01,6.038124187310924817e-01,6.030080661504132467e-01,6.022365502521193070e-01,6.014970683135212326e-01,6.007886662008457002e-01,6.001103205073630154e-01,5.994609441824494400e-01,5.988393694208715701e-01,5.982443387261540124e-01,5.976745850375331237e-01,5.971287233567190711e-01,5.966053727526248185e-01,5.961030440494508031e-01,5.956202756696703515e-01,5.951555392335303729e-01,5.947072629540699484e-01,5.942738736548007772e-01,5.938537778634959130e-01,5.934453702400054320e-01,5.930470369527828245e-01,5.926571570683735191e-01,5.922741197565095650e-01,5.918963277473365814e-01,5.915221804502208691e-01,5.911501382265974547e-01,5.907786305290088080e-01,5.904061617031209908e-01,5.900312452132370211e-01,5.896524244358040123e-01,5.892683263861165921e-01,5.888775746412479029e-01,5.884788710757005159e-01,5.880709645925400464e-01,5.876526593722823932e-01,5.872228262049070668e-01,5.867803672264646497e-01,5.863242713122495120e-01,5.858536439136363683e-01,5.853675432047182881e-01,5.848652115086840908e-01,5.843458838933748289e-01,5.838089146496556747e-01,5.832537246427130784e-01,5.826797840008397511e-01,5.820866685636552074e-01,5.814740026545291984e-01,5.808415122538052033e-01,5.801889709644194593e-01,5.795162600834999900e-01,5.788232994538369258e-01,5.781100909108097818e-01,5.773767202068065263e-01,5.766233340798788687e-01,5.758501386421811530e-01,5.750574216059241017e-01,5.742455122678091772e-01,5.734148177978770633e-01,5.725658256764026843e-01,5.716990080504585903e-01,5.708149607372202672e-01,5.699142957741307747e-01,5.689976708635289260e-01,5.680658015058387411e-01,5.671194400534663727e-01,5.661593650983761661e-01,5.651863902877373169e-01,5.642013685959266223e-01,5.632051532177172470e-01,5.621986519025512496e-01,5.611827720915201212e-01,5.601584318738995760e-01,5.591265706425116999e-01,5.580881226244346349e-01,5.570440338400569624e-01,5.559952440174398269e-01,5.549427071688850521e-01,5.538873050206150062e-01,5.528300058361342861e-01,5.517716803641391499e-01,5.507132188185042132e-01,5.496554913870168591e-01,5.485993165107645453e-01,5.475455012128553900e-01,5.464948387917862860e-01,5.454480562625165785e-01,5.444058721831048775e-01,5.433689500956111473e-01,5.423379112687246595e-01,5.413133585803531211e-01,5.402958103354280617e-01,5.392857890589293213e-01,5.382837291619337883e-01,5.372900383989600570e-01,5.363050625115168835e-01,5.353291123101600046e-01,5.343624365031766077e-01,5.334052413581124030e-01,5.324576648221941433e-01,5.315198379692415154e-01,5.305917805766690032e-01,5.296735070521652045e-01,5.287649807990953965e-01,5.278661000342256271e-01,5.269767436369439118e-01,5.260967053987383180e-01,5.252257775970439191e-01,5.243636950122136930e-01,5.235101450536618906e-01,5.226647837878251046e-01,5.218272543910645878e-01,5.209971354996334458e-01,5.201740140485922037e-01,5.193574146025322635e-01,5.185468653212643719e-01,5.177418634906313377e-01,5.169418792132079998e-01,5.161464235770991671e-01,5.153549293930066444e-01,5.145668544835629854e-01,5.137816631018435887e-01,5.129988255612921710e-01,5.122178053730107594e-01,5.114380777994864680e-01,5.106591148549193271e-01,5.098804464427234562e-01,5.091015863384684703e-01,5.083221139749677375e-01,5.075415863801580052e-01,5.067596435996338800e-01,5.059759147175345584e-01,5.051901063106783996e-01,5.044019386834518448e-01,5.036112344922395456e-01,5.028177900994961202e-01,5.020215222139041700e-01,5.012223372598562099e-01,5.004202618499398181e-01,4.996153405925046753e-01,4.988077268309468182e-01,4.979975882460695447e-01,4.971851938403038518e-01,4.963708818673195911e-01,4.955550502074282937e-01,4.947381572670345173e-01,4.939207809348817868e-01,4.931035231205884717e-01,4.922870940392470862e-01,4.914722672310047891e-01,4.906598977989303223e-01,4.898508829362820394e-01,4.890462701927958955e-01,4.882470969354808510e-01,4.874545387581514233e-01,4.866698007334451792e-01,4.858941836488983590e-01,4.851290482711322349e-01,4.843758144793103293e-01,4.836359868749774971e-01,4.829111063484803901e-01,4.822027975618048967e-01,4.815127141180362558e-01,4.808425952358144628e-01,4.801941933095820181e-01,4.795693346434232174e-01,4.789698423268949901e-01,4.783976610277996255e-01,4.778546505994520355e-01,4.773428048763934672e-01,4.768640559674187651e-01,4.764204197882452863e-01,4.760138657749389823e-01,4.756464235899379167e-01,4.753200773339834040e-01,4.750368272911389966e-01,4.747986455062045419e-01,4.746075136566300090e-01,4.744653569436448337e-01,4.743741150688667307e-01,4.743356371038068842e-01,4.743517647947743665e-01,4.744243127691087913e-01,4.745549678302327101e-01,4.747454257406444889e-01,4.749972750686769496e-01,4.753120756556231674e-01,4.756912510613342526e-01,4.761361874747991885e-01,4.766481374067202403e-01,4.772283123185381282e-01,4.778777592173341082e-01,4.785974730514996889e-01,4.793882921110227957e-01,4.802509769987969301e-01,4.811861325910531395e-01,4.821942567655754797e-01,4.832757083429302658e-01,4.844307176520306624e-01,4.856593624099267981e-01,4.869616128223410167e-01,4.883372387769863154e-01,4.897859084911101446e-01,4.913070949307120072e-01,4.929001895458303140e-01,4.945643423027470953e-01,4.962986158814713389e-01,4.981018846483668550e-01,4.999728598390738021e-01,5.019100974907906298e-01,5.039120219320437633e-01,5.059768503264590045e-01,5.081026903801935113e-01,5.102874462238506936e-01,5.125289071366907478e-01,5.148247085160844172e-01,5.171722932802977901e-01,5.195689867035323539e-01,5.220119987339978396e-01,5.244983288242882624e-01,5.270248969649818926e-01,5.295884558743643167e-01,5.321856641044209191e-01,5.348130125602905682e-01,5.374669218240093471e-01,5.401436657063365399e-01,5.428394144256007969e-01,5.455502643855661971e-01,5.482722023084438678e-01,5.510011283502133095e-01,5.537328748488083985e-01,5.564631601080894940e-01,5.591877250669470278e-01,5.619021827977538353e-01,5.646021267734745441e-01,5.672831082346847520e-01,5.699406506422487473e-01,5.725702746210398209e-01,5.751674628038903059e-01,5.777277052836273796e-01,5.802465341448257430e-01,5.827194183988740894e-01,5.851419496735172920e-01,5.875097057371820863e-01,5.898183053485788196e-01,5.920634228462599014e-01,5.942408489152177786e-01,5.963463700887442487e-01,5.983759397884016451e-01,6.003255111206644568e-01,6.021912400183706549e-01,6.039693363234521772e-01,6.056561239773983196e-01,6.072481046434219376e-01,6.087418730409330792e-01,6.101342009964781932e-01,6.114219808880683171e-01,6.126023176624016964e-01,6.136724403314606224e-01,6.146297977658634615e-01,6.154720000227008603e-01,6.161968381856601784e-01,6.168023247383328522e-01,6.172866763688719116e-01,6.176482959531428563e-01,6.178858232193260580e-01,6.179981167286945354e-01,6.179842598075552251e-01,6.178435385128462354e-01,6.175754877415197130e-01,6.171799026273849798e-01,6.166567578210429001e-01,6.160063299668168124e-01,6.152290660812229639e-01,6.143257343498257361e-01,6.132972655141382123e-01,6.121448979550594416e-01,6.108700448804090799e-01,6.094744374135960818e-01,6.079599595675073687e-01,6.063287982717048274e-01,6.045833412878232060e-01,6.027262138244438017e-01,6.007602702629212255e-01,5.986885827333005006e-01,5.965144320195314709e-01,5.942413235457325582e-01,5.918729678161651631e-01,5.894132937977724085e-01,5.868663752783185306e-01,5.842365196872801869e-01,5.815282046940576377e-01,5.787460491056455325e-01,5.758948822250217203e-01,5.729796644979877618e-01,5.700054914721695010e-01,5.669776151795978825e-01,5.639014047400674468e-01,5.607823466159816972e-01,5.576260383760831552e-01,5.544381824353219468e-01,5.512245375440520956e-01,5.479909786191836663e-01,5.447434194805422791e-01,5.414878131896432301e-01,5.382301769500528188e-01,5.349765543913291843e-01,5.317330080281574833e-01,5.285055852234218365e-01,5.253003431522107469e-01,5.221233429830242079e-01,5.189805911197635790e-01,5.158780406270423446e-01,5.128216095308012479e-01,5.098171644037242656e-01,5.068704643383150632e-01,5.039872032262333601e-01,5.011729677104816982e-01,4.984332319130574951e-01,4.957733685699345361e-01,4.931985903430281537e-01,4.907139858797137100e-01,4.883244902903691731e-01,4.860348663145072079e-01,4.838497328492772920e-01,4.817734837168000661e-01,4.798103634914173132e-01,4.779644133431877329e-01,4.762394343648017614e-01,4.746390816091911602e-01,4.731667086638762232e-01,4.718255155169259196e-01,4.706184222701085829e-01,4.695481319538603593e-01,4.686170940234680171e-01,4.678275105434575032e-01,4.671813453145493567e-01,4.666802806499907863e-01,4.663257554533326021e-01,4.661189462311352560e-01,4.660607530669140797e-01,4.661518422646676596e-01,4.663925764303082921e-01,4.667830495361677823e-01,4.673231297874325119e-01,4.680123837782265706e-01,4.688501088085647028e-01,4.698353610441312611e-01,4.709669387301320675e-01,4.722433632555759209e-01,4.736628918735296123e-01,4.752235709443521916e-01,4.769231555071838935e-01,4.787591889734590378e-01,4.807289671560258104e-01,4.828295458796884598e-01
6.592376332546244777e-01,6.566223257891411480e-01,6.541309136106527866e-01,6.517663845282811730e-01,6.495315256833197326e-01,6.474288536647612169e-01,6.454607618173621164e-01,6.436293727521282815e-01,6.419365971137582783e-01,6.403841686930471511e-01,6.389735258525074402e-01,6.377059326323617494e-01,6.365824339349397398e-01,6.356038186211009355e-01,6.347706358445824870e-01,6.340832606864882370e-01,6.335418065692490774e-01,6.331461492023150450e-01,6.328959400006887170e-01,6.327906733012169660e-01,6.328295281108607950e-01,6.330115306629903182e-01,6.333354365304334488e-01,6.337998399700164320e-01,6.344030877557880199e-01,6.351433486778469417e-01,6.360185703655921730e-01,6.370265128341238148e-01,6.381647535442965813e-01,6.394306712729134201e-01,6.408214576063437917e-01,6.423341416635847123e-01,6.439655813136053730e-01,6.457124909769046406e-01,6.475713894862290543e-01,6.495386810049227355e-01,6.516106092322353494e-01,6.537833167683395619e-01,6.560527656867373159e-01,6.584148806701612955e-01,6.608653897878831174e-01,6.633999666152089469e-01,6.660142019171607641e-01,6.687035698120243898e-01,6.714634799271368415e-01,6.742893206438447251e-01,6.771763237740751062e-01,6.801197476071356718e-01,6.831147919060540641e-01,6.861566003481223142e-01,6.892403397240717267e-01,6.923611114170401537e-01,6.955140316579487836e-01,6.986942098808346380e-01,7.018967700435458923e-01,7.051168570228704136e-01,7.083496363169500265e-01,7.115903202688664830e-01,7.148341345311263195e-01,7.180763785656688603e-01,7.213123903810779725e-01,7.245375828451533495e-01,7.277474190615262906e-01,7.309375151803485515e-01,7.341034437189071227e-01,7.372409610541310609e-01,7.403459003936064819e-01,7.434142074659123578e-01,7.464418831270563937e-01,7.494251003807093081e-01,7.523601266522171871e-01,7.552433445849610072e-01,7.580712692532478592e-01,7.608405509743418893e-01,7.635479620751177698e-01,7.661904430247641340e-01,7.687650003847119606e-01,7.712688808533719742e-01,7.736994101074371466e-01,7.760540813712794028e-01,7.783305313597210784e-01,7.805265658464004552e-01,7.826401117381677208e-01,7.846692729039961289e-01,7.866122785862966760e-01,7.884675407168182382e-01,7.902336124313766863e-01,7.919091654125657298e-01,7.934930922118629271e-01,7.949843571314996193e-01,7.963821195302088762e-01,7.976856914671347498e-01,7.988944808459028657e-01,8.000080974555647817e-01,8.010262329972639428e-01,8.019487444608657256e-01,8.027756396004215311e-01,8.035070062112612543e-01,8.041431106612190183e-01,8.046843246541935946e-01,8.051311090063407727e-01,8.054841020679045505e-01,8.057439775504895429e-01,8.059115683815715192e-01,8.059878106230783379e-01,8.059737025722972792e-01,8.058703756506069293e-01,8.056790116957563974e-01,8.054009156348586052e-01,8.050374390476194852e-01,8.045900074300464944e-01,8.040601387208043960e-01,8.034494005990083787e-01,8.027594513415110544e-01,8.019919189727647835e-01,8.011485728044928090e-01,8.002311898470095830e-01,7.992415487583569567e-01,7.981815293929548361e-01,7.970530202042687140e-01,7.958578921817456298e-01,7.945980934140706164e-01,7.932755466720456949e-01,7.918922228844630373e-01,7.904500782623680166e-01,7.889510640702050992e-01,7.873971381853135387e-01,7.857902683721937898e-01,7.841323932900440274e-01,7.824254721518467681e-01,7.806713919936799639e-01,7.788720720908731687e-01,7.770294113970274141e-01,7.751452316108442542e-01,7.732213739985271950e-01,7.712596630244417106e-01,7.692618424571504576e-01,7.672296616906251199e-01,7.651648087343709825e-01,7.630689552209125592e-01,7.609437333413303639e-01,7.587907071455819441e-01,7.566114454527084199e-01,7.544074259311366326e-01,7.521801356864733501e-01,7.499309781606930958e-01,7.476613357953951766e-01,7.453725237550170579e-01,7.430658677514375698e-01,7.407425653920582942e-01,7.384038747047863005e-01,7.360509155621547395e-01,7.336848424083822762e-01,7.313067053148339935e-01,7.289175760655607350e-01,7.265184507775401812e-01,7.241102963050406460e-01,7.216940563789961960e-01,7.192706335489360558e-01,7.168408875341737430e-01,7.144056695420414327e-01,7.119657883409901133e-01,7.095220354788250861e-01,7.070751560735868413e-01,7.046259368818484914e-01,7.021750494279929145e-01,6.997232314190998670e-01,6.972711519999168495e-01,6.948195059162506348e-01,6.923689317378195485e-01,6.899201107916865805e-01,6.874736831904232348e-01,6.850302815877039597e-01,6.825905456897934931e-01,6.801551428737414584e-01,6.777246927354633188e-01,6.752998560672005546e-01,6.728812853159320539e-01,6.704696201730858673e-01,6.680655531950612236e-01,6.656697442149263066e-01,6.632829001057067853e-01,6.609057205351237529e-01,6.585389262794508758e-01,6.561832428406003670e-01,6.538394497720966259e-01,6.515083005138845307e-01,6.491906066378961837e-01,6.468871531839578415e-01,6.445987810199153012e-01,6.423263649591589575e-01,6.400707662208016124e-01,6.378328810848802322e-01,6.356136306291019222e-01,6.334139529128619550e-01,6.312348058017714925e-01,6.290771845150490149e-01,6.269420720072496067e-01,6.248305025924328904e-01,6.227435224965376381e-01,6.206821820288989100e-01,6.186475364119644604e-01,6.166407024568394402e-01,6.146627686741128471e-01,6.127148593319233782e-01,6.107980897780749263e-01,6.089135870034133591e-01,6.070625245277131432e-01,6.052460076870230798e-01,6.034652139802439974e-01,6.017212587847474703e-01,6.000153166020987250e-01,5.983485299668690471e-01,5.967220225187436222e-01,5.951369227553640062e-01,5.935943384307601489e-01,5.920953915396428568e-01,5.906411510810047893e-01,5.892326890333767775e-01,5.878710358343642861e-01,5.865572185356918711e-01,5.852922322917536446e-01,5.840770402359833913e-01,5.829125501922587382e-01,5.817996709204459327e-01,5.807392506303954427e-01,5.797321085464678392e-01,5.787790147989151368e-01,5.778806915928959009e-01,5.770378270618297112e-01,5.762510420224911112e-01,5.755209139105050831e-01,5.748479715478115315e-01,5.742326856616775110e-01,5.736754580707918993e-01,5.731766587799369539e-01,5.727365651521932888e-01,5.723554011988650769e-01,5.720333254873053441e-01,5.717704631515644342e-01,5.715668361507022510e-01,5.714224304417855338e-01,5.713371092563639397e-01,5.713107452223286087e-01,5.713430864099758866e-01,5.714338409091261894e-01,5.715826346560306526e-01,5.717890399873997165e-01,5.720525507600375814e-01,5.723726124683885530e-01,5.727485564678097552e-01,5.731797138448223583e-01,5.736653327049866524e-01,5.742045506395226928e-01,5.747964989760318000e-01,5.754402652307526456e-01,5.761348231762059013e-01,5.768791186891185641e-01,5.776720510866411029e-01,5.785124541899423489e-01,5.793991341095960923e-01,5.803308378187207461e-01,5.813062821332312113e-01,5.823241080577584716e-01,5.833829692088459140e-01,5.844814666146334048e-01,5.856181673643980901e-01,5.867915977111237691e-01,5.880003046936941313e-01,5.892427787261498295e-01,5.905175139670403306e-01,5.918229573681363931e-01,5.931576036255644668e-01,5.945198956551587255e-01,5.959083152287431018e-01,5.973213120998732695e-01,5.987573581466543171e-01,6.002149509238098313e-01,6.016925726518771445e-01,6.031887509451386853e-01,6.047020245748777612e-01,6.062309651205108896e-01,6.077741599873394129e-01,6.093302621247669304e-01,6.108979066687301174e-01,6.124758454657386331e-01,6.140628030051158426e-01,6.156576063113233799e-01,6.172591018598643231e-01,6.188661868670276567e-01,6.204778308515246366e-01,6.220930598203190387e-01,6.237109589048021041e-01,6.253306867142874870e-01,6.269514555240733866e-01,6.285725627774775282e-01,6.301933611515787570e-01,6.318132452723314030e-01,6.334317708424350712e-01,6.350484907635393084e-01,6.366630493352433140e-01,6.382751939225940196e-01,6.398847317505648169e-01,6.414915331181648694e-01,6.430955523836555665e-01,6.446968580320138198e-01,6.462955582920766329e-01,6.478918010034380170e-01,6.494859229034465331e-01,6.510782029711958963e-01,6.526690991766957994e-01,6.542590639636203242e-01,6.558486680874365815e-01,6.574385204044764786e-01,6.590293068298970214e-01,6.606217735889668985e-01,6.622167326498871187e-01,6.638150498013146716e-01,6.654176270380156577e-01,6.670254410052440797e-01,6.686394843861114268e-01,6.702608223577893876e-01,6.718905483720186700e-01,6.735297760218444951e-01,6.751796642681705540e-01,6.768413809083290156e-01,6.785161509882268183e-01,6.802051744178001513e-01,6.819096684549948995e-01,6.836308882138948384e-01,6.853700523155807911e-01,6.871283863196285813e-01,6.889071234844976743e-01,6.907074539848472305e-01,6.925305803480612532e-01,6.943776636873255637e-01,6.962498116000312987e-01,6.981481338635231459e-01,7.000736888319639695e-01,7.020274862001458782e-01,7.040104618414586568e-01,7.060235432246974030e-01,7.080675445210354857e-01,7.101432403402173632e-01,7.122513556972901450e-01,7.143924937936296793e-01,7.165671852694108779e-01,7.187759125062046506e-01,7.210190470699552323e-01,7.232968440129590171e-01,7.256094946971904935e-01,7.279570826745538348e-01,7.303395530993347373e-01,7.327567954269841310e-01,7.352085731526417645e-01,7.376945106022408938e-01,7.402141388821101842e-01,7.427668556974391656e-01,7.453519599346620783e-01,7.479686116941366425e-01,7.506158385861876337e-01,7.532926003427484751e-01,7.559976350288188929e-01,7.587296434454315897e-01,7.614871512934814346e-01,7.642685953127820175e-01,7.670722240063042596e-01,7.698962633050041582e-01,7.727387026291664407e-01,7.755974836619807800e-01,7.784704210474326924e-01,7.813551776141437477e-01,7.842493255016401710e-01,7.871503532981810602e-01,7.900555625733102216e-01,7.929622380826970574e-01,7.958674851861511357e-01,7.987683683243170796e-01,8.016618244084194878e-01,8.045447218664943945e-01,8.074138225183538076e-01,8.102658665645583458e-01,8.130974394817885864e-01,8.159051032636555068e-01,8.186853552938129219e-01,8.214346485767599626e-01,8.241493618746994487e-01,8.268258533404128086e-01,8.294604348691047013e-01,8.320493986203528758e-01,8.345890015884905866e-01,8.370755120547201944e-01,8.395051523034351426e-01,8.418741722076481526e-01,8.441788443578925882e-01,8.464154500753278132e-01,8.485802563076155769e-01,8.506696486401765789e-01,8.526799205595804176e-01,8.546075521412348497e-01,8.564490039009428068e-01,8.582008270956569262e-01,8.598596106973022124e-01,8.614220723765052545e-01,8.628849864282591708e-01,8.642452233134945150e-01,8.654997784365734415e-01,8.666457628195622931e-01,8.676803362519109886e-01,8.686008576119894631e-01,8.694048188402760946e-01,8.700897771190583274e-01,8.706535342470845817e-01,8.710939626582304696e-01,8.714091322753348967e-01,8.715972495955116583e-01,8.716567071449881077e-01,8.715861080841392772e-01,8.713841487644987671e-01,8.710497897979280202e-01,8.705821374322937345e-01,8.699804991591215675e-01,8.692443658514739102e-01,8.683734486284038212e-01,8.673676328655335332e-01,8.662270482950279460e-01,8.649519906172683514e-01
1.608293109281488942e-01,1.604339807839282595e-01,1.601420420942346601e-01,1.599536752494926384e-01,1.598689008393844868e-01,1.598875661150256922e-01,1.600093407166904014e-01,1.602337257079478883e-01,1.605600544763855775e-01,1.609874950173506847e-01,1.615150469072995643e-01,1.621415432254592059e-01,1.628656579405345639e-01,1.636859162506293930e-01,1.646006781633282401e-01,1.656081621491720390e-01,1.667064280606712912e-01,1.678934086034061524e-01,1.691668920831619627e-01,1.705245157743461026e-01,1.719638153667533698e-01,1.734821946119987635e-01,1.750769181648509365e-01,1.767451642489637209e-01,1.784839874983647212e-01,1.802903507786614290e-01,1.821611083496681160e-01,1.840930322052825585e-01,1.860828166132742489e-01,1.881270650573477754e-01,1.902223104342839755e-01,1.923650339807728704e-01,1.945516490435737766e-01,1.967785290713121860e-01,1.990419793833844986e-01,2.013382925316075933e-01,2.036637204330158102e-01,2.060144843949827664e-01,2.083867984294378028e-01,2.107768608722755399e-01,2.131808653329087810e-01,2.155950153908393896e-01,2.180155196975751830e-01,2.204385982795071808e-01,2.228604995550534373e-01,2.252775067187916813e-01,2.276859262071884160e-01,2.300821109445831680e-01,2.324624666274723306e-01,2.348234429166349002e-01,2.371615603343574519e-01,2.394734010063394036e-01,2.417556151163319511e-01,2.440049215317438569e-01,2.462181385323971849e-01,2.483921539391009403e-01,2.505239539484002687e-01,2.526106206238194485e-01,2.546493319144980116e-01,2.566373672879575518e-01,2.585721160451874834e-01,2.604510895464732245e-01,2.622718875595130283e-01,2.640322489056250999e-01,2.657300294589242662e-01,2.673632014372166465e-01,2.689298574204325165e-01,2.704282332952152590e-01,2.718566737633499875e-01,2.732136820908893093e-01,2.744978631063592078e-01,2.757079614042285964e-01,2.768428776838592342e-01,2.779016182890103326e-01,2.788833358401003881e-01,2.797873237323664775e-01,2.806129927712492922e-01,2.813599050471864427e-01,2.820277480974320850e-01,2.826163365161726837e-01,2.831256204368824414e-01,2.835556732172391237e-01,2.839067208011172849e-01,2.841790764187463458e-01,2.843732149365675865e-01,2.844896992165455996e-01,2.845292283274469258e-01,2.844926207557134656e-01,2.843808051648692437e-01,2.841948174651257597e-01,2.839358024463109476e-01,2.836050148337001531e-01,2.832038023492358114e-01,2.827336074204371830e-01,2.821959877262348315e-01,2.815925600874346069e-01,2.809250469816859108e-01,2.801952439783903515e-01,2.794050374007939208e-01,2.785563639891053267e-01,2.776512574276860934e-01,2.766917833572458685e-01,2.756801120752658818e-01,2.746184177674932947e-01,2.735089764881051821e-01,2.723540729597814791e-01,2.711560530871770514e-01,2.699173051811425417e-01,2.686402400485857211e-01,2.673273017899838178e-01,2.659809602565730846e-01,2.646037026674142312e-01,2.631980544347487516e-01,2.617665079988429899e-01,2.603116059039790042e-01,2.588358765050754462e-01,2.573418527044765147e-01,2.558320538442054315e-01,2.543089971401078508e-01,2.527751930690826376e-01,2.512331325333415077e-01,2.496852835417351368e-01,2.481340939574430415e-01,2.465819746349889874e-01,2.450313370144918679e-01,2.434845208586186860e-01,2.419438519902054885e-01,2.404116182252097056e-01,2.388900591283622254e-01,2.373813663626418713e-01,2.358876966277509979e-01,2.344111515785777256e-01,2.329537714434945228e-01,2.315175623137739058e-01,2.301044613859075105e-01,2.287163481285326705e-01,2.273550465684050503e-01,2.260223246277791309e-01,2.247198728895348219e-01,2.234493432145931158e-01,2.222123007719688237e-01,2.210102494533975337e-01,2.198446374690543326e-01,2.187168352521062509e-01,2.176281529796397773e-01,2.165798237642464485e-01,2.155730228979061969e-01,2.146088453867807944e-01,2.136883251985864929e-01,2.128124270936654350e-01,2.119820388573413761e-01,2.111979976518433000e-01,2.104610510327097062e-01,2.097718818401645979e-01,2.091311241876245286e-01,2.085393266287989822e-01,2.079969750595683786e-01,2.075044881403091401e-01,2.070622311677528526e-01,2.066704905389646352e-01,2.063294928163239284e-01,2.060394116896188954e-01,2.058003502265270401e-01,2.056123555160259408e-01,2.054754105237011075e-01,2.053894439677235728e-01,2.053543294496228688e-01,2.053698791440889404e-01,2.054358527729066575e-01,2.055519665370417193e-01,2.057178755978774365e-01,2.059331752967193674e-01,2.061974322228909418e-01,2.065101508308470057e-01,2.068707915986167378e-01,2.072787685133786195e-01,2.077334607666335153e-01,2.082341889860762629e-01,2.087802392571931898e-01,2.093708634216370490e-01,2.100052623242022742e-01,2.106826081151400853e-01,2.114020390434631358e-01,2.121626381111841875e-01,2.129634787385473460e-01,2.138035784200683076e-01,2.146819372727895858e-01,2.155975278019911512e-01,2.165492785235368089e-01,2.175360939740379473e-01,2.185568470954753206e-01,2.196104033768162267e-01,2.206955709638471763e-01,2.218111576790701978e-01,2.229559325177448426e-01,2.241286544068400166e-01,2.253280497286392625e-01,2.265528247496644831e-01,2.278016678464678535e-01,2.290732378454458096e-01,2.303661917853689067e-01,2.316791559178432158e-01,2.330107444737846700e-01,2.343595491620437399e-01,2.357241501238909742e-01,2.371031152027094913e-01,2.384949889282849678e-01,2.398983189528511306e-01,2.413116170397528737e-01,2.427334057090521913e-01,2.441621780761323857e-01,2.455964257790870520e-01,2.470346367098378015e-01,2.484752825377061214e-01,2.499168278325718251e-01,2.513577386860543217e-01,2.527964587284188824e-01,2.542314457908629310e-01,2.556611406799773611e-01,2.570839951302885673e-01,2.584984357829636092e-01,2.599029238204877967e-01,2.612958940621880055e-01,2.626757909513905975e-01,2.640410655761845637e-01,2.653901597010250302e-01,2.667215420071185616e-01,2.680336838038279712e-01,2.693250536589095190e-01,2.705941266559990233e-01,2.718394214782048346e-01,2.730594299710712436e-01,2.742526880681365742e-01,2.754177309491207537e-01,2.765531260781124434e-01,2.776574449345560192e-01,2.787292909801548091e-01,2.797672990721283282e-01,2.807701022745791031e-01,2.817363879523435699e-01,2.826648662226158293e-01,2.835542747438516420e-01,2.844033754048924667e-01,2.852109778300431220e-01,2.859759272556770537e-01,2.866970954852038900e-01,2.873734261792309508e-01,2.880038677444010653e-01,2.885874272770019844e-01,2.891231830239913148e-01,2.896102210246828679e-01,2.900477125896016584e-01,2.904348602918970235e-01,2.907709361895221001e-01,2.910552572067253707e-01,2.912872181832260599e-01,2.914662477061439882e-01,2.915918633992524156e-01,2.916636270973043676e-01,2.916811864712225977e-01,2.916442264192718459e-01,2.915525460287877735e-01,2.914059724886634006e-01,2.912044273818328310e-01,2.909479064676003812e-01,2.906364829166124819e-01,2.902702761830261990e-01,2.898495290252378620e-01,2.893745380716696292e-01,2.888456767147886128e-01,2.882634063893477205e-01,2.876282645021256967e-01,2.869408707299412886e-01,2.862019341216404666e-01,2.854122411644750001e-01,2.845726445863454579e-01,2.836841051496160060e-01,2.827476533174103079e-01,2.817644021061983528e-01,2.807355373446812630e-01,2.796623469730972200e-01,2.785461705413450617e-01,2.773884485897356589e-01,2.761906928753234403e-01,2.749544880888175613e-01,2.736814920412488084e-01,2.723734535252678168e-01,2.710321616183213878e-01,2.696595043498746236e-01,2.682574308868337920e-01,2.668279367355546050e-01,2.653731082786189854e-01,2.638950737431564608e-01,2.623960117412338922e-01,2.608781929336114747e-01,2.593438913371095000e-01,2.577954771514879284e-01,2.562353209649005370e-01,2.546658664094384461e-01,2.530895859133086567e-01,2.515089761726629347e-01,2.499265809304106190e-01,2.483449642631526122e-01,2.467667002582170643e-01,2.451944083982468825e-01,2.436306978302034409e-01,2.420781933487131110e-01,2.405395323724326406e-01,2.390173464023389038e-01,2.375142538233018519e-01,2.360328932975839233e-01,2.345758472541503437e-01,2.331457218531500786e-01,2.317450717331437371e-01,2.303764358262930523e-01,2.290423110306585297e-01,2.277451714726518583e-01,2.264874280032918019e-01,2.252714683021532216e-01,2.240996034927601188e-01,2.229741001512950682e-01,2.218971649853866412e-01,2.208709265217925211e-01,2.198974565669643555e-01,2.189787407171358835e-01,2.181166887482101080e-01,2.173131266991969457e-01,2.165697846415761130e-01,2.158883097769326298e-01,2.152702448237741317e-01,2.147170281136261127e-01,2.142300119672299330e-01,2.138104142019408294e-01,2.134593639643286300e-01,2.131778668929548703e-01,2.129668083658657340e-01,2.128269551060444909e-01,2.127589538896235422e-01,2.127633196388531989e-01,2.128404439201606047e-01,2.129905955325107625e-01,2.132138964800017744e-01,2.135103456355326168e-01,2.138798090182490452e-01,2.143220161991777062e-01,2.148365547410895082e-01,2.154228854241138358e-01,2.160803239406509368e-01,2.168080578044828122e-01,2.176051259614259770e-01,2.184704492763792083e-01,2.194028031473312379e-01,2.204008238171326906e-01,2.214630272024816215e-01,2.225877965998457331e-01,2.237733782566737883e-01,2.250178929448213017e-01,2.263193501898255744e-01,2.276756317453043632e-01,2.290844868740322116e-01,2.305435768140024766e-01,2.320504330051711139e-01,2.336024776311337869e-01,2.351970340097211121e-01,2.368313273366416671e-01,2.385024904790972178e-01,2.402075607506238830e-01,2.419434893645452389e-01,2.437071509937934199e-01,2.454953358462361457e-01,2.473047878659585253e-01,2.491321588352849725e-01,2.509740509040290779e-01,2.528270228335122716e-01,2.546875773666663068e-01,2.565521910470257572e-01,2.584172953778544612e-01,2.602792881317553264e-01,2.621345681485566237e-01,2.639795031456904639e-01,2.658104542054950947e-01,2.676237943124240570e-01,2.694158887343214293e-01,2.711831373571403359e-01,2.729219345846602973e-01,2.746287110661461139e-01,2.762999464259708327e-01,2.779321451268970677e-01,2.795218653384658469e-01,2.810657132266837777e-01,2.825603700031872889e-01,2.840025726990489940e-01,2.853891330939014592e-01,2.867169619857767859e-01,2.879830254810281098e-01,2.891844139177269790e-01,2.903182968664148600e-01,2.913819647357753229e-01,2.923727966956776170e-01,2.932883164702480561e-01,2.941261390418901667e-01,2.948840518031772828e-01,2.955599087805618752e-01,2.961517592571067392e-01,2.966577569073741150e-01,2.970762205310830684e-01,2.974055991693629331e-01,2.976445143962774265e-01,2.977917377942748134e-01,2.978461805644911919e-01,2.978069339204048593e-01,2.976732491330635333e-01,2.974445431356392833e-01,2.971204033178167503e-01,2.967005682769072727e-01,2.961849750272774751e-01,2.955737113282584927e-01,2.948670352272109163e-01,2.940653917901482894e-01,2.931693898194183134e-01,2.921798027304766676e-01,2.910975800601143804e-01,2.899238340961274862e-01,2.886598629260599402e-01,2.873071041805332904e-01,2.858671831401405905e-01,2.843418714491439125e-01
4.374603583821397024e-01,4.364569942541180469e-01,4.354692806587456277e-01,4.344954172910257539e-01,4.335335441051282879e-01,4.325816851869129787e-01,4.316377951738094021e-01,4.306997743260048139e-01,4.297654655030466175e-01,4.288326396970309484e-01,4.278990411676508732e-01,4.269623924900703416e-01,4.260203693180049100e-01,4.250706615966005630e-01,4.241109489069973537e-01,4.231389006390646745e-01,4.221522149348653774e-01,4.211486275696018078e-01,4.201258967055474525e-01,4.190818125120970294e-01,4.180142378835973727e-01,4.169210932720712193e-01,4.158003630213038537e-01,4.146501248969681197e-01,4.134685050045170951e-01,4.122537885696567761e-01,4.110043002680304758e-01,4.097185069176523253e-01,4.083949942518242393e-01,4.070324535073851502e-01,4.056297229232604939e-01,4.041857691804192632e-01,4.026997055550520788e-01,4.011707729736342376e-01,3.995983770987386885e-01,3.979820822201068364e-01,3.963216081869102014e-01,3.946168267716542721e-01,3.928677881179407638e-01,3.910746922954103644e-01,3.892379232291581781e-01,3.873580239196384167e-01,3.854357094831052932e-01,3.834718735652748456e-01,3.814675717404730770e-01,3.794240206793939585e-01,3.773426167802091391e-01,3.752249240304378342e-01,3.730726561172418299e-01,3.708877004410469636e-01,3.686721008091157770e-01,3.664280417509968579e-01,3.641578659558253328e-01,3.618640675585491628e-01,3.595492613914780811e-01,3.572162205365402299e-01,3.548678185196722512e-01,3.525070813198553088e-01,3.501371089627109412e-01,3.477611473768400518e-01,3.453825377991971424e-01,3.430046779459716144e-01,3.406310853127000327e-01,3.382653422300135881e-01,3.359110986267518362e-01,3.335720561329446610e-01,3.312519807008459383e-01,3.289546633113670238e-01,3.266839318737667086e-01,3.244436285363157535e-01,3.222376345487617533e-01,3.200697944680200857e-01,3.179439651667296807e-01,3.158639857172335086e-01,3.138336633779120199e-01,3.118567792396341187e-01,3.099370495029118988e-01,3.080781487113224970e-01,3.062836798567667440e-01,3.045571816784762298e-01,3.029020867329259570e-01,3.013217666800469541e-01,2.998194516875699600e-01,2.983983024351282154e-01,2.970613392753127524e-01,2.958114527204334099e-01,2.946514129420175765e-01,2.935838464539662351e-01,2.926112255782858385e-01,2.917358709445013187e-01,2.909599418357166067e-01,2.902854421392447870e-01,2.897141862383287858e-01,2.892478291704032589e-01,2.888878296741962393e-01,2.886354755178766607e-01,2.884918497973575358e-01,2.884578496984793183e-01,2.885341959626384623e-01,2.887213824144033714e-01,2.890197352890326310e-01,2.894293601712701891e-01,2.899501784357281786e-01,2.905818929656821537e-01,2.913240287659161210e-01,2.921758978993538314e-01,2.931366139891539158e-01,2.942051255345684568e-01,2.953801492758665326e-01,2.966602347215952507e-01,2.980437307669449587e-01,2.995288455431844299e-01,3.011135531840010149e-01,3.027956866520949974e-01,3.045729101986794918e-01,3.064427278894173989e-01,3.084024752223023524e-01,3.104493591737740310e-01,3.125804292115689220e-01,3.147926041799036789e-01,3.170826773887029382e-01,3.194473202570689008e-01,3.218830976105973574e-01,3.243864669232657261e-01,3.269537962930338382e-01,3.295813586361637793e-01,3.322653746816126574e-01,3.350019710896459668e-01,3.377872286427361925e-01,3.406171779781680953e-01,3.434878258438416321e-01,3.463951357648453189e-01,3.493350469676280157e-01,3.523035077837137208e-01,3.552964571982109576e-01,3.583098315990980720e-01,3.613396271659995440e-01,3.643818130684116086e-01,3.674324594787189979e-01,3.704876368192757674e-01,3.735434983880444593e-01,3.765962505854758557e-01,3.796421844041104054e-01,3.826776646216372146e-01,3.856991504598464293e-01,3.887032201692182110e-01,3.916865231324143659e-01,3.946458565990471623e-01,3.975781115146287403e-01,4.004803202744507407e-01,4.033496673157498935e-01,4.061834427545315540e-01,4.089790938383032204e-01,4.117342262163725120e-01,4.144466045561443490e-01,4.171141184500843924e-01,4.197348537479949626e-01,4.223070557570506867e-01,4.248291253030492820e-01,4.272996385579045375e-01,4.297173276179263590e-01,4.320811244096420811e-01,4.343901146099953814e-01,4.366435614199188353e-01,4.388409024359839483e-01,4.409817215992366535e-01,4.430658219542633058e-01,4.450931239867307321e-01,4.470637400679093876e-01,4.489779302123200200e-01,4.508361420359027205e-01,4.526389266709789361e-01,4.543870466739433067e-01,4.560813528398909855e-01,4.577228648644448561e-01,4.593127320397245028e-01,4.608522538755308040e-01,4.623428079376513677e-01,4.637859170516883123e-01,4.651831976719785211e-01,4.665363950291077644e-01,4.678473131939743235e-01,4.691178594988301143e-01,4.703500047914615512e-01,4.715458131448885259e-01,4.727073805005623797e-01,4.738368740916590327e-01,4.749364887128498247e-01,4.760084634076758858e-01,4.770550658800989385e-01,4.780785404093848001e-01,4.790811811811445664e-01,4.800652665531518482e-01,4.810330568411479435e-01,4.819867769258018853e-01,4.829286368557144660e-01,4.838608070143790019e-01,4.847853923988648672e-01,4.857044584268263576e-01,4.866199808315848641e-01,4.875338776015767372e-01,4.884479730076586868e-01,4.893640078100658930e-01,4.902836175182108125e-01,4.912083252305392000e-01,4.921395525281863637e-01,4.930785870240239066e-01,4.940266060323212360e-01,4.949846252616616482e-01,4.959535436153210131e-01,4.969341110042168608e-01,4.979269452971644694e-01,4.989324681736630462e-01,4.999509915615355515e-01,5.009826346358515758e-01,5.020273740610224911e-01,5.030850151710886120e-01,5.041551800950996309e-01,5.052373515296010309e-01,5.063308394360621634e-01,5.074347487239869725e-01,5.085480559241242204e-01,5.096695639899138097e-01,5.107978898124995171e-01,5.119315050423780544e-01,5.130687067411622282e-01,5.142076404313173921e-01,5.153462823936992843e-01,5.164824992244807511e-01,5.176139615953956330e-01,5.187382305463879018e-01,5.198526893286977701e-01,5.209546563197186009e-01,5.220412898611036523e-01,5.231096074478628344e-01,5.241565647221946289e-01,5.251789882920777641e-01,5.261736214919303656e-01,5.271371205254952175e-01,5.280660560709811158e-01,5.289569578903519087e-01,5.298062770235286711e-01,5.306104251684569117e-01,5.313657658801957950e-01,5.320686506475763577e-01,5.327154228617405618e-01,5.333023794063245226e-01,5.338258939152079607e-01,5.342822614790425639e-01,5.346678906388264707e-01,5.349791727033479383e-01,5.352125987089556558e-01,5.353646566518202032e-01,5.354319546605629254e-01,5.354111691712905019e-01,5.352990675567617096e-01,5.350925119509222228e-01,5.347885052433841713e-01,5.343841638901317692e-01,5.338767184299385571e-01,5.332635877549992687e-01,5.325422884813056923e-01,5.317105464187293906e-01,5.307662571398568119e-01,5.297074812117185116e-01,5.285324941275885147e-01,5.272397371738509753e-01,5.258278775088398582e-01,5.242957954440385926e-01,5.226425792768202294e-01,5.208675892326566359e-01,5.189703280086941373e-01,5.169506160066135170e-01,5.148084950107937319e-01,5.125442302615412782e-01,5.101583526867361496e-01,5.076516462621754044e-01,5.050251463644712668e-01,5.022801213006634624e-01,4.994181394433914734e-01,4.964409856523996356e-01,4.933507278432720522e-01,4.901496835625065995e-01,4.868404115536884569e-01,4.834257412135491427e-01,4.799087327072975029e-01,4.762927199889958052e-01,4.725812492762991313e-01,4.687781194182735200e-01,4.648873534164273957e-01,4.609132200240434463e-01,4.568601792671093120e-01,4.527329126026594097e-01,4.485363388491661607e-01,4.442755437592972312e-01,4.399557884508213390e-01,4.355825534229713081e-01,4.311614468604467731e-01,4.266982778083957539e-01,4.221989751675673253e-01,4.176696251050151520e-01,4.131164281138943184e-01,4.085457006889109399e-01,4.039638750014329371e-01,3.993774458415680351e-01,3.947930369124163508e-01,3.902172792141634372e-01,3.856568939638087001e-01,3.811186371734266998e-01,3.766092720098347391e-01,3.721355955121611325e-01,3.677043754174504908e-01,3.633223895991447572e-01,3.589963816991125767e-01,3.547330228101582827e-01,3.505389698393469033e-01,3.464207830470014682e-01,3.423849282232423463e-01,3.384377849196848476e-01,3.345856315828265037e-01,3.308346032858585639e-01,3.271906961367682110e-01,3.236597668580403764e-01,3.202474911694283555e-01,3.169593902787044559e-01,3.138007679862552246e-01,3.107767562596031596e-01,3.078922645109905543e-01,3.051519734966355868e-01,3.025603534027125896e-01,3.001215971002274552e-01,2.978396849232909926e-01,2.957183173401922160e-01,2.937609272862513055e-01,2.919706876546037111e-01,2.903504617589315884e-01,2.889028462946822140e-01,2.876301370266123314e-01,2.865343425451195025e-01,2.856171410559574797e-01,2.848799203008248737e-01,2.843237545800229582e-01,2.839494096179027705e-01,2.837573284200939905e-01,2.837476508990285917e-01,2.839201565575799058e-01,2.842743685749734017e-01,2.848094550674454273e-01,2.855242829525774795e-01,2.864174145458873721e-01,2.874870754704674791e-01,2.887312134351553428e-01,2.901474710637793053e-01,2.917331923562940799e-01,2.934854199023747001e-01,2.954009185935054793e-01,2.974761950843091696e-01,2.997074592234683643e-01,3.020906688173705112e-01,3.046215265996515820e-01,3.072955010826289857e-01,3.101078200860136191e-01,3.130534789933719364e-01,3.161272764950061043e-01,3.193237893954858353e-01,3.226374151055170225e-01,3.260623676440205787e-01,3.295927028469060605e-01,3.332223033604149731e-01,3.369449241641581105e-01,3.407541990651037356e-01,3.446436219742878282e-01,3.486066025237592458e-01,3.526364600601548660e-01,3.567264425147756435e-01,3.608697274463610882e-01,3.650594463763884856e-01,3.692887264875716613e-01,3.735506341269958508e-01,3.778382686712191685e-01,3.821446965553885189e-01,3.864630691421369613e-01,3.907865354116160650e-01,3.951082847127922459e-01,3.994216119814016919e-01,4.037198650450800064e-01,4.079964753397286037e-01,4.122449978231914058e-01,4.164591085703479023e-01,4.206325778940394056e-01,4.247593621934239172e-01,4.288335385970614699e-01,4.328493450522226671e-01,4.368012253689033675e-01,4.406837650455526778e-01,4.444917791813620123e-01,4.482202553795706090e-01,4.518644142933247454e-01,4.554196743152598703e-01,4.588816914300940519e-01,4.622463775460614044e-01,4.655098201250422729e-01,4.686684136932294797e-01,4.717187754977373304e-01,4.746577854308998146e-01,4.774825699323848593e-01,4.801905173635850343e-01,4.827792994127736437e-01,4.852468192853179318e-01,4.875912788050685842e-01,4.898111296518348201e-01,4.919050872779028305e-01,4.938721504215408120e-01,4.957115682477912233e-01,4.974228610411721152e-01,4.990057885722072317e-01,5.004603988046955054e-01,5.017869763835299812e-01,5.029860631342873978e-01,5.040584271579149345e-01,5.050051069155887529e-01,5.058273272335851445e-01,5.065265996937716730e-01,5.071045848520612243e-01,5.075632084457516457e-01,5.079045968740127925e-01,5.081310333193502782e-01
7.098179563131624958e-02,7.046240469493957048e-02,6.999446519516086540e-02,6.958011457072263428e-02,6.922140801407433708e-02,6.892029915997938128e-02,6.867864294065509356e-02,6.849818381592277794e-02,6.838054953045252793e-02,6.832725486787895319e-02,6.833968428403391915e-02,6.841910333492182139e-02,6.856663626425385516e-02,6.878327101823621115e-02,6.906985969709245055e-02,6.942711207587941302e-02,6.985558047604784049e-02,7.035568295815453066e-02,7.092767626024981675e-02,7.157166637887123206e-02,7.228760270999270987e-02,7.307528253317306655e-02,7.393434552739762411e-02,7.486427894279962247e-02,7.586440019528252476e-02,7.693388590731366217e-02,7.807174490500755348e-02,7.927683969280764631e-02,8.054787327749131365e-02,8.188340854326156548e-02,8.328185623495415468e-02,8.474147296983615407e-02,8.626038428747780096e-02,8.783657653678327015e-02,8.946789323952815398e-02,9.115205357954377086e-02,9.288665401849736936e-02,9.466916177827525147e-02,9.649693559849520375e-02,9.836722209402046224e-02,1.002771601036524934e-01,1.022237951643139575e-01,1.042040786856751611e-01,1.062148781853319707e-01,1.082529765988730491e-01,1.103150963704411097e-01,1.123978872662766137e-01,1.144979446010902235e-01,1.166118155575916471e-01,1.187360058332505575e-01,1.208669834359091810e-01,1.230011981468571852e-01,1.251350720754929868e-01,1.272650318799938007e-01,1.293874867311042842e-01,1.314988659458309894e-01,1.335956045828451955e-01,1.356741639992838366e-01,1.377310396945482240e-01,1.397627632600281777e-01,1.417659040979928897e-01,1.437371121634032634e-01,1.456730697404552966e-01,1.475705451404066004e-01,1.494263913479701167e-01,1.512375297933221674e-01,1.530009837390382543e-01,1.547138713303110036e-01,1.563734187206740622e-01,1.579769670266831516e-01,1.595219665934051456e-01,1.610059989311679318e-01,1.624267746059056272e-01,1.637821343900828508e-01,1.650700655891345348e-01,1.662886875815461074e-01,1.674362859376620771e-01,1.685112810778673087e-01,1.695122630681489551e-01,1.704379694979807902e-01,1.712873101872047221e-01,1.720593521135093673e-01,1.727533367618574456e-01,1.733686611873056782e-01,1.739049000252523569e-01,1.743617943668986925e-01,1.747392669310456614e-01,1.750373901697761525e-01,1.752564277490569200e-01,1.753967935151070912e-01,1.754590849585337953e-01,1.754440563483088689e-01,1.753526279565818524e-01,1.751858885622483708e-01,1.749450762752713384e-01,1.746315900777997143e-01,1.742469844190614181e-01,1.737929513018605099e-01,1.732713409933333837e-01,1.726841381889403226e-01,1.720334544365758889e-01,1.713215450584515132e-01,1.705507788873359132e-01,1.697236415561356182e-01,1.688427455147404055e-01,1.679107855557981643e-01,1.669305834967774183e-01,1.659050312506657465e-01,1.648371142644911302e-01,1.637298919304104039e-01,1.625865047754348758e-01,1.614101488698886644e-01,1.602040824742008984e-01,1.589715948793165856e-01,1.577160350547428813e-01,1.564407731118153400e-01,1.551492107311825963e-01,1.538447537678073185e-01,1.525308273450274033e-01,1.512108531434359082e-01,1.498882426227298170e-01,1.485663981031323522e-01,1.472486855729570332e-01,1.459384480928643812e-01,1.446389915309481411e-01,1.433535671155455049e-01,1.420853801010062423e-01,1.408375580465872356e-01,1.396131874835082054e-01,1.384152517045681985e-01,1.372466683486495143e-01,1.361102553509633273e-01,1.350087444719232366e-01,1.339447587988944199e-01,1.329208215079269173e-01,1.319393458572311328e-01,1.310026174932374110e-01,1.301128015989456155e-01,1.292719559712271205e-01,1.284819713346102843e-01,1.277446458006391561e-01,1.270616081949695053e-01,1.264343636173852203e-01,1.258642634653549808e-01,1.253525253668024975e-01,1.249002095601080276e-01,1.245082242114996934e-01,1.241773388797616506e-01,1.239081665797191756e-01,1.237011665037482944e-01,1.235566417387591875e-01,1.234747587338420050e-01,1.234555243714955952e-01,1.234987858283174283e-01,1.236042624361177455e-01,1.237715171603351177e-01,1.239999728803496543e-01,1.242888993906614975e-01,1.246374480019494801e-01,1.250446176654178843e-01,1.255092847535816680e-01,1.260302019538519225e-01,1.266059845160246999e-01,1.272351399050367926e-01,1.279160626540653267e-01,1.286470319093874215e-01,1.294262308896366731e-01,1.302517375542023848e-01,1.311215395680543905e-01,1.320335395770479980e-01,1.329855640424839613e-01,1.339753624142019650e-01,1.350006078600746173e-01,1.360589370138791110e-01,1.371479030241159747e-01,1.382650388269496544e-01,1.394078131330849790e-01,1.405736887540771918e-01,1.417600782220372335e-01,1.429643851405390798e-01,1.441840048524083706e-01,1.454163285514810944e-01,1.466587384717296383e-01,1.479086402001608680e-01,1.491634430096608621e-01,1.504205970856059560e-01,1.516775588637984673e-01,1.529318463106355830e-01,1.541809984828011182e-01,1.554226192871554224e-01,1.566543619593247227e-01,1.578739362312537031e-01,1.590791329277801425e-01,1.602678012757250692e-01,1.614378766966290679e-01,1.625873781822648467e-01,1.637144054372541291e-01,1.648171538960253868e-01,1.658939179656660490e-01,1.669430920805105856e-01,1.679631752355882079e-01,1.689527712495276224e-01,1.699105959093881457e-01,1.708354804141185290e-01,1.717263621532426343e-01,1.725823075731015843e-01,1.734024959050110837e-01,1.741862277663898395e-01,1.749329258573467105e-01,1.756421323840294535e-01,1.763135204884386520e-01,1.769468685202485181e-01,1.775420961672512510e-01,1.780992265344522318e-01,1.786184133856042189e-01,1.790999286794816292e-01,1.795441541214939374e-01,1.799515883958764106e-01,1.803228422692784161e-01,1.806586420378882285e-01,1.809598058834041012e-01,1.812272681490655346e-01,1.814620515196858630e-01,1.816652821894020331e-01,1.818381713423166401e-01,1.819820203704977379e-01,1.820982072750311764e-01,1.821881967522428203e-01,1.822535097048705588e-01,1.822957498424761236e-01,1.823165670913708125e-01,1.823176800466707326e-01,1.823008431908964833e-01,1.822678608037154591e-01,1.822205836400846435e-01,1.821608747393617111e-01,1.820906410793144414e-01,1.820117931372871312e-01,1.819262652646077005e-01,1.818359941867577489e-01,1.817429129669999865e-01,1.816489555152079050e-01,1.815560291790117020e-01,1.814660421457279793e-01,1.813808623423691091e-01,1.813023330061676597e-01,1.812322534088837978e-01,1.811723904595638202e-01,1.811244568674344191e-01,1.810901036872241687e-01,1.810709372858461674e-01,1.810684869532705188e-01,1.810842144328903836e-01,1.811195089534519687e-01,1.811756760853894810e-01,1.812539473628362319e-01,1.813554540394517189e-01,1.814812368061156922e-01,1.816322553901538461e-01,1.818093477835572847e-01,1.820132682818874637e-01,1.822446544940375113e-01,1.825040455739369294e-01,1.827918751758143279e-01,1.831084549401840178e-01,1.834539800685212052e-01,1.838285567599118320e-01,1.842321427191738192e-01,1.846646119571558053e-01,1.851257119263602091e-01,1.856150623864566973e-01,1.861321923777087828e-01,1.866764955235687695e-01,1.872472690595864686e-01,1.878436925222841669e-01,1.884648343090677136e-01,1.891096645624540662e-01,1.897770436762206414e-01,1.904657330990377762e-01,1.911743903435234038e-01,1.919015861649213395e-01,1.926457878350311959e-01,1.934053911135772130e-01,1.941786974024628798e-01,1.949639363437860873e-01,1.957592579691541934e-01,1.965627472500467154e-01,1.973724115924868905e-01,1.981862285729406592e-01,1.990020933571194917e-01,1.998178647425949972e-01,2.006313650777183100e-01,2.014403744205646440e-01,2.022426367739977859e-01,2.030358881508476654e-01,2.038178340783121378e-01,2.045861716777194750e-01,2.053385912336180008e-01,2.060727954873712298e-01,2.067864758191025054e-01,2.074773513949610404e-01,2.081431673904436119e-01,2.087816792937974841e-01,2.093906816240299895e-01,2.099680114888542448e-01,2.105115527162038092e-01,2.110192282845735345e-01,2.114890395830623382e-01,2.119190230909672179e-01,2.123073087288013250e-01,2.126520892124695861e-01,2.129516307825539967e-01,2.132042930887982080e-01,2.134085195715956507e-01,2.135628467875108072e-01,2.136659106877422665e-01,2.137164476493242649e-01,2.137132981808401722e-01,2.136554103473752297e-01,2.135418517093846669e-01,2.133717954591350108e-01,2.131445407909088041e-01,2.128594896217398391e-01,2.125161963305227109e-01,2.121143045489284062e-01,2.116536029850618617e-01,2.111340031366049086e-01,2.105555372506034695e-01,2.099183774006564696e-01,2.092228054519565950e-01,2.084692326694806974e-01,2.076582080357180504e-01,2.067903971005186081e-01,2.058665846343131212e-01,2.048876840568114310e-01,2.038547277747908004e-01,2.027688571910553628e-01,2.016313450622571612e-01,2.004435529527686666e-01,1.992069665981310300e-01,1.979231778858802915e-01,1.965938719400729395e-01,1.952208242893408441e-01,1.938059228430613623e-01,1.923511267586867080e-01,1.908584824101747790e-01,1.893301188034139659e-01,1.877682299896403506e-01,1.861750796435960309e-01,1.845530027116043803e-01,1.829043687022873788e-01,1.812316152946469583e-01,1.795372210514023792e-01,1.778236893211129210e-01,1.760935658163566842e-01,1.743494219815538426e-01,1.725938323240155392e-01,1.708294037510492969e-01,1.690587339879700279e-01,1.672844252439212309e-01,1.655090638999026087e-01,1.637352288990138738e-01,1.619654757339532014e-01,1.602023361986173455e-01,1.584482862188278940e-01,1.567058029357540627e-01,1.549772763655592744e-01,1.532650634134058443e-01,1.515714584410172427e-01,1.498986948126923846e-01,1.482489356501691113e-01,1.466242637412275285e-01,1.450266833999564464e-01,1.434581103286550197e-01,1.419203869917325667e-01,1.404152406862358704e-01,1.389443087967673629e-01,1.375091300782792791e-01,1.361111298270352710e-01,1.347516284498939398e-01,1.334318338629388867e-01,1.321528386006615707e-01,1.309156081362031487e-01,1.297210072193407393e-01,1.285697617064823772e-01,1.274624837187748605e-01,1.263996559096552119e-01,1.253816406714058362e-01,1.244086774967580467e-01,1.234808720168439206e-01,1.225982044962475176e-01,1.217605514335024508e-01,1.209676364959236111e-01,1.202190794309881405e-01,1.195143769734818145e-01,1.188529085010107122e-01,1.182339360384982302e-01,1.176566030580596250e-01,1.171199481611138044e-01,1.166229052783594317e-01,1.161643005442679344e-01,1.157428603414633050e-01,1.153572184141445356e-01,1.150059215203106250e-01,1.146874146954006274e-01,1.144000801793885053e-01,1.141422121223303887e-01,1.139120336027049096e-01,1.137077159651439656e-01,1.135273548017553535e-01,1.133690002992608775e-01,1.132306447982011494e-01,1.131102610046037932e-01,1.130057652569795568e-01,1.129150563235088306e-01,1.128360092131684977e-01,1.127664805830888989e-01,1.127043167749660901e-01,1.126473729397069468e-01,1.125934946883638821e-01,1.125405528292366397e-01,1.124864210531875824e-01,1.124290075679553053e-01,1.123662587381351052e-01,1.122961387281778134e-01,1.122166682376484620e-01,1.121259211881201895e-01
3.338013156463108810e-01,3.365274242931747262e-01,3.392672922900064059e-01,3.420190461712060981e-01,3.447808100753927962e-01,3.475506674461290579e-01,3.503267016924245247e-01,3.531069303081939559e-01,3.558893927294268789e-01,3.586720831757678751e-01,3.614529997283967289e-01,3.642301155752434294e-01,3.670013832910869467e-01,3.697647531308934643e-01,3.725181832218535938e-01,3.752596081443282383e-01,3.779869688738374811e-01,3.806981843599035464e-01,3.833912086488975302e-01,3.860639645028022815e-01,3.887144133241030031e-01,3.913404949372454866e-01,3.939401726362215528e-01,3.965114349992761578e-01,3.990522563880300466e-01,4.015606409357793671e-01,4.040346302844088910e-01,4.064722492492457984e-01,4.088715784136677800e-01,4.112307087208298406e-01,4.135477564637469738e-01,4.158208754280009467e-01,4.180482480211880070e-01,4.202280768662360888e-01,4.223586338280627128e-01,4.244381808943907819e-01,4.264650652504914929e-01,4.284376215511692121e-01,4.303542919592825977e-01,4.322134969195980392e-01,4.340137687678671252e-01,4.357536213642886347e-01,4.374316819776442045e-01,4.390465745337180925e-01,4.405969938993706814e-01,4.420817069489895168e-01,4.434995033809462917e-01,4.448492501688802725e-01,4.461298818326435156e-01,4.473403619204050496e-01,4.484797290735709208e-01,4.495470817682419296e-01,4.505415859846933491e-01,4.514624566529130134e-01,4.523089791432475804e-01,4.530805058095195847e-01,4.537764493370808339e-01,4.543962975397521364e-01,4.549395786867927449e-01,4.554059091326301822e-01,4.557949820138581520e-01,4.561065316575150241e-01,4.563403683390652166e-01,4.564963656052419272e-01,4.565744824827311366e-01,4.565747321831586936e-01,4.564971905294649690e-01,4.563420137075840377e-01,4.561094099662306167e-01,4.557996748579911661e-01,4.554131420636585159e-01,4.549502382763324637e-01,4.544114499954741704e-01,4.537973181715028170e-01,4.531084456191855070e-01,4.523455232082095323e-01,4.515092854392097066e-01,4.506005255522563813e-01,4.496201178126773557e-01,4.485689857771532618e-01,4.474481043921968992e-01,4.462585078118168069e-01,4.450013172466076306e-01,4.436776693008917527e-01,4.422887841564995814e-01,4.408359257723667435e-01,4.393204072905150803e-01,4.377436064888964862e-01,4.361069307522127958e-01,4.344118546290367533e-01,4.326598814273074911e-01,4.308525798452257916e-01,4.289915573555516670e-01,4.270784468097515441e-01,4.251149440221138054e-01,4.231027597876203528e-01,4.210436728292468178e-01,4.189394667728227883e-01,4.167919772860058658e-01,4.146030632506133018e-01,4.123746232884174523e-01,4.101085787247831238e-01,4.078068650812726181e-01,4.054714585349548095e-01,4.031043560070377008e-01,4.007075692468066719e-01,3.982831203774425677e-01,3.958330669120343481e-01,3.933594632449246564e-01,3.908643935481799780e-01,3.883499408768220640e-01,3.858182014290960637e-01,3.832712672177463475e-01,3.807112466681463747e-01,3.781402568536224029e-01,3.755603974451929838e-01,3.729737694232039824e-01,3.703824830583228866e-01,3.677886349660471899e-01,3.651943226005655574e-01,3.626016138914899822e-01,3.600125863794010339e-01,3.574292929642367556e-01,3.548537793740801916e-01,3.522880649716214063e-01,3.497341583423602129e-01,3.471940514911047160e-01,3.446696928273138560e-01,3.421630255542838506e-01,3.396759638852517860e-01,3.372103963483586986e-01,3.347681703302916589e-01,3.323511075045491037e-01,3.299610135422091917e-01,3.275996314684479493e-01,3.252686919132016796e-01,3.229698688787002170e-01,3.207048131258322110e-01,3.184751317067474607e-01,3.162823826244270942e-01,3.141280893477342850e-01,3.120137246012266163e-01,3.099407242796513029e-01,3.079104626745615136e-01,3.059242891406370735e-01,3.039834739758286997e-01,3.020892643082220830e-01,3.002428479275871531e-01,2.984453445411195394e-01,2.966978469917206374e-01,2.950013804098021719e-01,2.933569116722621328e-01,2.917653664174403305e-01,2.902276027466840769e-01,2.887444255335667731e-01,2.873165779550537757e-01,2.859447554895131471e-01,2.846295885715053875e-01,2.833716595672168270e-01,2.821714595491613964e-01,2.810294681689810559e-01,2.799460676822932981e-01,2.789216129266493538e-01,2.779563632629287184e-01,2.770505537071754620e-01,2.762043334533623162e-01,2.754177984419259873e-01,2.746909990261010570e-01,2.740239139681292513e-01,2.734164800764907755e-01,2.728685420557696029e-01,2.723799232506373125e-01,2.719503611895215389e-01,2.715795613240526984e-01,2.712671569137887762e-01,2.710127291154457718e-01,2.708158064114805086e-01,2.706758597657428767e-01,2.705923083354303538e-01,2.705645272897850839e-01,2.705918236724212389e-01,2.706734688204177619e-01,2.708086713629418996e-01,2.709966053291686383e-01,2.712363814837188136e-01,2.715270904450282630e-01,2.718677528850687031e-01,2.722573394590808160e-01,2.726948205619360022e-01,2.731790744252981518e-01,2.737089822087963586e-01,2.742833638735258095e-01,2.749009946940518256e-01,2.755606361368357904e-01,2.762610106556396272e-01,2.770008036447377253e-01,2.777786758488177687e-01,2.785932477336066637e-01,2.794431209666046190e-01,2.803268762725508179e-01,2.812430656290798026e-01,2.821902085473899091e-01,2.831668348948439551e-01,2.841714182379035392e-01,2.852024431923895764e-01,2.862583707826240054e-01,2.873376377801138415e-01,2.884386915585100408e-01,2.895599591785111282e-01,2.906998557902941149e-01,2.918567977454254447e-01,2.930291886690165604e-01,2.942154338384387335e-01,2.954139707032334417e-01,2.966231769584357081e-01,2.978414715137716051e-01,2.990672830709172336e-01,3.002990342936470713e-01,3.015351512468018580e-01,3.027740893827521318e-01,3.040143015475468280e-01,3.052542659336777153e-01,3.064924543331903894e-01,3.077273886497959299e-01,3.089575758994138055e-01,3.101815726029545361e-01,3.113979427773134190e-01,3.126052672669412669e-01,3.138021659924520312e-01,3.149872947022318570e-01,3.161592945784927888e-01,3.173168840385567901e-01,3.184587910913194153e-01,3.195837654775893766e-01,3.206906131680792305e-01,3.217781554336975880e-01,3.228452492516697969e-01,3.238908013579130940e-01,3.249137574404932782e-01,3.259130810281283264e-01,3.268877802325316217e-01,3.278369212179895187e-01,3.287595936641620198e-01,3.296549341523614118e-01,3.305221089005487278e-01,3.313603638287078712e-01,3.321689386364630736e-01,3.329471475582346796e-01,3.336943428627159869e-01,3.344099189222552448e-01,3.350933172356095335e-01,3.357440182953813079e-01,3.363615414502717504e-01,3.369454745856543809e-01,3.374954345138804768e-01,3.380110757338518068e-01,3.384921083709882539e-01,3.389382875830553865e-01,3.393493998501218578e-01,3.397252923658967694e-01,3.400658446865561513e-01,3.403709830470939557e-01,3.406406636942720945e-01,3.408749159730733447e-01,3.410737716134398800e-01,3.412373390125676975e-01,3.413657332725439364e-01,3.414591319091619948e-01,3.415177386763996181e-01,3.415418032837518880e-01,3.415315894341112712e-01,3.414874281314599913e-01,3.414096743536357836e-01,3.412986979350314809e-01,3.411549178082636802e-01,3.409787794316589959e-01,3.407707613225518517e-01,3.405313679744126909e-01,3.402611203599532064e-01,3.399605888390594410e-01,3.396303356104807825e-01,3.392709854986561968e-01,3.388831483600561745e-01,3.384674799317088922e-01,3.380246426736593923e-01,3.375553035013985070e-01,3.370601993842738398e-01,3.365400144843153085e-01,3.359954822169640698e-01,3.354273363596751989e-01,3.348363405578239083e-01,3.342232342094046960e-01,3.335887969313240942e-01,3.329338073167684153e-01,3.322590177770558539e-01,3.315652293210339385e-01,3.308532103346077391e-01,3.301237503292095976e-01,3.293776320309917405e-01,3.286156318236079787e-01,3.278385298281321081e-01,3.270470937195872896e-01,3.262420880213901531e-01,3.254242767994446894e-01,3.245944002554131957e-01,3.237532099536954422e-01,3.229014340045204268e-01,3.220397783673012992e-01,3.211689702599367924e-01,3.202896858763854548e-01,3.194025997118164484e-01,3.185083959515546126e-01,3.176077016688987897e-01,3.167011547259616644e-01,3.157893633544389123e-01,3.148729275711211750e-01,3.139524124101791269e-01,3.130283933906460314e-01,3.121013756661847327e-01,3.111719004003481448e-01,3.102404482919794981e-01,3.093074969041137989e-01,3.083734936612702038e-01,3.074388718689276545e-01,3.065040519180483591e-01,3.055694089447805739e-01,3.046353058785342682e-01,3.037020916177960994e-01,3.027700841375439711e-01,3.018395884062526346e-01,3.009108809129227846e-01,2.999842191059668428e-01,2.990598470559685529e-01,2.981379661623693722e-01,2.972187955554286276e-01,2.963024968594510922e-01,2.953892338686970320e-01,2.944791528585602447e-01,2.935723704042332849e-01,2.926689840556560007e-01,2.917691096295641495e-01,2.908727950883706059e-01,2.899801223664849048e-01,2.890911145021716755e-01,2.882058349464468039e-01,2.873242806018603268e-01,2.864464693034720622e-01,2.855723998192923330e-01,2.847020679937867782e-01,2.838354638209652503e-01,2.829725561250716614e-01,2.821133117847576810e-01,2.812577067927544694e-01,2.804057016714536221e-01,2.795572479730699667e-01,2.787123241074020985e-01,2.778708783205089961e-01,2.770328720220773810e-01,2.761982671695588087e-01,2.753670281463793668e-01,2.745391414973335498e-01,2.737145551476911631e-01,2.728932848979235826e-01,2.720753073292516699e-01,2.712606148394452465e-01,2.704492292040803214e-01,2.696411683680612903e-01,2.688364793176202250e-01,2.680351947962172354e-01,2.672373814648223433e-01,2.664431175950269792e-01,2.656524983863904343e-01,2.648656269737940661e-01,2.640826448264426141e-01,2.633036956032333564e-01,2.625289463300976567e-01,2.617585792667392330e-01,2.609928061987091263e-01,2.602318628236608977e-01,2.594760018226526244e-01,2.587254861164606234e-01,2.579806235638053558e-01,2.572417359045032215e-01,2.565091732320249895e-01,2.557832838423085287e-01,2.550644984421182038e-01,2.543532141068670649e-01,2.536498722143167850e-01,2.529549455802019287e-01,2.522689388631842999e-01,2.515923572973279287e-01,2.509257499430858629e-01,2.502696850097431702e-01,2.496247574929048307e-01,2.489915757567346677e-01,2.483707785402938795e-01,2.477630390394354176e-01,2.471690385747159491e-01,2.465894626208825491e-01,2.460250754947795326e-01,2.454766015257502654e-01,2.449448071740009669e-01,2.444304824421257571e-01,2.439344525223275939e-01,2.434575156958645459e-01,2.430005212163215689e-01,2.425643115587424736e-01,2.421497670202777674e-01,2.417577542924635725e-01,2.413891762958002007e-01,2.410449287034788224e-01,2.407259154069279761e-01,2.404330667703340751e-01,2.401672943625112466e-01,2.399295424973738322e-01,2.397207219196004213e-01,2.395417723711539548e-01,2.393936472815064997e-01,2.392772580889368228e-01,2.391935395577385326e-01,2.391434004487844323e-01,2.391277896304833950e-01,2.391476032134062513e-01,2.392037446360179842e-01,2.392970885888272004e-01,2.394285350201642848e-01,2.395989229202215298e-01
1.176134044797624983e-01,1.172332577042086016e-01,1.168644763323873903e-01,1.165060358754686082e-01,1.161568839564910971e-01,1.158159364571323680e-01,1.154820874289997634e-01,1.151542178947741191e-01,1.148311892928693262e-01,1.145118565825558599e-01,1.141950654345985638e-01,1.138796668024032316e-01,1.135645091800047690e-01,1.132484511141860356e-01,1.129303644274239071e-01,1.126091369609391879e-01,1.122836694684812425e-01,1.119529063602512226e-01,1.116157987020595516e-01,1.112713409762009914e-01,1.109185681213634145e-01,1.105565443992534147e-01,1.101843865729821154e-01,1.098012576218092146e-01,1.094063657434261871e-01,1.089989828164453223e-01,1.085784297270109694e-01,1.081440907529564316e-01,1.076954112064306135e-01,1.072319017732930729e-01,1.067531454060923202e-01,1.062587863688062850e-01,1.057485483914516605e-01,1.052222226111270559e-01,1.046796770214630523e-01,1.041208606448735391e-01,1.035457920472239168e-01,1.029545717030468654e-01,1.023473795249570106e-01,1.017244734742784318e-01,1.010861859102477889e-01,1.004329370804721289e-01,9.976521887121879428e-02,9.908360707528585110e-02,9.838874866397041841e-02,9.768137122421113872e-02,9.696227789604497382e-02,9.623234011368307639e-02,9.549251002889952433e-02,9.474379985644375279e-02,9.398729762134966359e-02,9.322415373702058750e-02,9.245557924395175764e-02,9.168284852121640072e-02,9.090729750732645664e-02,9.013030694911107477e-02,8.935331625859596616e-02,8.857780868483829118e-02,8.780530888976496862e-02,8.703738898108126509e-02,8.627565440859036316e-02,8.552173951394276274e-02,8.477731226075610471e-02,8.404406060034348702e-02,8.332369353250036748e-02,8.261793876235050404e-02,8.192852734873096177e-02,8.125720472445412124e-02,8.060571491310962455e-02,7.997580056385240888e-02,7.936918948285499875e-02,7.878760810668444803e-02,7.823276333833456553e-02,7.770633630539505732e-02,7.720998809582922673e-02,7.674534723999765218e-02,7.631400346747209407e-02,7.591751197891716263e-02,7.555738833595970760e-02,7.523508822303431876e-02,7.495202856987209783e-02,7.470955741362204916e-02,7.450897518569174482e-02,7.435151192987866919e-02,7.423832997031212799e-02,7.417052089136871862e-02,7.414910794364905355e-02,7.417502452483107356e-02,7.424913375095895662e-02,7.437221356390476268e-02,7.454495237340702518e-02,7.476795510958986202e-02,7.504173228285697383e-02,7.536670523994171145e-02,7.574319258190186088e-02,7.617142946218628807e-02,7.665154378701899418e-02,7.718356808146779879e-02,7.776743725713726463e-02,7.840298389630268039e-02,7.908994258484546014e-02,7.982794639633099265e-02,8.061652737345989528e-02,8.145511742124458832e-02,8.234305117131057727e-02,8.327955933968037017e-02,8.426378421398478258e-02,8.529475994228326308e-02,8.637143702112246024e-02,8.749266896027053930e-02,8.865721456460111394e-02,8.986374925786864976e-02,9.111085456090481371e-02,9.239703923555739329e-02,9.372072357085625693e-02,9.508024820939045552e-02,9.647388941124809825e-02,9.789983566848828311e-02,9.935622826113622852e-02,1.008411246097501712e-01,1.023525328344823682e-01,1.038884064759907355e-01,1.054466401177574369e-01,1.070250842812568576e-01,1.086215526621905902e-01,1.102338030824639853e-01,1.118595770725396288e-01,1.134965801481737507e-01,1.151424912777043730e-01,1.167949654023250905e-01,1.184516572758382708e-01,1.201101956447984537e-01,1.217682100161723430e-01,1.234233333570631391e-01,1.250731939338865228e-01,1.267154371425047166e-01,1.283477232057395334e-01,1.299677225534892899e-01,1.315731382877155242e-01,1.331616981822096035e-01,1.347311604074450109e-01,1.362793247086470372e-01,1.378040359087100986e-01,1.393031775757217205e-01,1.407746825548741310e-01,1.422165482165598516e-01,1.436268230296822712e-01,1.450036161591847783e-01,1.463451105039712541e-01,1.476495466954975133e-01,1.489152501360133385e-01,1.501406134793923930e-01,1.513241165515967768e-01,1.524642948877013016e-01,1.535598134807554804e-01,1.546093781557500713e-01,1.556118079698823875e-01,1.565660015717998954e-01,1.574709541496162324e-01,1.583257538513070384e-01,1.591295824373740730e-01,1.598817161312291457e-01,1.605815181223766708e-01,1.612284657033363489e-01,1.618221141068632574e-01,1.623621280286666746e-01,1.628482704489298549e-01,1.632803833013277139e-01,1.636584218035604110e-01,1.639824253719449898e-01,1.642525265009472379e-01,1.644689519949162904e-01,1.646320256239524882e-01,1.647421481106310648e-01,1.647998074197332408e-01,1.648055857371079347e-01,1.647601398361443481e-01,1.646642047525719021e-01,1.645185954186240695e-01,1.643242048196254801e-01,1.640819840899617188e-01,1.637929656390245126e-01,1.634582346718557455e-01,1.630789473351330066e-01,1.626563121362582243e-01,1.621915912275649907e-01,1.616860956932439086e-01,1.611411862927487615e-01,1.605582559690717226e-01,1.599387491007816242e-01,1.592841374703693191e-01,1.585959201979088573e-01,1.578756204689944487e-01,1.571247913384113681e-01,1.563450004949871186e-01,1.555378174460459451e-01,1.547048383516092251e-01,1.538476465325987752e-01,1.529678406571215177e-01,1.520670040716353422e-01,1.511467168473582812e-01,1.502085493463155841e-01,1.492540600921110905e-01,1.482847762638692113e-01,1.473022117502062189e-01,1.463078498099120717e-01,1.453031430833454651e-01,1.442895175614208603e-01,1.432683587547153858e-01,1.422410051212379678e-01,1.412087605961965808e-01,1.401728849915604425e-01,1.391345871271462420e-01,1.380950292719225203e-01,1.370553071522651600e-01,1.360164840257107599e-01,1.349795486863040739e-01,1.339454456445851593e-01,1.329150434355620969e-01,1.318891672896322365e-01,1.308685720552156817e-01,1.298539489473880260e-01,1.288459282048822763e-01,1.278450745833666635e-01,1.268518898098625891e-01,1.258668185849053101e-01,1.248902339008340495e-01,1.239224398629117790e-01,1.229636850436749973e-01,1.220141631933642085e-01,1.210739966910805848e-01,1.201432549457910892e-01,1.192219413316492616e-01,1.183100040000129721e-01,1.174073419666817192e-01,1.165138026037342844e-01,1.156291732008432743e-01,1.147531974185304615e-01,1.138855718656015953e-01,1.130259517974199351e-01,1.121739462141374821e-01,1.113291318165713084e-01,1.104910442033534279e-01,1.096591915024741209e-01,1.088330552426586828e-01,1.080120820311452207e-01,1.071957033407229393e-01,1.063833294971646692e-01,1.055743521341516167e-01,1.047681592991665384e-01,1.039641198831299101e-01,1.031616053388506732e-01,1.023599861753664853e-01,1.015586300342842946e-01,1.007569148665085346e-01,9.995422136241849387e-02,9.914995355833991497e-02,9.834352388142049428e-02,9.753437483389781892e-02,9.672195320484174019e-02,9.590575165686365811e-02,9.508528576956269684e-02,9.426010248449491480e-02,9.342978954813538350e-02,9.259397006472863678e-02,9.175231096338876124e-02,9.090452185418605724e-02,9.005036523412469907e-02,8.918964323073730327e-02,8.832222226850083846e-02,8.744801454970034527e-02,8.656699074949734951e-02,8.567918207445390788e-02,8.478467334050704407e-02,8.388361304585710554e-02,8.297621853198497432e-02,8.206275551748834496e-02,8.114356550986279171e-02,8.021905365950676714e-02,7.928968040350267699e-02,7.835597986259056069e-02,7.741855037431340236e-02,7.647805579739799797e-02,7.553521999222768957e-02,7.459083306109808020e-02,7.364574473440291258e-02,7.270086971290015687e-02,7.175718703503729257e-02,7.081572440392783219e-02,6.987757227786849101e-02,6.894388381457294823e-02,6.801585194248790933e-02,6.709472255055089207e-02,6.618180407600146586e-02,6.527842794067661991e-02,6.438599143391193769e-02,6.350591649919723469e-02,6.263966843867661838e-02,6.178874244836562307e-02,6.095466661176309614e-02,6.013899775709567741e-02,5.934330938701107283e-02,5.856919910047025946e-02,5.781827386051607148e-02,5.709215999509810457e-02,5.639248605683389037e-02,5.572088101040833380e-02,5.507897667286034554e-02,5.446840413313216306e-02,5.389077024032182944e-02,5.334767807173424609e-02,5.284071290380025487e-02,5.237143321779177269e-02,5.194136903336689370e-02,5.155202498616322238e-02,5.120485820931202497e-02,5.090130137160919083e-02,5.064273021640636890e-02,5.043048036549448859e-02,5.026582683968176812e-02,5.014999677659257027e-02,5.008414527758803941e-02,5.006937801018893075e-02,5.010672245199843805e-02,5.019713539556951154e-02,5.034150527658101670e-02,5.054063958757723518e-02,5.079525984533356242e-02,5.110601157647267495e-02,5.147345001157224709e-02,5.189804145599229146e-02,5.238016207123359635e-02,5.292009297793771883e-02,5.351802043551991822e-02,5.417403843019185511e-02,5.488813575724688781e-02,5.566020449800841707e-02,5.649003737885076315e-02,5.737732324312821985e-02,5.832164811571017432e-02,5.932250087739157629e-02,6.037926142504151245e-02,6.149121394576850114e-02,6.265753198243170785e-02,6.387729811061344798e-02,6.514948827226435535e-02,6.647298293683620574e-02,6.784655793174047822e-02,6.926890574218338981e-02,7.073860823692722233e-02,7.225417022704115622e-02,7.381399589148535112e-02,7.541640770649184200e-02,7.705964364212944395e-02,7.874185481676221343e-02,8.046112443795745695e-02,8.221544598512250945e-02,8.400275519015812375e-02,8.582090879735652933e-02,8.766770955004048183e-02,8.954089452206065447e-02,9.143814587078252787e-02,9.335709505447026268e-02,9.529532749989157170e-02,9.725038377722711180e-02,9.921977012726281020e-02,1.012009610660833669e-01,1.031913997610205969e-01,1.051885086929303936e-01,1.071896948544032863e-01,1.091923474832520863e-01,1.111938560226342493e-01,1.131915943874021863e-01,1.151829616056067318e-01,1.171653438954282644e-01,1.191361530369872829e-01,1.210928157792015153e-01,1.230327793526754948e-01,1.249535289463484522e-01,1.268525740968436399e-01,1.287274719059440797e-01,1.305758116291095006e-01,1.323952512438399398e-01,1.341834800686222406e-01,1.359382563904652785e-01,1.376574023726018503e-01,1.393387977915616360e-01,1.409804088824159751e-01,1.425802610132773929e-01,1.441364634590470706e-01,1.456472124846520111e-01,1.471107782755030069e-01,1.485255379891418925e-01,1.498899451101881330e-01,1.512025530075276070e-01,1.524620132893461655e-01,1.536670806419012103e-01,1.548166028055585342e-01,1.559095283623523620e-01,1.569449350821398304e-01,1.579219835876152500e-01,1.588399534428832638e-01,1.596982272597934904e-01,1.604962982062035914e-01,1.612337775807008433e-01,1.619103796691538089e-01,1.625259318376860995e-01,1.630803657640884918e-01,1.635737305361440186e-01,1.640061738492121224e-01,1.643779584106841718e-01,1.646894539863708318e-01,1.649411293969143821e-01,1.651335588014672118e-01,1.652674177583200454e-01,1.653434723881223034e-01,1.653625896993122513e-01,1.653257407857450512e-01,1.652339653392528029e-01,1.650884077180261311e-01,1.648902847010253192e-01,1.646409009226874054e-01,1.643416294620218543e-01,1.639939252908553247e-01,1.635993030251884639e-01,1.631593506326903531e-01,1.626757087627001275e-01
4.146604254017326463e-01,4.158473455595281809e-01,4.169945281967485928e-01,4.181032442812564476e-01,4.191748665694197684e-01,4.202108629042000110e-01,4.212127332564849502e-01,4.221820768093453302e-01,4.231205346302641668e-01,4.240298098604853849e-01,4.249116433787459290e-01,4.257678146269501807e-01,4.266001374542950364e-01,4.274104594046822525e-01,4.282006267063300786e-01,4.289725091963116355e-01,4.297279795688443427e-01,4.304689110283135833e-01,4.311971527556254791e-01,4.319145711216762495e-01,4.326229715810060994e-01,4.333241581743578763e-01,4.340198765148810534e-01,4.347118884482144008e-01,4.354018230801480760e-01,4.360913232106338189e-01,4.367819683536059427e-01,4.374752617007054423e-01,4.381726366925009497e-01,4.388754649768318861e-01,4.395850475651764677e-01,4.403025985369988793e-01,4.410292448594548831e-01,4.417660424417141352e-01,4.425139267847966185e-01,4.432738030685403618e-01,4.440464034714328712e-01,4.448324248789491397e-01,4.456324241026077271e-01,4.464469059272951901e-01,4.472762092179931592e-01,4.481206331022196676e-01,4.489803385472413977e-01,4.498553963927677812e-01,4.507457607545863887e-01,4.516513021242006820e-01,4.525717797569924206e-01,4.535068673936726857e-01,4.544561199668196161e-01,4.554189980393864023e-01,4.563948931234325657e-01,4.573830535539221143e-01,4.583827002333580314e-01,4.593929414027606017e-01,4.604127722512005305e-01,4.614411503105350087e-01,4.624769478989000371e-01,4.635189403359731286e-01,4.645658688161228289e-01,4.656163841105236956e-01,4.666691053303229086e-01,4.677225756334654760e-01,4.687752790545134385e-01,4.698256816475030462e-01,4.708722036017216617e-01,4.719132338322089004e-01,4.729471057576201121e-01,4.739721630173184264e-01,4.749867175966704935e-01,4.759890611935584381e-01,4.769774945738609606e-01,4.779502981872946199e-01,4.789057964960771741e-01,4.798422573069341945e-01,4.807580391793213614e-01,4.816514604503675523e-01,4.825209005401759899e-01,4.833647607020473691e-01,4.841814823457935013e-01,4.849695219763984766e-01,4.857274235435252718e-01,4.864537472306675880e-01,4.871471452461059726e-01,4.878062882440373227e-01,4.884299537658431389e-01,4.890169395386969597e-01,4.895661531879492157e-01,4.900765521758628784e-01,4.905472034614409282e-01,4.909772307514658762e-01,4.913658357927353504e-01,4.917123278197069181e-01,4.920160932619876415e-01,4.922765996925191900e-01,4.924934436078695077e-01,4.926662643637941263e-01,4.927948406370069034e-01,4.928790028702899062e-01,4.929187296854711242e-01,4.929140345858314953e-01,4.928650834173688433e-01,4.927720983708617775e-01,4.926354195769016009e-01,4.924554503629641755e-01,4.922327216831188235e-01,4.919678493681944875e-01,4.916615048181063319e-01,4.913144691344986104e-01,4.909276008600524377e-01,4.905018470417835119e-01,4.900382258850447537e-01,4.895378482713561574e-01,4.890018492386215554e-01,4.884314785014547966e-01,4.878280185563503846e-01,4.871928355377662667e-01,4.865273159111969115e-01,4.858329448508855730e-01,4.851112047260082161e-01,4.843636444081596548e-01,4.835918416758896443e-01,4.827973919347458565e-01,4.819819633266330117e-01,4.811471795419899333e-01,4.802947327097685237e-01,4.794262841334406833e-01,4.785435223083423506e-01,4.776481369785475772e-01,4.767417916374956932e-01,4.758261603995383449e-01,4.749028810362325714e-01,4.739735857316063061e-01,4.730398663824911254e-01,4.721032843360037368e-01,4.711653497284123415e-01,4.702275709776451706e-01,4.692913758087929876e-01,4.683581190022476637e-01,4.674291628296589618e-01,4.665057477572253086e-01,4.655890765290158217e-01,4.646802883306289100e-01,4.637804223219144650e-01,4.628904815053788702e-01,4.620113465501499705e-01,4.611438462642942215e-01,4.602887053418093788e-01,4.594465949009856054e-01,4.586180451632035915e-01,4.578035328831305817e-01,4.570034363433717051e-01,4.562180237406762706e-01,4.554474805166226492e-01,4.546919004575611933e-01,4.539512770224541915e-01,4.532255086756986073e-01,4.525143665149128358e-01,4.518176002722170681e-01,4.511347970765605675e-01,4.504654804048980887e-01,4.498090764145467602e-01,4.491649260620632633e-01,4.485322854341571852e-01,4.479103205134051802e-01,4.472981114134101932e-01,4.466946848739428155e-01,4.460989524316971711e-01,4.455097862119272722e-01,4.449259753333593692e-01,4.443462622746275903e-01,4.437692991754809690e-01,4.431937427173038846e-01,4.426181235323970453e-01,4.420409924940282842e-01,4.414608309118575047e-01,4.408760878725338506e-01,4.402851921629233889e-01,4.396865505168759958e-01,4.390785679232483418e-01,4.384595965581899457e-01,4.378280184766504268e-01,4.371822229635363155e-01,4.365205810515502827e-01,4.358415160080635342e-01,4.351434283811213000e-01,4.344247887889959303e-01,4.336840726211980135e-01,4.329198004698263103e-01,4.321305427449821379e-01,4.313149307171986191e-01,4.304716472565713326e-01,4.295994293384003959e-01,4.286970975055363064e-01,4.277635420594387283e-01,4.267977378525644183e-01,4.257987458352055499e-01,4.247657180247332853e-01,4.236979045018218204e-01,4.225946555965707230e-01,4.214554234769352092e-01,4.202797730621762318e-01,4.190673876987173752e-01,4.178180668351179627e-01,4.165317122568413244e-01,4.152083953252441728e-01,4.138482478437529588e-01,4.124515869322440964e-01,4.110188256941272322e-01,4.095505399824979631e-01,4.080474101235003759e-01,4.065102612387901937e-01,4.049400473253170762e-01,4.033378831407432585e-01,4.017049681648973691e-01,4.000427060041836791e-01,3.983525576872062879e-01,3.966361540827464949e-01,3.948952665999334588e-01,3.931317684201772744e-01,3.913476666243299595e-01,3.895450979186617091e-01,3.877263089586041045e-01,3.858936470705309763e-01,3.840496064016772348e-01,3.821967432815281396e-01,3.803377480622124329e-01,3.784753965660311859e-01,3.766125562173809893e-01,3.747521681544544458e-01,3.728972542184126326e-01,3.710509204602848721e-01,3.692163372582638048e-01,3.673967178799707467e-01,3.655953349907530292e-01,3.638155110560657435e-01,3.620605938761622955e-01,3.603339530096689725e-01,3.586390056341706156e-01,3.569791694327388853e-01,3.553578377859378801e-01,3.537784467496675744e-01,3.522443519444590776e-01,3.507589749873754048e-01,3.493256253270995981e-01,3.479476303089354405e-01,3.466282288677585699e-01,3.453706354217758179e-01,3.441779805815536886e-01,3.430533133031799520e-01,3.419996275960276444e-01,3.410197934070612336e-01,3.401166075089719909e-01,3.392927556270733946e-01,3.385507938959207985e-01,3.378931625196636701e-01,3.373221837964923697e-01,3.368400297343565608e-01,3.364487242367937281e-01,3.361501509336857207e-01,3.359460215182403231e-01,3.358378993793830758e-01,3.358271660913297874e-01,3.359150346690469302e-01,3.361025229955366678e-01,3.363904973702973589e-01,3.367795871111254336e-01,3.372702739508174896e-01,3.378628152701007581e-01,3.385572523443072246e-01,3.393534774233860629e-01,3.402511292783307884e-01,3.412496566000766673e-01,3.423482938894126248e-01,3.435460873907825174e-01,3.448418521771052792e-01,3.462341930837722348e-01,3.477215252800097134e-01,3.493020292129556115e-01,3.509737327370596738e-01,3.527343754300135692e-01,3.545815719084428053e-01,3.565127016494214485e-01,3.585249775073455769e-01,3.606153699206538499e-01,3.627807350872952474e-01,3.650176825839763772e-01,3.673226937826681859e-01,3.696920594906494273e-01,3.721219026005823660e-01,3.746081949465084882e-01,3.771467834803435282e-01,3.797333346034029167e-01,3.823633897994891395e-01,3.850323814537119915e-01,3.877356245536197621e-01,3.904683068013707903e-01,3.932255248286808391e-01,3.960023137164941365e-01,3.987935748046859685e-01,4.015941710057585046e-01,4.043989111924948254e-01,4.072025577210202640e-01,4.099998079437940923e-01,4.127853581789838744e-01,4.155538596489916636e-01,4.182999992417732460e-01,4.210184242136080224e-01,4.237038184594632551e-01,4.263509089160923970e-01,4.289544285515526911e-01,4.315091756368784059e-01,4.340100035009543666e-01,4.364518590795862241e-01,4.388297277926108686e-01,4.411387273144930510e-01,4.433740572261323232e-01,4.455310384396603540e-01,4.476051163776477715e-01,4.495918600858148095e-01,4.514869898910257029e-01,4.532863864371337037e-01,4.549860625998393138e-01,4.565822300403316047e-01,4.580712807537054010e-01,4.594497786975914044e-01,4.607144681202358649e-01,4.618623471085557264e-01,4.628905607127120625e-01,4.637965009826585661e-01,4.645777875586562522e-01,4.652322505513535322e-01,4.657579541239897369e-01,4.661532170339935388e-01,4.664165670324040835e-01,4.665468032465171500e-01,4.665429527504352247e-01,4.664043030167199788e-01,4.661304047900833303e-01,4.657210260833729021e-01,4.651762172300215048e-01,4.644962753154181501e-01,4.636817612919648668e-01,4.627334704798195530e-01,4.616524664830629621e-01,4.604400565644505283e-01,4.590977848033965247e-01,4.576274539342759518e-01,4.560311296833661210e-01,4.543110712384832994e-01,4.524697975575128206e-01,4.505100489371751671e-01,4.484347993839648550e-01,4.462472216302162953e-01,4.439507097693213278e-01,4.415488721675002726e-01,4.390454974040527425e-01,4.364445639657196785e-01,4.337502283645750523e-01,4.309668499491341453e-01,4.280989205264947861e-01,4.251510932187877456e-01,4.221281701648291751e-01,4.190350982281804693e-01,4.158769283067972888e-01,4.126588304335498947e-01,4.093861026350007482e-01,4.060641215795712244e-01,4.026983262138047470e-01,3.992942806975204872e-01,3.958575494194758182e-01,3.923937915820989719e-01,3.889086814258189140e-01,3.854079103956587482e-01,3.818972224665555526e-01,3.783823435310532668e-01,3.748689796769026916e-01,3.713628317851698224e-01,3.678695869662186868e-01,3.643948544582563676e-01,3.609442139713742170e-01,3.575231870782594190e-01,3.541372054368281397e-01,3.507916136737947443e-01,3.474916922397086605e-01,3.442425700281693812e-01,3.410493172275670948e-01,3.379168206873673364e-01,3.348498649171003372e-01,3.318531052921035451e-01,3.289310184126717496e-01,3.260879265616843381e-01,3.233280133927862732e-01,3.206552477340366414e-01,3.180734428768212663e-01,3.155862165254025853e-01,3.131969998009370704e-01,3.109090130984390465e-01,3.087252849844729363e-01,3.066486284306402799e-01,3.046816338897059273e-01,3.028267005537843004e-01,3.010859762159398545e-01,2.994614120927673317e-01,2.979547218414489995e-01,2.965673942708281219e-01,2.953006793578644151e-01,2.941556261388461047e-01,2.931330369775399514e-01,2.922334783088609833e-01,2.914573209593061542e-01,2.908046501994143718e-01,2.902754156773999505e-01,2.898692600846484724e-01,2.895856566160814882e-01,2.894238373544856247e-01,2.893828557772745724e-01,2.894615313742025520e-01,2.896584704730911231e-01,2.899721252040159958e-01,2.904007065012684796e-01,2.909422767497719664e-01,2.915946951390420705e-01,2.923556663401976619e-01,2.932227028413700864e-01,2.941931810348237808e-01,2.952643153660965414e-01,2.964331931319539315e-01
3.685695730766728739e-01,3.704141873017220421e-01,3.722520941030347807e-01,3.740807965962066883e-01,3.758978049815996925e-01,3.777005967412288556e-01,3.794867041374730965e-01,3.812536243984055995e-01,3.829988901432742066e-01,3.847200527984287466e-01,3.864146713521632859e-01,3.880803456425633846e-01,3.897146981564698631e-01,3.913153884525500947e-01,3.928801137073405503e-01,3.944066220814121948e-01,3.958927048935062531e-01,3.973362078229395467e-01,3.987350254755744339e-01,4.000871290122047785e-01,4.013905375117670093e-01,4.026433538413696223e-01,4.038437528194171455e-01,4.049899745463932388e-01,4.060803440848684276e-01,4.071132828245319635e-01,4.080872865368326274e-01,4.090009531953104904e-01,4.098529583313241242e-01,4.106420939894058209e-01,4.113672397815895665e-01,4.120273818206834360e-01,4.126216199629880177e-01,4.131491475809990765e-01,4.136092796423212481e-01,4.140014480987750378e-01,4.143251659974363510e-01,4.145801057396631961e-01,4.147660274273866077e-01,4.148828085096007978e-01,4.149304730968075283e-01,4.149091206146172661e-01,4.148190048347437653e-01,4.146604904108878165e-01,4.144340550012274860e-01,4.141402879601387976e-01,4.137799199280092766e-01,4.133537732303783074e-01,4.128627919478183861e-01,4.123080598783480100e-01,4.116907508242729774e-01,4.110121411331696950e-01,4.102736357530371025e-01,4.094767505818683317e-01,4.086230642639689936e-01,4.077143143063602926e-01,4.067522902633178283e-01,4.057389167832050614e-01,4.046761709810209329e-01,4.035661350045182671e-01,4.024109680478866746e-01,4.012129302466672098e-01,3.999743372041648093e-01,3.986975799785947294e-01,3.973851150937940946e-01,3.960394629993102544e-01,3.946631950595989036e-01,3.932589454609198287e-01,3.918293840436104514e-01,3.903772251204656318e-01,3.889052327675351362e-01,3.874161648843803540e-01,3.859128376255750448e-01,3.843980801592519203e-01,3.828747355246282513e-01,3.813456245463014982e-01,3.798136077552877188e-01,3.782815191379449438e-01,3.767522029806286699e-01,3.752284607828951790e-01,3.737131032747603721e-01,3.722088684089582822e-01,3.707185139293553977e-01,3.692447242642397653e-01,3.677901470622081948e-01,3.663573850887311689e-01,3.649489771059026832e-01,3.635674065970500579e-01,3.622150898217075810e-01,3.608943702368118678e-01,3.596075240807526385e-01,3.583567300823621848e-01,3.571441041697472896e-01,3.559716498247134098e-01,3.548412798729594364e-01,3.537548392536428721e-01,3.527140314142743205e-01,3.517204675634515443e-01,3.507756693831520778e-01,3.498810145675338434e-01,3.490378077648618182e-01,3.482471845942319288e-01,3.475102081421003741e-01,3.468277832168168984e-01,3.462007208929246405e-01,3.456296918453068412e-01,3.451152556090328893e-01,3.446578094354958433e-01,3.442576700376619447e-01,3.439149767384472312e-01,3.436297930441570281e-01,3.434020108997050680e-01,3.432314189736581644e-01,3.431176626477496217e-01,3.430602713576434426e-01,3.430586515371054079e-01,3.431120983522870094e-01,3.432197459298831910e-01,3.433806560398959817e-01,3.435937379709368411e-01,3.438578223202988782e-01,3.441715835567877857e-01,3.445336382848118717e-01,3.449424694108249589e-01,3.453964648526758330e-01,3.458939138788914569e-01,3.464330336598455129e-01,3.470119237946673874e-01,3.476286081602660283e-01,3.482810650014411813e-01,3.489671609212287029e-01,3.496846978287226348e-01,3.504314426013198647e-01,3.512050691059305785e-01,3.520032308047965630e-01,3.528235213329263265e-01,3.536634856405044269e-01,3.545206498699936537e-01,3.553925138933800021e-01,3.562765388041834180e-01,3.571701752327626211e-01,3.580708739827359599e-01,3.589760728792126820e-01,3.598832088131727058e-01,3.607897429963737856e-01,3.616931428346099042e-01,3.625908880850912119e-01,3.634805084547605980e-01,3.643595341016519495e-01,3.652255671009216331e-01,3.660762334426071463e-01,3.669092213072109310e-01,3.677222694234099087e-01,3.685131826727531812e-01,3.692798254250558299e-01,3.700201536290467219e-01,3.707321668693849270e-01,3.714139885392040430e-01,3.720638054116700566e-01,3.726799082415218067e-01,3.732606474169418154e-01,3.738045379363525988e-01,3.743101445983221254e-01,3.747761674996922809e-01,3.752014030000509481e-01,3.755847702221808970e-01,3.759253034520046444e-01,3.762221558268576405e-01,3.764746219665960347e-01,3.766820639784249081e-01,3.768440384311451674e-01,3.769601795736635674e-01,3.770302761774610989e-01,3.770542301508255090e-01,3.770320788084072783e-01,3.769640080723620779e-01,3.768502924967533918e-01,3.766913713076984194e-01,3.764877910430146635e-01,3.762402531395488969e-01,3.759495430173337982e-01,3.756166092528590572e-01,3.752424862860873622e-01,3.748283726766329926e-01,3.743755533088586884e-01,3.738854448874016634e-01,3.733595660474209321e-01,3.727995430319201442e-01,3.722071090199623455e-01,3.715841133380547445e-01,3.709324926049559212e-01,3.702542718311027659e-01,3.695515701339689985e-01,3.688265968196294819e-01,3.680816269486986148e-01,3.673190380444368852e-01,3.665412382629391619e-01,3.657507216886804469e-01,3.649500481739685886e-01,3.641418223077181326e-01,3.633286871891718839e-01,3.625133231081569818e-01,3.616984735762020509e-01,3.608869037370278088e-01,3.600813785130927425e-01,3.592846875391592087e-01,3.584996487398590670e-01,3.577290567172385360e-01,3.569757405573381615e-01,3.562424872037398549e-01,3.555320821577602208e-01,3.548472834613645710e-01,3.541908368874541191e-01,3.535654419963916717e-01,3.529737608568110918e-01,3.524184085626790863e-01,3.519019568178384794e-01,3.514268965503917763e-01,3.509956946144868195e-01,3.506107086238111625e-01,3.502742628125126156e-01,3.499885626785960713e-01,3.497557496965699175e-01,3.495778755804319626e-01,3.494568946700057910e-01,3.493946606405849975e-01,3.493929359474093332e-01,3.494533595021593886e-01,3.495774681274447238e-01,3.497666869180542926e-01,3.500223277081452866e-01,3.503455614638341098e-01,3.507374511634800962e-01,3.511989409040815469e-01,3.517308246600211463e-01,3.523337787265971577e-01,3.530083546549275253e-01,3.537549464357094831e-01,3.545738412706475606e-01,3.554651798022855913e-01,3.564289516110944467e-01,3.574650263500953606e-01,3.585731369867242724e-01,3.597528745864525535e-01,3.610036901996837022e-01,3.623249178119614666e-01,3.637157145778248668e-01,3.651751688425540210e-01,3.667021828717350607e-01,3.682955552739637928e-01,3.699539532609714132e-01,3.716759203444077730e-01,3.734598734675235732e-01,3.753041132278954750e-01,3.772068314571761505e-01,3.791660805807828827e-01,3.811798500324111161e-01,3.832459892764278342e-01,3.853622493454543774e-01,3.875262910120585436e-01,3.897356967722360732e-01,3.919879321417195084e-01,3.942804004999119760e-01,3.966104154579619401e-01,3.989752254841764656e-01,4.013720052975153774e-01,4.037978764636057094e-01,4.062498808066841716e-01,4.087250376051828615e-01,4.112202911515071002e-01,4.137325680592863208e-01,4.162587381194026714e-01,4.187956560339744505e-01,4.213401481613853194e-01,4.238890259636531321e-01,4.264390715792704678e-01,4.289870839957461435e-01,4.315298569309062304e-01,4.340641617228226390e-01,4.365867978590561305e-01,4.390945997001043932e-01,4.415843866115082283e-01,4.440530154214449299e-01,4.464973958271775678e-01,4.489144524401572078e-01,4.513011416840163048e-01,4.536545032789678356e-01,4.559715900805016986e-01,4.582495296434205834e-01,4.604855203547083553e-01,4.626767881238079139e-01,4.648206629270938972e-01,4.669145517416730673e-01,4.689559081885885106e-01,4.709422732867928341e-01,4.728713114277778296e-01,4.747407175717491268e-01,4.765483128415496372e-01,4.782920042104292779e-01,4.799697819358612616e-01,4.815797550472762922e-01,4.831201213097273128e-01,4.845891763453400447e-01,4.859853311139999410e-01,4.873071046233403147e-01,4.885530949860670824e-01,4.897220459857490327e-01,4.908127959887065850e-01,4.918242820911032931e-01,4.927555560660917267e-01,4.936057961150380757e-01,4.943742762947159197e-01,4.950603736037460512e-01,4.956636003204243912e-01,4.961835389141660557e-01,4.966199284729705954e-01,4.969725756075935585e-01,4.972414163994438030e-01,4.974264664954681225e-01,4.975278781220436874e-01,4.975458855216612353e-01,4.974808055570703602e-01,4.973330966640600592e-01,4.971032841325842555e-01,4.967919718643530325e-01,4.963998777180111954e-01,4.959278219890648209e-01,4.953766622972794464e-01,4.947473868782253925e-01,4.940410210593962903e-01,4.932587140549739568e-01,4.924016423603164716e-01,4.914710770190104383e-01,4.904683511273782992e-01,4.893948662415186779e-01,4.882520813000428284e-01,4.870415028704678795e-01,4.857647104179825259e-01,4.844233069294910377e-01,4.830189724615461810e-01,4.815534043499226091e-01,4.800283653543426232e-01,4.784456175534950173e-01,4.768070013277522778e-01,4.751143479387491264e-01,4.733695462693290890e-01,4.715744869968886421e-01,4.697310960064250418e-01,4.678412967460900962e-01,4.659070532741259041e-01,4.639303028197836465e-01,4.619130414686479225e-01,4.598572270365212100e-01,4.577648387846153799e-01,4.556378531215761751e-01,4.534782457460442284e-01,4.512879915490769500e-01,4.490690446008261394e-01,4.468233541626684957e-01,4.445528642275650144e-01,4.422595092771961500e-01,4.399451859899755624e-01,4.376118053725073787e-01,4.352612388467332338e-01,4.328953344939002190e-01,4.305159331768463327e-01,4.281248420848319802e-01,4.257238609504117588e-01,4.233147279216210035e-01,4.208991997560333487e-01,4.184789778075407307e-01,4.160557377340123875e-01,4.136311548480600120e-01,4.112068322567469791e-01,4.087843750973937929e-01,4.063653569762058493e-01,4.039513180234727829e-01,4.015437676938742317e-01,3.991441730844094704e-01,3.967539918677974176e-01,3.943746593241994614e-01,3.920075684214141543e-01,3.896540758400911519e-01,3.873155360179136864e-01,3.849932519041431855e-01,3.826885119340610597e-01,3.804025720391054355e-01,3.781366808839690119e-01,3.758920228681196241e-01,3.736698194830404551e-01,3.714712027061379818e-01,3.692973229890499920e-01,3.671493060395439878e-01,3.650282408922271293e-01,3.629352173785178604e-01,3.608712697172555828e-01,3.588374598215725020e-01,3.568348075849243628e-01,3.548643053729886310e-01,3.529269510163126622e-01,3.510237023335885387e-01,3.491555260534249805e-01,3.473233588501218883e-01,3.455281278058930372e-01,3.437707486089390807e-01,3.420521117787152510e-01,3.403730930496993712e-01,3.387345950225880142e-01,3.371374484710624175e-01,3.355825104224709476e-01,3.340705967288872813e-01,3.326025540973877592e-01,3.311791675954041114e-01,3.298012470559754661e-01,3.284695665670494535e-01,3.271848769480554808e-01,3.259479579370243574e-01,3.247595271144355644e-01,3.236203018753170957e-01,3.225309949832275702e-01,3.214922944518107117e-01,3.205048569985567974e-01,3.195693553475266735e-01,3.186863993432228481e-01,3.178566129650896022e-01,3.170805651062265640e-01,3.163588401426299379e-01
6.473162325762128466e-01,6.483680703325939154e-01,6.493236915641255047e-01,6.501803321538836000e-01,6.509353964432496031e-01,6.515864466966337920e-01,6.521312714572430336e-01,6.525677506936082839e-01,6.528940736466409822e-01,6.531085007579662260e-01,6.532096015108217468e-01,6.531960645599435011e-01,6.530668402776516057e-01,6.528210494786804707e-01,6.524580415926999333e-01,6.519773988366850404e-01,6.513788937732162276e-01,6.506625288824534614e-01,6.498285178931064721e-01,6.488773025735241617e-01,6.478095630362535884e-01,6.466261563583978189e-01,6.453282008756490162e-01,6.439169984889554499e-01,6.423941153218492017e-01,6.407612735910029889e-01,6.390204731663886584e-01,6.371738826684186785e-01,6.352238619074274117e-01,6.331730159014941073e-01,6.310241318143466893e-01,6.287801989304846462e-01,6.264443620364683607e-01,6.240199967127298963e-01,6.215106339354220522e-01,6.189199699589836845e-01,6.162518848719927833e-01,6.135103974689077866e-01,6.106996950691059300e-01,6.078240966640154896e-01,6.048880825856558507e-01,6.018962225359915097e-01,5.988532233633051538e-01,5.957639104107089745e-01,5.926332140558985273e-01,5.894661318288509921e-01,5.862677703563902165e-01,5.830432920443164857e-01,5.797979373121816549e-01,5.765369777843152299e-01,5.732657551702672327e-01,5.699896328738759399e-01,5.667139768652391663e-01,5.634442143917871570e-01,5.601857250148409850e-01,5.569439014116248643e-01,5.537241219787339963e-01,5.505317223489430978e-01,5.473719965696816070e-01,5.442502198245317002e-01,5.411715620737028720e-01,5.381411542032676909e-01,5.351640303735316628e-01,5.322451494354991652e-01,5.293893407817360508e-01,5.266013422608236683e-01,5.238857909269331037e-01,5.212471631149471207e-01,5.186898052678643456e-01,5.162179277719620707e-01,5.138355694650674765e-01,5.115466396135948113e-01,5.093548506154697009e-01,5.072637212803080553e-01,5.052766290305007457e-01,5.033967320958193659e-01,5.016269932525776465e-01,4.999701764735206555e-01,4.984288350671291501e-01,4.970053048985512700e-01,4.957017205436451968e-01,4.945199582485190759e-01,4.934617079850089905e-01,4.925284085491090091e-01,4.917212674640081826e-01,4.910412540682335680e-01,4.904891177159871329e-01,4.900653536597059379e-01,4.897702167507462234e-01,4.896037391331116151e-01,4.895656934511939951e-01,4.896556361452858996e-01,4.898728634351088296e-01,4.902164512485204795e-01,4.906852245175228888e-01,4.912778150016781087e-01,4.919925721830110676e-01,4.928276580111870531e-01,4.937809940987345492e-01,4.948503030972349892e-01,4.960330825160766954e-01,4.973266225123934570e-01,4.987280276402270562e-01,5.002341667516740920e-01,5.018417787306614919e-01,5.035473671945349672e-01,5.053472856895624421e-01,5.072377206393954285e-01,5.092146846364846713e-01,5.112740618920103008e-01,5.134115736849882428e-01,5.156228004417312549e-01,5.179032060539211502e-01,5.202481570990495907e-01,5.226528808966388606e-01,5.251125263744614857e-01,5.276221351291713324e-01,5.301767043513082589e-01,5.327711219824877720e-01,5.354002527855817872e-01,5.380588862468672628e-01,5.407417885573364558e-01,5.434437079999914211e-01,5.461593621554849953e-01,5.488834475572520466e-01,5.516107093363956659e-01,5.543358541121473637e-01,5.570536515366985020e-01,5.597588897778689176e-01,5.624463965816147715e-01,5.651110720782990260e-01,5.677478685628591926e-01,5.703518110409624420e-01,5.729180274673251194e-01,5.754417116398288234e-01,5.779181612923910416e-01,5.803428179266854059e-01,5.827111910069038281e-01,5.850189647513149849e-01,5.872619253340477519e-01,5.894360355524996820e-01,5.915373709577114170e-01,5.935621881515270593e-01,5.955069020369623267e-01,5.973681042256641094e-01,5.991425417080253890e-01,6.008271801708114923e-01,6.024191298954015839e-01,6.039157127582872597e-01,6.053144711805952261e-01,6.066131052661911660e-01,6.078095344437811631e-01,6.089018985202341305e-01,6.098885243371134912e-01,6.107679682843918378e-01,6.115389787331764193e-01,6.122005618581897179e-01,6.127518770003451687e-01,6.131923470567294254e-01,6.135216005035524223e-01,6.137394663661794869e-01,6.138460081834393733e-01,6.138414949985978586e-01,6.137263872334873804e-01,6.135013788774810184e-01,6.131673805045658732e-01,6.127254722281950672e-01,6.121769653450922499e-01,6.115233633906703714e-01,6.107663256756239445e-01,6.099077748591926751e-01,6.089497282589534377e-01,6.078944655402493957e-01,6.067443673747373589e-01,6.055020560792140349e-01,6.041702360374274772e-01,6.027518229908259695e-01,6.012498703785021936e-01,5.996675507106704606e-01,5.980082078653000677e-01,5.962752899660564987e-01,5.944723590166338667e-01,5.926031038188845912e-01,5.906713233967044729e-01,5.886809014669928120e-01,5.866358178258778144e-01,5.845401162361362202e-01,5.823979388349563857e-01,5.802134681927045845e-01,5.779909793736152102e-01,5.757347458116125472e-01,5.734491105588778170e-01,5.711384304369235831e-01,5.688071299792809565e-01,5.664595574128050703e-01,5.641001735561875785e-01,5.617333719334947073e-01,5.593635373086128793e-01,5.569950512734195280e-01,5.546322638000478200e-01,5.522794909701926880e-01,5.499410204206155450e-01,5.476210523336411118e-01,5.453237786861011571e-01,5.430532892641198872e-01,5.408136263905376495e-01,5.386087502998799792e-01,5.364425270999023665e-01,5.343187313427201213e-01,5.322410590163311195e-01,5.302130990576189307e-01,5.282383262667365020e-01,5.263201049923050823e-01,5.244616830609249991e-01,5.226661923857401915e-01,5.209366303693964140e-01,5.192758677840165760e-01,5.176866494841680932e-01,5.161715757259212056e-01,5.147330998672898783e-01,5.133735514127327759e-01,5.120950910941363121e-01,5.108997550207666771e-01,5.097894338624776589e-01,5.087658248840118969e-01,5.078305328303742705e-01,5.069849648633408812e-01,5.062303879943172991e-01,5.055679469529062997e-01,5.049985833930086265e-01,5.045231004509936890e-01,5.041421884735188819e-01,5.038563282714927372e-01,5.036658968081959564e-01,5.035710900172987170e-01,5.035719945950560827e-01,5.036685013504081931e-01,5.038603962199716957e-01,5.041473317911391305e-01,5.045287826935395126e-01,5.050041323321282638e-01,5.055726079121616312e-01,5.062333127088114448e-01,5.069852434526069818e-01,5.078272252618356575e-01,5.087580228198014254e-01,5.097762691086075160e-01,5.108804768301627997e-01,5.120690494272360782e-01,5.133403127759105233e-01,5.146924951581884899e-01,5.161236951833201303e-01,5.176319743920451133e-01,5.192152816525416048e-01,5.208714912676891684e-01,5.225984152302420860e-01,5.243937717993805148e-01,5.262552416422016099e-01,5.281804487954598892e-01,5.301669326239454305e-01,5.322122100958377455e-01,5.343137516456450964e-01,5.364689646188963712e-01,5.386752478245201425e-01,5.409299494149354404e-01,5.432304072977517384e-01,5.455739104966919051e-01,5.479577661694929880e-01,5.503792535799364449e-01,5.528355871402412802e-01,5.553241043947868549e-01,5.578419967461739626e-01,5.603865520205421058e-01,5.629550428362432024e-01,5.655447014624632729e-01,5.681528471616286158e-01,5.707767819292290934e-01,5.734138158035032573e-01,5.760612808377421068e-01,5.787165692733663436e-01,5.813770519490464306e-01,5.840401397009626905e-01,5.867033279088327280e-01,5.893640609390620178e-01,5.920198914349151798e-01,5.946683740246561101e-01,5.973071152242890314e-01,5.999337493958821765e-01,6.025459870795673023e-01,6.051415260075502234e-01,6.077181790183125987e-01,6.102737467455271458e-01,6.128060994588320209e-01,6.153131821373346577e-01,6.177929333996968753e-01,6.202433897008233776e-01,6.226626156426652292e-01,6.250487373572524152e-01,6.273999188940604377e-01,6.297143735798605979e-01,6.319903827659429929e-01,6.342262662889508462e-01,6.364204055806860216e-01,6.385712004925794272e-01,6.406771478838294565e-01,6.427367719323345829e-01,6.447486285124600647e-01,6.467113622978146736e-01,6.486236431835696870e-01,6.504841747655106809e-01,6.522917328396234948e-01,6.540451512858264094e-01,6.557432896696637759e-01,6.573850331722880247e-01,6.589693691474597381e-01,6.604952792289938701e-01,6.619618309678310109e-01,6.633680977144984503e-01,6.647132264003191571e-01,6.659963943928879360e-01,6.672168255423233107e-01,6.683738099669640498e-01,6.694666141613732080e-01,6.704946367977773214e-01,6.714572331249236692e-01,6.723538751011725045e-01,6.731840275790632599e-01,6.739472271279792759e-01,6.746430240696309477e-01,6.752710333184929192e-01,6.758309059563815113e-01,6.763223465436821735e-01,6.767451032025895152e-01,6.770989037686011569e-01,6.773836313045376034e-01,6.775991294719702074e-01,6.777453318025128404e-01,6.778221818582949032e-01,6.778296914960683095e-01,6.777679184025348080e-01,6.776369799621697609e-01,6.774369965712900843e-01,6.771681858521952924e-01,6.768308053961799020e-01,6.764251593136515472e-01,6.759515806980078700e-01,6.754105088520474531e-01,6.748023881430162962e-01,6.741277209698500750e-01,6.733871143606107168e-01,6.725811774285597178e-01,6.717106044781444574e-01,6.707761514755523624e-01,6.697786329954403817e-01,6.687188828755036285e-01,6.675978565055572522e-01,6.664165547158573677e-01,6.651760216132848180e-01,6.638773871998691067e-01,6.625218310558921297e-01,6.611106102474240132e-01,6.596450278266285938e-01,6.581264857607262986e-01,6.565564317311782805e-01,6.549363828065901671e-01,6.532679129611529412e-01,6.515526887188944904e-01,6.497924200432177999e-01,6.479889089521612133e-01,6.461439688224607236e-01,6.442595643873958444e-01,6.423376409861402125e-01,6.403802737875378126e-01,6.383895699131170165e-01,6.363676841901125814e-01,6.343168749774504844e-01,6.322394231225720862e-01,6.301376821332382860e-01,6.280140691392683827e-01,6.258710312561701627e-01,6.237111168423851160e-01,6.215368645728951424e-01,6.193508962989024980e-01,6.171558648802009106e-01,6.149544977878566021e-01,6.127495148427222205e-01,6.105436943624988899e-01,6.083398554289831672e-01,6.061408340043579202e-01,6.039494996445642361e-01,6.017687384509448068e-01,5.996014672161308345e-01,5.974505985194565882e-01,5.953190641388951265e-01,5.932097965587117550e-01,5.911257619387250140e-01,5.890698562257818960e-01,5.870450443919643657e-01,5.850542061575985109e-01,5.831002712481306860e-01,5.811860988788221105e-01,5.793145447694681982e-01,5.774884030638510746e-01,5.757104921832278954e-01,5.739835134013928641e-01,5.723101443787522724e-01,5.706930395508968967e-01,5.691347615617435851e-01,5.676378383466710309e-01,5.662046929823680852e-01,5.648376794820222369e-01,5.635390944937652691e-01,5.623111445190578372e-01,5.611559455203930513e-01,5.600754803673888560e-01,5.590716876271124569e-01,5.581463726063736752e-01,5.573012257953379178e-01,5.565378395081680418e-01,5.558576826050748432e-01,5.552620933115179902e-01,5.547523056032379607e-01,5.543293783948936015e-01,5.539942538081890078e-01,5.537477781172165381e-01,5.535906142109077166e-01,5.535232681647401787e-01
4.417187934448886244e-01,4.396530402599332366e-01,4.377766267041270920e-01,4.360924855452221194e-01,4.346032353586784525e-01,4.333111099863309890e-01,4.322180635968762008e-01,4.313256367037332506e-01,4.306350843230471459e-01,4.301472688629310870e-01,4.298627221172500734e-01,4.297816119286336778e-01,4.299037471187376891e-01,4.302285836020495746e-01,4.307552456629019089e-01,4.314824725585913456e-01,4.324086714111393670e-01,4.335318977742677049e-01,4.348498779242501722e-01,4.363599642744548923e-01,4.380591999813258641e-01,4.399443041930510279e-01,4.420116577331165142e-01,4.442573304180006399e-01,4.466770842522470031e-01,4.492663636603619892e-01,4.520203559187466191e-01,4.549339379223322766e-01,4.580017080279829012e-01,4.612180131773810365e-01,4.645769564090079240e-01,4.680723667243084640e-01,4.716978819169368453e-01,4.754468764497384869e-01,4.793125512247599085e-01,4.832879280986532855e-01,4.873657930695483032e-01,4.915388192584870808e-01,4.957994854480092806e-01,5.001401521979679243e-01,5.045530574058232354e-01,5.090303131322225783e-01,5.135639578472692701e-01,5.181459261691853113e-01,5.227681050724923839e-01,5.274223058167365474e-01,5.321003317103297769e-01,5.367939438274335062e-01,5.414949203095698049e-01,5.461950070134777846e-01,5.508860201228098497e-01,5.555597941603386269e-01,5.602082109497696916e-01,5.648232322639903380e-01,5.693968958897639432e-01,5.739213401003628867e-01,5.783888396327826475e-01,5.827917379593443581e-01,5.871225742310636209e-01,5.913740008486851885e-01,5.955388584123780804e-01,5.996101492682358591e-01,6.035810948305849744e-01,6.074450933813825282e-01,6.111957331477618771e-01,6.148268793108451202e-01,6.183325944182925804e-01,6.217072194215492731e-01,6.249452831513881979e-01,6.280416414444475182e-01,6.309914104838122428e-01,6.337899458453355450e-01,6.364329123607366245e-01,6.389162953486252627e-01,6.412363373926760479e-01,6.433895922895319641e-01,6.453729390100104713e-01,6.471835520726827440e-01,6.488189260041821171e-01,6.502768685992245112e-01,6.515555343359710205e-01,6.526533684686773862e-01,6.535691604252881204e-01,6.543019996209205047e-01,6.548513199984469235e-01,6.552168846454446971e-01,6.553987651639485712e-01,6.553973406320312556e-01,6.552133311972070384e-01,6.548477744361723696e-01,6.543019689955358320e-01,6.535775623141572011e-01,6.526765173499471384e-01,6.516010410273795905e-01,6.503536511583637436e-01,6.489371647178313607e-01,6.473546442897211151e-01,6.456094523737933022e-01,6.437051777472619918e-01,6.416456760768406431e-01,6.394350434531880234e-01,6.370776168927604344e-01,6.345779484635241108e-01,6.319408010310891832e-01,6.291711289824278852e-01,6.262741027321766518e-01,6.232550663043450179e-01,6.201195383885295120e-01,6.168731614517745099e-01,6.135217888685025045e-01,6.100713493480707239e-01,6.065279042222924133e-01,6.028976841743225457e-01,5.991869415905324292e-01,5.954020583640061703e-01,5.915494728178282147e-01,5.876357061065460297e-01,5.836673276266040045e-01,5.796509124461119988e-01,5.755930845430877740e-01,5.715004887689913993e-01,5.673797613235623816e-01,5.632375152349554659e-01,5.590803559094422726e-01,5.549148457203990636e-01,5.507475300680952923e-01,5.465848419464216512e-01,5.424331996308524584e-01,5.382989009537141323e-01,5.341881873822641458e-01,5.301071824669226773e-01,5.260618855062383359e-01,5.220582075585241677e-01,5.181019348326615370e-01,5.141986713175838997e-01,5.103539057924775246e-01,5.065729822594992049e-01,5.028610616137804135e-01,4.992231351999569244e-01,4.956640338107872190e-01,4.921884025059642953e-01,4.888006882978616630e-01,4.855051496292628332e-01,4.823058351170398383e-01,4.792066033866134722e-01,4.762111106716991338e-01,4.733227664138922042e-01,4.705447978859510494e-01,4.678802161339963295e-01,4.653317760415299764e-01,4.629020375996226733e-01,4.605933276565516432e-01,4.584077484462807384e-01,4.563471810812951834e-01,4.544132968701628528e-01,4.526074648290699387e-01,4.509309198878465041e-01,4.493846372644803577e-01,4.479693441570045120e-01,4.466855835521605922e-01,4.455336758154865850e-01,4.445136920204496578e-01,4.436255322953195357e-01,4.428688625416116187e-01,4.422431459923748531e-01,4.417476401234690653e-01,4.413814337214580497e-01,4.411433649765402198e-01,4.410321502823282280e-01,4.410462793899570522e-01,4.411840768664494483e-01,4.414436963066965536e-01,4.418231447633081399e-01,4.423202224384092385e-01,4.429326384622017665e-01,4.436578988875273799e-01,4.444933953277497296e-01,4.454364011717889538e-01,4.464840536990345998e-01,4.476333463946426394e-01,4.488811914290968819e-01,4.502243714794003648e-01,4.516596158292579544e-01,4.531835057593835425e-01,4.547925896121021161e-01,4.564832955765962264e-01,4.582520275148292410e-01,4.600950839537050197e-01,4.620087467654298008e-01,4.639892262038777804e-01,4.660327047713623272e-01,4.681353482418173506e-01,4.702932519546373924e-01,4.725025308469560925e-01,4.747592586812774407e-01,4.770595392818285929e-01,4.793994310996231301e-01,4.817750330778148293e-01,4.841824626556241462e-01,4.866178069721128208e-01,4.890772333649748838e-01,4.915569030947021800e-01,4.940530259051985063e-01,4.965618302517447180e-01,4.990796238677421837e-01,5.016027445659383410e-01,5.041275792292095881e-01,5.066505622250975227e-01,5.091682328785269718e-01,5.116771395934630595e-01,5.141739586081862656e-01,5.166553707343763957e-01,5.191181921563513546e-01,5.215592867039429148e-01,5.239755977025337685e-01,5.263641734791595361e-01,5.287221289216649245e-01,5.310466500868430417e-01,5.333350693095355588e-01,5.355847403117557359e-01,5.377931667060984466e-01,5.399579077820484407e-01,5.420766245293439090e-01,5.441470822468298385e-01,5.461671447289904169e-01,5.481347466679153957e-01,5.500479534500385403e-01,5.519049149348268513e-01,5.537038535482640134e-01,5.554431275242818211e-01,5.571211456528754047e-01,5.587364582431078031e-01,5.602876892535961773e-01,5.617735526349690867e-01,5.631928593282812257e-01,5.645445189667566144e-01,5.658275376659339662e-01,5.670409916284564478e-01,5.681840544530161186e-01,5.692560104855606262e-01,5.702562084773122875e-01,5.711840815573316910e-01,5.720391696552989957e-01,5.728210812938374641e-01,5.735295121250875150e-01,5.741642229674794873e-01,5.747250752296431120e-01,5.752120159679029454e-01,5.756250473150849034e-01,5.759642520266804455e-01,5.762297923972251601e-01,5.764219220238654406e-01,5.765409427801954090e-01,5.765872204889503916e-01,5.765612323331300582e-01,5.764634700072189810e-01,5.762945368816543290e-01,5.760550996632628484e-01,5.757458577026431934e-01,5.753676097961775149e-01,5.749212025116807734e-01,5.744075625689990527e-01,5.738276551701226857e-01,5.731825049888299439e-01,5.724732412202039322e-01,5.717010265239921285e-01,5.708670541002949239e-01,5.699726276564410776e-01,5.690190749954846527e-01,5.680077809176826698e-01,5.669402344958557327e-01,5.658179233323532564e-01,5.646424316017207845e-01,5.634153713113970730e-01,5.621384335197220361e-01,5.608133487409865392e-01,5.594419207405106897e-01,5.580260029760405471e-01,5.565674863616849599e-01,5.550683343860498553e-01,5.535305525725527920e-01,5.519562015778436415e-01,5.503473944677363949e-01,5.487063296334936391e-01,5.470351851855170811e-01,5.453362559469544513e-01,5.436118592312400022e-01,5.418643599888910423e-01,5.400961713628312788e-01,5.383097727289688494e-01,5.365076576667504593e-01,5.346923880130498574e-01,5.328665518745960838e-01,5.310328022540373727e-01,5.291938251970764728e-01,5.273523319707622559e-01,5.255110757344576555e-01,5.236728578599921802e-01,5.218404927004316463e-01,5.200168544638887891e-01,5.182048065971188722e-01,5.164072858319435078e-01,5.146272047073570111e-01,5.128675475359235625e-01,5.111312613575117458e-01,5.094213630035682172e-01,5.077408339289004591e-01,5.060927056414706859e-01,5.044799736717392458e-01,5.029056810912400088e-01,5.013728148069449553e-01,4.998844107026574890e-01,4.984434540656542123e-01,4.970529387784806130e-01,4.957158291700713426e-01,4.944350762366622187e-01,4.932135872840591184e-01,4.920542539931178072e-01,4.909599108709931659e-01,4.899333876615460936e-01,4.889774243320643698e-01,4.880947343866413046e-01,4.872879693488977315e-01,4.865597176813432068e-01,4.859125064475816047e-01,4.853487684281588832e-01,4.848708855372468873e-01,4.844811456055599375e-01,4.841817610071795785e-01,4.839748071858098188e-01,4.838622999595655338e-01,4.838461605903611740e-01,4.839281590482520379e-01,4.841099864187197177e-01,4.843931811332665149e-01,4.847791830948765535e-01,4.852693250677055925e-01,4.858647275342096172e-01,4.865664414173255792e-01,4.873753349505626220e-01,4.882921684922505445e-01,4.893175071001072962e-01,4.904517810581512371e-01,4.916952432868732514e-01,4.930480000830053111e-01,4.945099962325818499e-01,4.960809830751443661e-01,4.977605475351748465e-01,4.995480957132418243e-01,5.014428803528058198e-01,5.034439329372628613e-01,5.055501167237155258e-01,5.077601293002396154e-01,5.100724571878721969e-01,5.124854279830191039e-01,5.149971411112737041e-01,5.176055558179938343e-01,5.203083895261950698e-01,5.231032420667363070e-01,5.259874747707248277e-01,5.289582610010260533e-01,5.320126354914793687e-01,5.351474092294820073e-01,5.383592411770016239e-01,5.416445867411578963e-01,5.449997756156274020e-01,5.484209188378126321e-01,5.519039782495233082e-01,5.554447738470530416e-01,5.590389458210990314e-01,5.626820022968603840e-01,5.663692779363407315e-01,5.700960010902206276e-01,5.738572588942292274e-01,5.776479762491318892e-01,5.814630016719888328e-01,5.852970507987270699e-01,5.891447581223330232e-01,5.930006131169862638e-01,5.968590542266979382e-01,6.007144389945214824e-01,6.045610416508591101e-01,6.083930557194586752e-01,6.122046790349127132e-01,6.159899869748829415e-01,6.197430988729952794e-01,6.234580514567558129e-01,6.271289051374298040e-01,6.307496849663708494e-01,6.343144746922980692e-01,6.378173038977569265e-01,6.412522968513499899e-01,6.446135854557805134e-01,6.478953452189606388e-01,6.510918462281212182e-01,6.541973936119066524e-01,6.572063851801456247e-01,6.601133394252998166e-01,6.629128489224177523e-01,6.655996509872400546e-01,6.681685739385017087e-01,6.706146203497567182e-01,6.729329104400696426e-01,6.751187441804051836e-01,6.771675859444254986e-01,6.790750742265558859e-01,6.808370244691608342e-01,6.824494770815587863e-01,6.839086692241201915e-01,6.852110347970510329e-01,6.863532609582526645e-01,6.873322444358537231e-01,6.881451379253733514e-01,6.887893427372004940e-01,6.892624925456801721e-01,6.895625053015220773e-01,6.896875785151227456e-01,6.896361501117118653e-01,6.894069487364657967e-01,6.889990082810817373e-01,6.884116287195918282e-01,6.876443946469160684e-01,6.866972077197714963e-01,6.855702706422860393e-01,6.842640719714774278e-01,6.827793819107199624e-01,6.811173185710691635e-01
9.551220391219236716e-02,9.444161206922599416e-02,9.341289827095790310e-02,9.242825451088573785e-02,9.148979770976453652e-02,9.059956745748483364e-02,8.975951274722003548e-02,8.897149967415703131e-02,8.823728867792718367e-02,8.755855348460295229e-02,8.693685272828080568e-02,8.637364803144328973e-02,8.587028482381942052e-02,8.542799455207703008e-02,8.504789096524455194e-02,8.473097297051872256e-02,8.447810558896946820e-02,8.429004308985117710e-02,8.416740159813790312e-02,8.411066970180897107e-02,8.412021333500394049e-02,8.419626381248715430e-02,8.433892007888584008e-02,8.454815136141158316e-02,8.482378782812396989e-02,8.516554214336123640e-02,8.557298158558229728e-02,8.604555312153415458e-02,8.658257135120095427e-02,8.718322494441668735e-02,8.784657353715231987e-02,8.857156072764139909e-02,8.935700359662160364e-02,9.020160331324010572e-02,9.110394430454427095e-02,9.206250483785204108e-02,9.307565238118920004e-02,9.414164807360231313e-02,9.525865444647069191e-02,9.642474479418927658e-02,9.763788917087413977e-02,9.889598112579552069e-02,1.001968302598242183e-01,1.015381733147636689e-01,1.029176665973071947e-01,1.043329164138238757e-01,1.057814541366528249e-01,1.072607686081198941e-01,1.087682949103173091e-01,1.103014331772453338e-01,1.118575380863446461e-01,1.134339488111554967e-01,1.150279659272359090e-01,1.166368811289087565e-01,1.182579819709834029e-01,1.198885391339870599e-01,1.215258337141630618e-01,1.231671515905957692e-01,1.248098020592661034e-01,1.264511024633606373e-01,1.280884056050701492e-01,1.297190964554521819e-01,1.313405980901485304e-01,1.329503848811394162e-01,1.345459651911764809e-01,1.361249247578354693e-01,1.376848958198677864e-01,1.392235876608814982e-01,1.407387739655009962e-01,1.422283128452714318e-01,1.436901320745781196e-01,1.451222679822319617e-01,1.465228205805123030e-01,1.478899988316073333e-01,1.492221088961102893e-01,1.505175559160953358e-01,1.517748497138366182e-01,1.529926107788076861e-01,1.541695687279701354e-01,1.553045596420491448e-01,1.563965393198572251e-01,1.574445855286282225e-01,1.584478805352814712e-01,1.594057375894024631e-01,1.603175820240734517e-01,1.611829642963806541e-01,1.620015503141348789e-01,1.627731301175232570e-01,1.634976134889012389e-01,1.641750315390211323e-01,1.648055258782389343e-01,1.653893626202354861e-01,1.659269249967784965e-01,1.664186998556859698e-01,1.668652939806405944e-01,1.672674191732603788e-01,1.676258938820890387e-01,1.679416412469086628e-01,1.682156860014842048e-01,1.684491446928717828e-01,1.686432295779798085e-01,1.687992367938447313e-01,1.689185575566459763e-01,1.690026524460356006e-01,1.690530703715483474e-01,1.690714116588773741e-01,1.690593661429170003e-01,1.690186726319795052e-01,1.689511228585901526e-01,1.688585625397442391e-01,1.687428866720585563e-01,1.686060291524187071e-01,1.684499533582992092e-01,1.682766540856410753e-01,1.680881525892135575e-01,1.678864848719816283e-01,1.676736921514782597e-01,1.674518348172313875e-01,1.672229637134520497e-01,1.669891243130043890e-01,1.667523537993908789e-01,1.665146753909555188e-01,1.662780822360333532e-01,1.660445497257737324e-01,1.658160136813614793e-01,1.655943688320180851e-01,1.653814728358438679e-01,1.651791424883441994e-01,1.649891188106200057e-01,1.648131051336024222e-01,1.646527388580326656e-01,1.645095884419439658e-01,1.643851502880729620e-01,1.642808516827003740e-01,1.641980374400158482e-01,1.641379731948684750e-01,1.641018486445590119e-01,1.640907481165350124e-01,1.641056842128174043e-01,1.641475719752737983e-01,1.642172241643540531e-01,1.643153728445243544e-01,1.644426357555904272e-01,1.645995471282273859e-01,1.647865294464469221e-01,1.650039120451400609e-01,1.652519235924653773e-01,1.655306902700690308e-01,1.658402285922941366e-01,1.661804768732147997e-01,1.665512480977966170e-01,1.669522739074195405e-01,1.673831847465480360e-01,1.678435054463273401e-01,1.683326859882133542e-01,1.688500626757343803e-01,1.693949016209093383e-01,1.699663670163728824e-01,1.705635421966132381e-01,1.711854379302688856e-01,1.718309819604293409e-01,1.724990202041641052e-01,1.731883347722063538e-01,1.738976413624439554e-01,1.746255920363828928e-01,1.753707746788078226e-01,1.761317323010065661e-01,1.769069488513606847e-01,1.776948693317932371e-01,1.784938914091502848e-01,1.793023849448805163e-01,1.801186894476187184e-01,1.809411026775004094e-01,1.817679222419740503e-01,1.825974225964921427e-01,1.834278631143772820e-01,1.842575023876926732e-01,1.850846013139571533e-01,1.859074199158183283e-01,1.867242261627589661e-01,1.875333229918735578e-01,1.883330062319009679e-01,1.891216168953584187e-01,1.898975212965503812e-01,1.906591177090956601e-01,1.914048403364420614e-01,1.921331842901380649e-01,1.928426771546191965e-01,1.935319059754288529e-01,1.941995106579791075e-01,1.948442013922259686e-01,1.954647459219754080e-01,1.960599809659639703e-01,1.966288245061611206e-01,1.971702516462756072e-01,1.976833313660286973e-01,1.981672063730642031e-01,1.986211086483610500e-01,1.990443488538641559e-01,1.994363255018352377e-01,1.997965267430482084e-01,2.001245435225941782e-01,2.004200389143268868e-01,2.006827827655113805e-01,2.009126312096019273e-01,2.011095391795846843e-01,2.012735585679251982e-01,2.014048208857057431e-01,2.015035709285468990e-01,2.015701283904886842e-01,2.016049230346886323e-01,2.016084551817146631e-01,2.015813287942825882e-01,2.015242312874759301e-01,2.014379383063698847e-01,2.013233008381381250e-01,2.011812620760645431e-01,2.010128316004873295e-01,2.008191063113414221e-01,2.006012407930788388e-01,2.003604783438359405e-01,2.000981031342242700e-01,1.998154847890514230e-01,1.995140211969847754e-01,1.991952015794807851e-01,1.988605337829183750e-01,1.985115788314956720e-01,1.981499434846319130e-01,1.977772658626606173e-01,1.973952129125410015e-01,1.970054772540802412e-01,1.966097777126311619e-01,1.962098476580177164e-01,1.958074303085796664e-01,1.954042685058088591e-01,1.950021142725520962e-01,1.946027135994184976e-01,1.942077993750701281e-01,1.938190976135861499e-01,1.934382952553231338e-01,1.930670812257363478e-01,1.927070999092140302e-01,1.923599535535822636e-01,1.920272253543607310e-01,1.917104332326242389e-01,1.914110627618182958e-01,1.911305322140289809e-01,1.908702190137864796e-01,1.906314221658922115e-01,1.904153898802690981e-01,1.902232827107912250e-01,1.900562113137106435e-01,1.899151866787915921e-01,1.898011612787741109e-01,1.897149877372120708e-01,1.896574347290012896e-01,1.896292012355304257e-01,1.896308691352593112e-01,1.896629544089100117e-01,1.897258561005428779e-01,1.898198893175983004e-01,1.899452705855590173e-01,1.901021137247533854e-01,1.902904491378138996e-01,1.905101828842394596e-01,1.907611443197817502e-01,1.910430571031807023e-01,1.913555294009498808e-01,1.916980959142158270e-01,1.920701831154445205e-01,1.924711121397143232e-01,1.929001303718603511e-01,1.933563668504244271e-01,1.938388804480984384e-01,1.943466311337892216e-01,1.948784925449912331e-01,1.954332618300497204e-01,1.960096412502037588e-01,1.966062722976326116e-01,1.972217117203701187e-01,1.978544463710835144e-01,1.985029035832757971e-01,1.991654427112326542e-01,1.998403583562000652e-01,2.005259055870547424e-01,2.012202806776673403e-01,2.019216309180925373e-01,2.026280741840713606e-01,2.033376864528325667e-01,2.040485251568946723e-01,2.047586047812928467e-01,2.054659243677063873e-01,2.061684810417144798e-01,2.068642540029862198e-01,2.075512220174091094e-01,2.082273612444507094e-01,2.088906492143903781e-01,2.095390945377516578e-01,2.101707109481119329e-01,2.107835387042981401e-01,2.113756372990104881e-01,2.119451183968857899e-01,2.124901208725094026e-01,2.130088247349142261e-01,2.134994697363676031e-01,2.139603368729454669e-01,2.143897758415967414e-01,2.147861939348759130e-01,2.151480691997802452e-01,2.154739441544764045e-01,2.157624509148620973e-01,2.160122826170348398e-01,2.162222354236491284e-01,2.163911728910824783e-01,2.165180705430556352e-01,2.166019653413235324e-01,2.166420187891392179e-01,2.166374789206713669e-01,2.165876886577092764e-01,2.164921076634734598e-01,2.163502823550885468e-01,2.161618776440916156e-01,2.159266503884018362e-01,2.156444824365645607e-01,2.153153479847534912e-01,2.149393420131381349e-01,2.145166522066691006e-01,2.140475844986186593e-01,2.135325527356724540e-01,2.129720709937819867e-01,2.123667619599520218e-01,2.117173519667583936e-01,2.110246679014893822e-01,2.102896303774098863e-01,2.095132750468666760e-01,2.086967118261615073e-01,2.078411612407532194e-01,2.069479178624989979e-01,2.060183695655182501e-01,2.050539852097372495e-01,2.040563187177542037e-01,2.030269856711939269e-01,2.019676853464340005e-01,2.008801755753164275e-01,1.997662768599491878e-01,1.986278690251570556e-01,1.974668863121732398e-01,1.962853025509818383e-01,1.950851390998502022e-01,1.938684536668524305e-01,1.926373327171750638e-01,1.913938970740131362e-01,1.901402755378328313e-01,1.888786216783955862e-01,1.876110942357881173e-01,1.863398601032274782e-01,1.850670788515492715e-01,1.837948987292387093e-01,1.825254637522764067e-01,1.812609044596145969e-01,1.800033081296129600e-01,1.787547392115028666e-01,1.775172406820491044e-01,1.762927905729520794e-01,1.750833395001757387e-01,1.738907843460231750e-01,1.727169576163934406e-01,1.715636402498335322e-01,1.704325363069923716e-01,1.693252955608997856e-01,1.682434720766828595e-01,1.671885628799330559e-01,1.661619664024754084e-01,1.651650032361606513e-01,1.641988935731852062e-01,1.632647876165183587e-01,1.623637097575777177e-01,1.614966072265786312e-01,1.606643180929003822e-01,1.598675724751208171e-01,1.591069997280274984e-01,1.583831316350599872e-01,1.576963712261521544e-01,1.570470281872921314e-01,1.564352913721097638e-01,1.558612448626747193e-01,1.553248640670563674e-01,1.548260093625542511e-01,1.543644267370872791e-01,1.539397607662474354e-01,1.535515356550897492e-01,1.531991876057898494e-01,1.528820214882676831e-01,1.525992636762203702e-01,1.523500134416107821e-01,1.521332989534619207e-01,1.519480251078709765e-01,1.517930207102014539e-01,1.516670159875081469e-01,1.515686561720085146e-01,1.514965048668083791e-01,1.514490473415552874e-01,1.514246917525722547e-01,1.514217723578732966e-01,1.514385627465725248e-01,1.514732769858016803e-01,1.515240682668123062e-01,1.515890383829766874e-01,1.516662459531173957e-01,1.517537141957611968e-01,1.518494152023235899e-01,1.519513156582004698e-01,1.520573320495667569e-01,1.521653964507762302e-01,1.522733899544757297e-01,1.523792222845501698e-01,1.524807821512914330e-01,1.525759708410402149e-01,1.526627093603220020e-01,1.527389241788205954e-01,1.528025719693689999e-01,1.528516403738125751e-01,1.528841464198245070e-01,1.528981587979436896e-01,1.528917814181851020e-01,1.528631840426097899e-01,1.528105805365981562e-01
2.433156535258713393e-01,2.429212085761203732e-01,2.425342583369357596e-01,2.421536557675225965e-01,2.417784257730436759e-01,2.414076763693020766e-01,2.410407021779960857e-01,2.406769165708595448e-01,2.403158660309696881e-01,2.399572505584587623e-01,2.396009052242472903e-01,2.392468037812042481e-01,2.388950553855902770e-01,2.385458892850123025e-01,2.381997105213287946e-01,2.378570168610587010e-01,2.375184407713008816e-01,2.371847511035662937e-01,2.368568417898845868e-01,2.365357054676252291e-01,2.362224451290433347e-01,2.359183016541182842e-01,2.356245967192104052e-01,2.353427421919970786e-01,2.350742536987578402e-01,2.348207320365633677e-01,2.345838448286778899e-01,2.343653491317377047e-01,2.341670530757068436e-01,2.339908138857959563e-01,2.338385672020923678e-01,2.337122810280752028e-01,2.336139361469238285e-01,2.335455712065951095e-01,2.335092236856972370e-01,2.335069566087855375e-01,2.335408380864847644e-01,2.336129227547717457e-01,2.337252530105083659e-01,2.338798671574873200e-01,2.340787540117478527e-01,2.343238876390379422e-01,2.346171884163441024e-01,2.349605245754576577e-01,2.353557102293346026e-01,2.358045078404097106e-01,2.363085752653747429e-01,2.368695200383192923e-01,2.374888495755534679e-01,2.381679886979542748e-01,2.389082501070394216e-01,2.397108621903922265e-01,2.405769287317308103e-01,2.415074371210970960e-01,2.425032635979315621e-01,2.435651718524701470e-01,2.446937478036249058e-01,2.458895103044840547e-01,2.471528053949270942e-01,2.484838289851778459e-01,2.498826716247813384e-01,2.513492658319386730e-01,2.528833736248571329e-01,2.544846513024914270e-01,2.561525581317306011e-01,2.578864642708558197e-01,2.596855456531219075e-01,2.615488500838227814e-01,2.634752569301101466e-01,2.654635393886735084e-01,2.675122914822673503e-01,2.696199574643162178e-01,2.717848929392248092e-01,2.740052556596208611e-01,2.762791052523795310e-01,2.786043659449479737e-01,2.809788245714197052e-01,2.834001576554252000e-01,2.858659073530250283e-01,2.883735365918577154e-01,2.909203655045562997e-01,2.935036465104513548e-01,2.961205008912807246e-01,2.987679944856239667e-01,3.014430924438717962e-01,3.041426850231772616e-01,3.068636125456176145e-01,3.096026422568329828e-01,3.123564771016173469e-01,3.151217883242327655e-01,3.178952251479295610e-01,3.206733617233680778e-01,3.234527970588859103e-01,3.262301080819778876e-01,3.290018235959866200e-01,3.317645277812938942e-01,3.345147890704569527e-01,3.372491999188813039e-01,3.399643913553067609e-01,3.426570158214816142e-01,3.453237583512310249e-01,3.479613868522872799e-01,3.505667033944820932e-01,3.531365736360400076e-01,3.556679634606272900e-01,3.581578936511485844e-01,3.606034813072365175e-01,3.630019456784783771e-01,3.653505946386261805e-01,3.676468504991736719e-01,3.698882545803625077e-01,3.720724531214971154e-01,3.741972266228552058e-01,3.762604977282821284e-01,3.782602861751554468e-01,3.801947864216859152e-01,3.820623282398739051e-01,3.838613692705494795e-01,3.855905311082368780e-01,3.872485902799745472e-01,3.888344730757379852e-01,3.903472403088639187e-01,3.917861502524678241e-01,3.931505980642436282e-01,3.944401405527876991e-01,3.956544804524467773e-01,3.967935157562003656e-01,3.978572476313313455e-01,3.988458890302253868e-01,3.997597805519342296e-01,4.005994256047300528e-01,4.013654589933765560e-01,4.020587032578992193e-01,4.026800764336768146e-01,4.032306920169696496e-01,4.037117593690309203e-01,4.041246384551560045e-01,4.044708151967331133e-01,4.047518985458353202e-01,4.049696199716437683e-01,4.051258201164490980e-01,4.052224536166082469e-01,4.052615469694612060e-01,4.052452615820133497e-01,4.051758131361583581e-01,4.050555147515880194e-01,4.048867447085245375e-01,4.046719466805659970e-01,4.044136306837677330e-01,4.041143445473334150e-01,4.037766828218837256e-01,4.034032809174191159e-01,4.029967942798048375e-01,4.025598890553483411e-01,4.020952431863371035e-01,4.016055754394900479e-01,4.010935179147706031e-01,4.005617551669357068e-01,4.000129373098497698e-01,3.994496731587356964e-01,3.988745367599350611e-01,3.982900590257112405e-01,3.976987020618579782e-01,3.971028907155892407e-01,3.965049847736458744e-01,3.959072399941814258e-01,3.953118539967222511e-01,3.947209398449123552e-01,3.941365068274804706e-01,3.935604738640910427e-01,3.929946260253388002e-01,3.924406924948310449e-01,3.919002402419000664e-01,3.913747472189481602e-01,3.908655411367635835e-01,3.903738557422583577e-01,3.899007573812954264e-01,3.894472191655251048e-01,3.890140428509957227e-01,3.886019185921767982e-01,3.882113827657871497e-01,3.878428497355806415e-01,3.874965729947650872e-01,3.871726685432151371e-01,3.868711236973385592e-01,3.865917874086834405e-01,3.863343526999116762e-01,3.860983759596867126e-01,3.858832984779966835e-01,3.856884188224963816e-01,3.855128979444588655e-01,3.853557874541574946e-01,3.852159857984848168e-01,3.850923143693719131e-01,3.849834414069915334e-01,3.848879645107083358e-01,3.848043246673525375e-01,3.847309223382178733e-01,3.846660332440075547e-01,3.846078439688724315e-01,3.845544790019712056e-01,3.845039838525334819e-01,3.844543328548996053e-01,3.844034534763805522e-01,3.843492137828042332e-01,3.842894463044821407e-01,3.842219488126029647e-01,3.841444867115542672e-01,3.840548122630916272e-01,3.839506777007581917e-01,3.838298104209572070e-01,3.836899890023559578e-01,3.835289590928516734e-01,3.833445208375957369e-01,3.831345061551821862e-01,3.828967939161591061e-01,3.826293115730983185e-01,3.823300370449191354e-01,3.819970130528497765e-01,3.816283960931518560e-01,3.812223924421698218e-01,3.807773081330567133e-01,3.802915721269845006e-01,3.797636908159441327e-01,3.791923070307612331e-01,3.785761778063915783e-01,3.779141917501631087e-01,3.772053890178062585e-01,3.764489097335994017e-01,3.756441007775593866e-01,3.747904129201533041e-01,3.738874747469024817e-01,3.729350857408185727e-01,3.719331970991649472e-01,3.708819379443109021e-01,3.697816057647169696e-01,3.686326768230681061e-01,3.674358062520159951e-01,3.661918348547882895e-01,3.649017791996008730e-01,3.635668259832705029e-01,3.621883742523105965e-01,3.607679864478487430e-01,3.593073931996269565e-01,3.578085244975173218e-01,3.562734960503795012e-01,3.547045651532148014e-01,3.531041948905035421e-01,3.514750018660116604e-01,3.498197807054307940e-01,3.481414709182804046e-01,3.464431751836175022e-01,3.447281507885576191e-01,3.429997839612102251e-01,3.412616231583088244e-01,3.395173452689381755e-01,3.377707266978721701e-01,3.360256701719704364e-01,3.342862027243171386e-01,3.325564664053384800e-01,3.308406393291923320e-01,3.291430220873412527e-01,3.274679721209615701e-01,3.258199248722004615e-01,3.242033655708654316e-01,3.226228076343266582e-01,3.210828015630100563e-01,3.195879333303945358e-01,3.181427807255531315e-01,3.167519357906670718e-01,3.154199514001133631e-01,3.141514077660979010e-01,3.129507923265394953e-01,3.118225889430445985e-01,3.107712023028413872e-01,3.098009687513934018e-01,3.089161543836123625e-01,3.081209251587347375e-01,3.074193617001761414e-01,3.068153901166748576e-01,3.063128587321357066e-01,3.059154413734955225e-01,3.056266908534783777e-01,3.054499941940671537e-01,3.053885631567530567e-01,3.054454758459700381e-01,3.056235583793076582e-01,3.059254791773415305e-01,3.063537163701574029e-01,3.069105150058599185e-01,3.075978932149832645e-01,3.084176738022016973e-01,3.093714194874515044e-01,3.104604555266760046e-01,3.116858749888122837e-01,3.130485191156421876e-01,3.145489439830696510e-01,3.161874830044241191e-01,3.179641874726918394e-01,3.198788297125323976e-01,3.219309402836232348e-01,3.241197543783805313e-01,3.264442359248424519e-01,3.289030942826295378e-01,3.314947361552667560e-01,3.342173082038178422e-01,3.370686853712984155e-01,3.400464869886812291e-01,3.431480159670121655e-01,3.463703621724902870e-01,3.497103170984537934e-01,3.531644270663708562e-01,3.567289873567595637e-01,3.604000389636439761e-01,3.641733943948560204e-01,3.680446010448854555e-01,3.720090002697981069e-01,3.760617071991789739e-01,3.801976340301973512e-01,3.844114670800116151e-01,3.886977031319463483e-01,3.930506595495492084e-01,3.974644949754166379e-01,4.019331755161756337e-01,4.064505149708972365e-01,4.110101933384662232e-01,4.156057604818170215e-01,4.202306311135376449e-01,4.248781406964945995e-01,4.295415089801444264e-01,4.342138772667914481e-01,4.388883217096490319e-01,4.435578617698635040e-01,4.482154820740059664e-01,4.528541197072387114e-01,4.574667113740931712e-01,4.620461952789978177e-01,4.665855136505615564e-01,4.710776274471151215e-01,4.755155710731260310e-01,4.798923932764298517e-01,4.842012412352705852e-01,4.884353021194005606e-01,4.925879212557605080e-01,4.966524904718334632e-01,5.006225378351065736e-01,5.044917467471566885e-01,5.082539237406220600e-01,5.119030419690947520e-01,5.154332536354684358e-01,5.188388664466355715e-01,5.221143841293670596e-01,5.252545379754254284e-01,5.282542599271158323e-01,5.311086950164578546e-01,5.338132234462399373e-01,5.363634721428475194e-01,5.387553102615081357e-01,5.409848809538710945e-01,5.430485668349619433e-01,5.449430377491574218e-01,5.466652265816511758e-01,5.482123641610399112e-01,5.495819714110870002e-01,5.507718368967268185e-01,5.517800642644307141e-01,5.526050489897145201e-01,5.532455007193776142e-01,5.537004197593426991e-01,5.539690916098717333e-01,5.540511255143267810e-01,5.539464459152018128e-01,5.536552613357822450e-01,5.531780906922851848e-01,5.525157596063128285e-01,5.516693575237140434e-01,5.506402979096489680e-01,5.494302899944453200e-01,5.480412941126219240e-01,5.464755917704416932e-01,5.447356938587062380e-01,5.428244001793419704e-01,5.407447831900846769e-01,5.385001638474189445e-01,5.360940807497135419e-01,5.335303500138762756e-01,5.308129845066440478e-01,5.279462305764544006e-01,5.249345393897136836e-01,5.217825683324587294e-01,5.184951453891296635e-01,5.150773046721078829e-01,5.115342200635627501e-01,5.078712167898218333e-01,5.040938040189013591e-01,5.002075844622460021e-01,4.962182969909441077e-01,4.921317724031375462e-01,4.879539468398247926e-01,4.836908387514187724e-01,4.793485203967395858e-01,4.749331649814687029e-01,4.704509326713360862e-01,4.659080461775610416e-01,4.613107574524811239e-01,4.566652742977344581e-01,4.519778424269290662e-01,4.472546915870303508e-01,4.425019893235743740e-01,4.377258749062180043e-01,4.329324227300158090e-01,4.281276616906768417e-01,4.233175173391963142e-01,4.185078424041910883e-01,4.137043751338801978e-01,4.089127451929456813e-01,4.041384737697794050e-01,3.993869439223786122e-01,3.946633828558528956e-01,3.899728746255795575e-01,3.853203683677504654e-01,3.807106264525373374e-01,3.761482389811162119e-01,3.716376097392877220e-01,3.671829757439571962e-01,3.627883581053755191e-01,3.584575984646877211e-01
2.005191098171387187e-01,2.005046017634616318e-01,2.004614584199295169e-01,2.003891641357783970e-01,2.002871975442696573e-01,2.001550598930762759e-01,1.999922672325478712e-01,1.997983681840550252e-01,1.995729233277985515e-01,1.993155263147097234e-01,1.990257952931223373e-01,1.987033824381257974e-01,1.983479749423964211e-01,1.979592952674180950e-01,1.975370989850748771e-01,1.970812074428316407e-01,1.965914512327109620e-01,1.960677275006433851e-01,1.955099769193348880e-01,1.949182023054435442e-01,1.942924352258960929e-01,1.936327876883934263e-01,1.929394113607567351e-01,1.922125201683992368e-01,1.914523932471252632e-01,1.906593632558971629e-01,1.898338388821581846e-01,1.889762827472157569e-01,1.880872192981679902e-01,1.871672554850397907e-01,1.862170531916534366e-01,1.852373480525164873e-01,1.842289388755694313e-01,1.831927020625213620e-01,1.821295789591782510e-01,1.810405862044057179e-01,1.799268017855054080e-01,1.787893787981014448e-01,1.776295312280745387e-01,1.764485605082947439e-01,1.752478154058920989e-01,1.740287206354301508e-01,1.727927652223126831e-01,1.715415007699172545e-01,1.702765415574292174e-01,1.689995703613884348e-01,1.677123222766519206e-01,1.664165900852685731e-01,1.651142146953211987e-01,1.638071019905246173e-01,1.624971960058837483e-01,1.611864988786385899e-01,1.598770512755653406e-01,1.585709358657841905e-01,1.572702730239557978e-01,1.559772152090002084e-01,1.546939488304494570e-01,1.534226877559637103e-01,1.521656758532861364e-01,1.509251661761540630e-01,1.497034287314648049e-01,1.485027578144763327e-01,1.473254420503225248e-01,1.461737785432124515e-01,1.450500720251892417e-01,1.439566068225096307e-01,1.428956732602175428e-01,1.418695339745081607e-01,1.408804504543442471e-01,1.399306434392405263e-01,1.390223135525983367e-01,1.381576418649724525e-01,1.373387532261229338e-01,1.365677445130853707e-01,1.358466623943400120e-01,1.351775060245517801e-01,1.345622196725664299e-01,1.340026985775344404e-01,1.335007597147216951e-01,1.330581588599620002e-01,1.326765902607901226e-01,1.323576572719546984e-01,1.321029052805135218e-01,1.319137762425469096e-01,1.317916441477848810e-01,1.317377783378602951e-01,1.317533692352757801e-01,1.318394989030174658e-01,1.319971552491827071e-01,1.322272428473431072e-01,1.325305245039549995e-01,1.329076874229900007e-01,1.333592981479198025e-01,1.338858085294873101e-01,1.344875711701764565e-01,1.351648098928215358e-01,1.359176392060304217e-01,1.367460514644665281e-01,1.376499267627112888e-01,1.386290284690151198e-01,1.396829892111524640e-01,1.408113341464701240e-01,1.420134668737915717e-01,1.432886551305086464e-01,1.446360764814392796e-01,1.460547612106141702e-01,1.475436400999300679e-01,1.491015241532619162e-01,1.507271059895178844e-01,1.524189693024619041e-01,1.541755852753858569e-01,1.559953068728278103e-01,1.578763954887448806e-01,1.598170005598542887e-01,1.618151716037646570e-01,1.638688525923028272e-01,1.659758999672214241e-01,1.681340762007883516e-01,1.703410580099955773e-01,1.725944260714582235e-01,1.748917034710310847e-01,1.772303028929197721e-01,1.796076040480018288e-01,1.820208800074803457e-01,1.844673745449498525e-01,1.869442548385396863e-01,1.894486342694020886e-01,1.919775833868580805e-01,1.945281248074562375e-01,1.970972439999599257e-01,1.996819057990597834e-01,2.022790190761693252e-01,2.048855002009734305e-01,2.074982322208501206e-01,2.101140902972413460e-01,2.127299344752342503e-01,2.153426493135030817e-01,2.179491025306222740e-01,2.205461767117440075e-01,2.231307752323328231e-01,2.256998231393482213e-01,2.282502627559742092e-01,2.307790882351034023e-01,2.332833035570765212e-01,2.357599844836298919e-01,2.382062362696827085e-01,2.406192213976431626e-01,2.429961626462691371e-01,2.453343481789062863e-01,2.476311204171806335e-01,2.498839180914148306e-01,2.520902246601220420e-01,2.542476254327671326e-01,2.563537887941659266e-01,2.584064631390938782e-01,2.604034939932580728e-01,2.623428220041821302e-01,2.642224712775393392e-01,2.660406049907348969e-01,2.677954465812192320e-01,2.694853540225370381e-01,2.711087851893015377e-01,2.726643076448306835e-01,2.741506164535760792e-01,2.755664889847960208e-01,2.769108625147588820e-01,2.781827588314246813e-01,2.793813236013451551e-01,2.805058332010559319e-01,2.815556666362307725e-01,2.825303385513403542e-01,2.834294783422738329e-01,2.842528184112965151e-01,2.850002415945667722e-01,2.856717199784696848e-01,2.862673492943538234e-01,2.867873466363422552e-01,2.872320401532633682e-01,2.876018620667450398e-01,2.878973663307241027e-01,2.881192053120874008e-01,2.882681447483623205e-01,2.883450494867706992e-01,2.883508722465423224e-01,2.882866775469514198e-01,2.881536236418041907e-01,2.879529509646732155e-01,2.876859848981426770e-01,2.873541380547479096e-01,2.869589076516686488e-01,2.865018539962219668e-01,2.859846137198353011e-01,2.854088802757687171e-01,2.847764338454367716e-01,2.840890913308738996e-01,2.833487215556856342e-01,2.825572464461625910e-01,2.817166391661490299e-01,2.808289037910476349e-01,2.798960771113717660e-01,2.789202209978750568e-01,2.779034415107977662e-01,2.768478450079536191e-01,2.757555485829241149e-01,2.746287050748784098e-01,2.734694424750098718e-01,2.722799084128626479e-01,2.710622342439372723e-01,2.698185592278344869e-01,2.685509835374484400e-01,2.672616090689571844e-01,2.659525116034092695e-01,2.646257350067648395e-01,2.632832819319299578e-01,2.619271558874427530e-01,2.605592749072575542e-01,2.591815433317732897e-01,2.577958125003095846e-01,2.564038789364053716e-01,2.550074964194325999e-01,2.536083481702879339e-01,2.522080605445580215e-01,2.508082031963211889e-01,2.494102881134005467e-01,2.480157287110449360e-01,2.466259083910651295e-01,2.452421080372708673e-01,2.438655521089497513e-01,2.424973790594341372e-01,2.411386602629784215e-01,2.397903830041216433e-01,2.384534545893991497e-01,2.371287039194017177e-01,2.358168835927569595e-01,2.345186591654840891e-01,2.332346277531642809e-01,2.319652914434945368e-01,2.307110737657801502e-01,2.294723233484830816e-01,2.282493178220220686e-01,2.270422415894703394e-01,2.258512127890730803e-01,2.246762664186104652e-01,2.235173727223232487e-01,2.223744153065634055e-01,2.212472255463484305e-01,2.201355509455646675e-01,2.190390798958113672e-01,2.179574446238912722e-01,2.168902007268386778e-01,2.158368536730495280e-01,2.147968531969077777e-01,2.137695934769520134e-01,2.127544318100360876e-01,2.117506586034280380e-01,2.107575335171479602e-01,2.097742804456917409e-01,2.088000731150282951e-01,2.078340652369590480e-01,2.068753781391748647e-01,2.059231102663192647e-01,2.049763293383961571e-01,2.040340982754202670e-01,2.030954518214314608e-01,2.021594243868289342e-01,2.012250377381798183e-01,2.002913207269258755e-01,1.993572951459449127e-01,1.984219885689645635e-01,1.974844334008798719e-01,1.965436830247472288e-01,1.955988021022007917e-01,1.946488672781400420e-01,1.936929912091115147e-01,1.927303031517223764e-01,1.917599705561391921e-01,1.907811789786171275e-01,1.897931626484622436e-01,1.887951814132905193e-01,1.877865571473798789e-01,1.867666323071891510e-01,1.857348127904911439e-01,1.846905350072489682e-01,1.836333164502935433e-01,1.825626978575265458e-01,1.814782837800326953e-01,1.803797468344195132e-01,1.792668051324897427e-01,1.781392436211601815e-01,1.769969042639960577e-01,1.758396972935974134e-01,1.746675868351786620e-01,1.734806061060363558e-01,1.722788596634923508e-01,1.710625019979643835e-01,1.698317647484288428e-01,1.685869394639757934e-01,1.673283779485848222e-01,1.660565077913703780e-01,1.647718093838254627e-01,1.634748346299166044e-01,1.621661832025027283e-01,1.608465363000026738e-01,1.595166163098925005e-01,1.581772184659100688e-01,1.568291783131189610e-01,1.554733975909949606e-01,1.541108311735283620e-01,1.527424894655294574e-01,1.513694065368173525e-01,1.499926944151649122e-01,1.486134963006927323e-01,1.472329886387543640e-01,1.458523950330407604e-01,1.444729819862798914e-01,1.430960295025906492e-01,1.417228630418227997e-01,1.403548387685245313e-01,1.389933304236078970e-01,1.376397192664358393e-01,1.362954246084122634e-01,1.349618730719194803e-01,1.336404984229037640e-01,1.323327493404271860e-01,1.310400758659451548e-01,1.297639232968680612e-01,1.285057469259307528e-01,1.272669834525358423e-01,1.260490684714968279e-01,1.248534180766759510e-01,1.236814486764669513e-01,1.225345393654209553e-01,1.214140632290125477e-01,1.203213514331846617e-01,1.192577145780567283e-01,1.182244435797897147e-01,1.172227804160054093e-01,1.162539352022081834e-01,1.153190773209205183e-01,1.144193370010095356e-01,1.135557996410466453e-01,1.127295044077605418e-01,1.119414308339529290e-01,1.111925235317749033e-01,1.104836616000739041e-01,1.098156826000179359e-01,1.091893460190942744e-01,1.086053699275323914e-01,1.080644087725812635e-01,1.075670482899719060e-01,1.071138297842675752e-01,1.067052051778024369e-01,1.063415896951812323e-01,1.060233117146160697e-01,1.057506510280974976e-01,1.055238102603415773e-01,1.053429311620907721e-01,1.052080892371375503e-01,1.051192922008623715e-01,1.050764836978998612e-01,1.050795556058432417e-01,1.051283067098407048e-01,1.052224974176648176e-01,1.053618117366727919e-01,1.055458781897185422e-01,1.057742703261418116e-01,1.060464921517653702e-01,1.063619897762684702e-01,1.067201586151619308e-01,1.071203454887255241e-01,1.075618250517130225e-01,1.080438443316287522e-01,1.085655861051683796e-01,1.091261896919990398e-01,1.097247528912861786e-01,1.103603306396076511e-01,1.110319339184126231e-01,1.117385492270660668e-01,1.124791082566630462e-01,1.132525216034578203e-01,1.140576741575597408e-01,1.148934159309698416e-01,1.157585746752163997e-01,1.166519582842964614e-01,1.175723533664178588e-01,1.185185282013513086e-01,1.194892424384554341e-01,1.204832417344866013e-01,1.214992679133811010e-01,1.225360451758937264e-01,1.235923094880476275e-01,1.246667867935005863e-01,1.257582046624336480e-01,1.268653073588894009e-01,1.279868232922584115e-01,1.291215156281709520e-01,1.302681476204234634e-01,1.314254912910679252e-01,1.325923433686923003e-01,1.337675168639163581e-01,1.349498429666679822e-01,1.361381723037275171e-01,1.373313899275503958e-01,1.385283968002090638e-01,1.397281165944789239e-01,1.409295208300044289e-01,1.421315917743602442e-01,1.433333466403236001e-01,1.445338446533923626e-01,1.457321654394686805e-01,1.469274348715046696e-01,1.481188052321716908e-01,1.493054607736935269e-01,1.504866313748246809e-01,1.516615779306716427e-01,1.528295977729698663e-01,1.539900260424771627e-01,1.551422291112782570e-01,1.562856226112130098e-01,1.574196435973680974e-01,1.585437640785425650e-01,1.596575031335965567e-01,1.607604135666171885e-01,1.618520678796515067e-01,1.629320884328144536e-01,1.640001117604045766e-01,1.650558166614035094e-01
3.001702891588151068e-01,3.010874943881577392e-01,3.019678858073917560e-01,3.028114429340013625e-01,3.036181965386057779e-01,3.043882433936925258e-01,3.051217672436989381e-01,3.058189937120007196e-01,3.064802105337746108e-01,3.071057869947863006e-01,3.076961327024096970e-01,3.082517287868611344e-01,3.087731030719135239e-01,3.092608475583430439e-01,3.097155893798296811e-01,3.101380224918988127e-01,3.105288882739238310e-01,3.108889574412312951e-01,3.112190707315461435e-01,3.115200709598415774e-01,3.117928917286743595e-01,3.120384526971651806e-01,3.122577396751455292e-01,3.124517564696223659e-01,3.126215326158195973e-01,3.127681413871241101e-01,3.128926503027152917e-01,3.129961787602144607e-01,3.130798419656691811e-01,3.131447782979444594e-01,3.131921468428174316e-01,3.132231024563665311e-01,3.132388175395328656e-01,3.132404673338408108e-01,3.132292406665377893e-01,3.132063007677551303e-01,3.131728340605366978e-01,3.131300100277135123e-01,3.130789974206298343e-01,3.130209519091121106e-01,3.129570241281261489e-01,3.128883339815382580e-01,3.128160213502957365e-01,3.127411686662842083e-01,3.126648712877262981e-01,3.125881766194875677e-01,3.125121320020389226e-01,3.124377515600090249e-01,3.123660184906173476e-01,3.122979094166773995e-01,3.122343328501908655e-01,3.121762080917591109e-01,3.121243939863797556e-01,3.120797400667479904e-01,3.120430544111457150e-01,3.120150921144287381e-01,3.119965956833500864e-01,3.119882743323325047e-01,3.119907812836115180e-01,3.120047444771640865e-01,3.120307545185793674e-01,3.120693629744036302e-01,3.121210917393305029e-01,3.121863998574543886e-01,3.122657227981467387e-01,3.123594736277553463e-01,3.124679984719483383e-01,3.125916281019739396e-01,3.127306398207507221e-01,3.128852786049073909e-01,3.130557614213159145e-01,3.132422496682071289e-01,3.134448763431834650e-01,3.136637601254947394e-01,3.138989432377219391e-01,3.141504718138751207e-01,3.144183350736940996e-01,3.147024959350522844e-01,3.150028832806288648e-01,3.153194099121638949e-01,3.156519334343755867e-01,3.160003042717684507e-01,3.163643258365962385e-01,3.167437826599475148e-01,3.171384430204413629e-01,3.175480382570883831e-01,3.179722788401163069e-01,3.184108445500166695e-01,3.188634069870392995e-01,3.193296013102724373e-01,3.198090586993254103e-01,3.203013797870206680e-01,3.208061604583170578e-01,3.213229601928297985e-01,3.218513407714647112e-01,3.223908317974559790e-01,3.229409752126533029e-01,3.235012652161824431e-01,3.240712278251472456e-01,3.246503323604056912e-01,3.252380795302249883e-01,3.258339232859866486e-01,3.264373361105134541e-01,3.270477737305998445e-01,3.276646916764637263e-01,3.282875271182511545e-01,3.289157199290246858e-01,3.295487100929232471e-01,3.301859173695996241e-01,3.308267881518968112e-01,3.314707226233491455e-01,3.321171496571427295e-01,3.327654990209236718e-01,3.334151777657959337e-01,3.340656047914151716e-01,3.347161944860624905e-01,3.353663669082295185e-01,3.360155351812095792e-01,3.366631163538938987e-01,3.373085096525291204e-01,3.379511505936585447e-01,3.385904369507025669e-01,3.392257911157237071e-01,3.398566285789583197e-01,3.404823621676589807e-01,3.411024067443091390e-01,3.417161731932601976e-01,3.423230905899709020e-01,3.429225597163804706e-01,3.435140098099258021e-01,3.440968458466941993e-01,3.446704863860217682e-01,3.452343474194521367e-01,3.457878480862423554e-01,3.463303913060509776e-01,3.468613956348873817e-01,3.473802798950069159e-01,3.478864516623438874e-01,3.483793152035666862e-01,3.488582873595230116e-01,3.493227694908478953e-01,3.497721785031768782e-01,3.502059045804583048e-01,3.506233707423092594e-01,3.510239678421173681e-01,3.514071048952545073e-01,3.517721729017775356e-01,3.521185767745308448e-01,3.524457239760774852e-01,3.527530035422397070e-01,3.530398060989750064e-01,3.533055487045561605e-01,3.535496172722308317e-01,3.537714106993405938e-01,3.539703325455617611e-01,3.541457738836271685e-01,3.542971591790978758e-01,3.544238673160818309e-01,3.545253152627407256e-01,3.546009240331663426e-01,3.546501060497446733e-01,3.546722674247557716e-01,3.546668560816648164e-01,3.546332936768826216e-01,3.545710213519941978e-01,3.544794942498320500e-01,3.543581694182192376e-01,3.542065050334077259e-01,3.540240054999638786e-01,3.538101379773956889e-01,3.535644205663828754e-01,3.532863843994220598e-01,3.529755453702971280e-01,3.526314797204815332e-01,3.522537384122252924e-01,3.518419304079637433e-01,3.513956695288726340e-01,3.509145809346951306e-01,3.503983348439750345e-01,3.498466093814961431e-01,3.492591191754810809e-01,3.486355898519865049e-01,3.479757974281216248e-01,3.472795478752099263e-01,3.465466532171741498e-01,3.457769837294328852e-01,3.449704357488803108e-01,3.441269340288278245e-01,3.432464394815453734e-01,3.423289746814816570e-01,3.413745683708608869e-01,3.403833163754506064e-01,3.393553396081271378e-01,3.382907893961598078e-01,3.371899020671537683e-01,3.360529128661932652e-01,3.348801443347181883e-01,3.336719069452581676e-01,3.324286221241131711e-01,3.311507114195745838e-01,3.298386704531228730e-01,3.284930341604581638e-01,3.271143816049179587e-01,3.257033440808843050e-01,3.242606081359409309e-01,3.227869056376100332e-01,3.212830146323837899e-01,3.197497619202314678e-01,3.181880290793800969e-01,3.165987502046359592e-01,3.149828917045289778e-01,3.133414885709790987e-01,3.116756074154349854e-01,3.099863689265673350e-01,3.082749422993277255e-01,3.065425352106326828e-01,3.047904059867827531e-01,3.030198460128799010e-01,3.012322093404238843e-01,2.994288700700148409e-01,2.976112478496271141e-01,2.957807965225447977e-01,2.939390208933609361e-01,2.920874380365418577e-01,2.902276151759834444e-01,2.883611496455830148e-01,2.864896413639476669e-01,2.846147575227529480e-01,2.827381520459955611e-01,2.808615248894623107e-01,2.789865800998875267e-01,2.771150487864088574e-01,2.752486662035426024e-01,2.733892006226669169e-01,2.715383935768704293e-01,2.696980209706298925e-01,2.678698463635224569e-01,2.660556486000112408e-01,2.642571910321278028e-01,2.624762365825036858e-01,2.607145365190369768e-01,2.589738308639619180e-01,2.572558495227256770e-01,2.555622993237037788e-01,2.538948601237429048e-01,2.522552086520573611e-01,2.506449742435139516e-01,2.490657561454659719e-01,2.475191351294014075e-01,2.460066462177929736e-01,2.445297799333272792e-01,2.430899947541790007e-01,2.416887075851205657e-01,2.403272606645789344e-01,2.390069812665839843e-01,2.377291096352851796e-01,2.364948552871824483e-01,2.353053578035564919e-01,2.341617007569836706e-01,2.330648883320538545e-01,2.320158813590620372e-01,2.310155453394653335e-01,2.300647039152655671e-01,2.291640922335190234e-01,2.283143661874533492e-01,2.275161194184762148e-01,2.267698554730506189e-01,2.260760097786036205e-01,2.254349345781258007e-01,2.248468922843591400e-01,2.243120619968214657e-01,2.238305574322672076e-01,2.234023867835404908e-01,2.230274825843952813e-01,2.227056969464493719e-01,2.224367880781593365e-01,2.222204213808509354e-01,2.220562025861021471e-01,2.219436282207029598e-01,2.218821215089561705e-01,2.218710133346966928e-01,2.219095551101246122e-01,2.219969226123581774e-01,2.221321933669869186e-01,2.223143837055393257e-01,2.225424168136893033e-01,2.228151440842359721e-01,2.231313553871231981e-01,2.234897376073330111e-01,2.238889340286603913e-01,2.243274934081848082e-01,2.248039298384599260e-01,2.253166621030398831e-01,2.258640672321372000e-01,2.264444536492841442e-01,2.270560869405494619e-01,2.276971616872581483e-01,2.283658376560612213e-01,2.290602217953061348e-01,2.297783858773390642e-01,2.305183493536462347e-01,2.312781172216836767e-01,2.320556392936841961e-01,2.328488516172920464e-01,2.336556621937480593e-01,2.344739689654996018e-01,2.353016371852287847e-01,2.361365325571557483e-01,2.369765091711533711e-01,2.378194138529371726e-01,2.386631020061875108e-01,2.395054294317014443e-01,2.403442593403063710e-01,2.411774700328498666e-01,2.420029558265432701e-01,2.428186335781271632e-01,2.436224495033962600e-01,2.444123664756200076e-01,2.451864026710781352e-01,2.459425894766967269e-01,2.466790108731849174e-01,2.473938143252246424e-01,2.480851595358531947e-01,2.487512912984324587e-01,2.493904839809187313e-01,2.500011046612654053e-01,2.505815586804184258e-01,2.511303221245202444e-01,2.516459461050428170e-01,2.521270440354116960e-01,2.525723246352639118e-01,2.529805632112888114e-01,2.533506085041968836e-01,2.536814055723383698e-01,2.539719718076624000e-01,2.542214270188858372e-01,2.544289659098962764e-01,2.545938951263355121e-01,2.547155903746914918e-01,2.547935322459631835e-01,2.548272990314037201e-01,2.548165676578169059e-01,2.547610937051574265e-01,2.546607532562263354e-01,2.545155074760139247e-01,2.543254166371343161e-01,2.540906506304765333e-01,2.538114591009171250e-01,2.534881973483784079e-01,2.531213223877402663e-01,2.527113729451093693e-01,2.522590114688304519e-01,2.517649566400417815e-01,2.512300463297651998e-01,2.506552066481460006e-01,2.500414420813648619e-01,2.493898515309261599e-01,2.487016095184990394e-01,2.479779969707669729e-01,2.472203424610931732e-01,2.464300741445777376e-01,2.456086921309300897e-01,2.447577679889310909e-01,2.438789288479234207e-01,2.429738828509789839e-01,2.420444042481993130e-01,2.410923055583619190e-01,2.401194678169470687e-01,2.391278121891400599e-01,2.381193345905787684e-01,2.370960445833609487e-01,2.360600061860802790e-01,2.350133081998467266e-01,2.339580877418628302e-01,2.328964844417694413e-01,2.318306836590981190e-01,2.307628807524003400e-01,2.296952820064416256e-01,2.286301031912161830e-01,2.275695677913193715e-01,2.265158954476463038e-01,2.254713141521804687e-01,2.244380381828270377e-01,2.234182602415797358e-01,2.224141628171394658e-01,2.214279070800191096e-01,2.204616327989532554e-01,2.195174504933864734e-01,2.185974250565713706e-01,2.177036073759819890e-01,2.168379783362184565e-01,2.160024923792953910e-01,2.151990414516555539e-01,2.144294872471123603e-01,2.136956054186198717e-01,2.129991458182949049e-01,2.123417465214625099e-01,2.117250379143912897e-01,2.111505371164920375e-01,2.106197065155331061e-01,2.101339291861992475e-01,2.096945234760484722e-01,2.093026989834193274e-01,2.089596224933553126e-01,2.086663345045868811e-01,2.084238246221072066e-01,2.082329810586734109e-01,2.080946005313949465e-01,2.080093819157541879e-01,2.079779585677263842e-01,2.080008424522803157e-01,2.080784691384985896e-01,2.082111821666461637e-01,2.083992221073417694e-01,2.086427297876088105e-01,2.089417629302586232e-01,2.092962959401424849e-01,2.097061742976751852e-01,2.101711902200448512e-01,2.106910174892334675e-01,2.112652425867850847e-01,2.118933716665590272e-01,2.125748167983353976e-01,2.133088986571820278e-01,2.140948561785421256e-01,2.149318425141313049e-01,2.158189315724989288e-01
7.574838385889538506e-01,7.566635430980511723e-01,7.557660752586454755e-01,7.547923116694744694e-01,7.537432276456289548e-01,7.526200766866787406e-01,7.514242240261268524e-01,7.501571975096211764e-01,7.488207171951088981e-01,7.474166826921208040e-01,7.459471202873928508e-01,7.444142299605118751e-01,7.428203667371300334e-01,7.411680187409876996e-01,7.394597950440993106e-01,7.376985332019211361e-01,7.358870696186993188e-01,7.340284501440329512e-01,7.321258296203181359e-01,7.301824357741051319e-01,7.282016433671952838e-01,7.261868861116957952e-01,7.241417091318796961e-01,7.220697192097770278e-01,7.199746252146778103e-01,7.178602009569471365e-01,7.157302286204013653e-01,7.135885807258433022e-01,7.114391600264571291e-01,7.092859162573114107e-01,7.071327917743304159e-01,7.049837657035739058e-01,7.028428431821263089e-01,7.007139544450771140e-01,6.986011209840060632e-01,6.965082580223809217e-01,6.944392873495126572e-01,6.923980945331175141e-01,6.903885436896192163e-01,6.884143893080175713e-01,6.864793699871554189e-01,6.845871369913332227e-01,6.827412840167778052e-01,6.809452784286826876e-01,6.792025274308582938e-01,6.775163387806970583e-01,6.758899024751789941e-01,6.743262928927162836e-01,6.728284666693289395e-01,6.713992483624838803e-01,6.700413420761114347e-01,6.687573111845702689e-01,6.675495482552531445e-01,6.664203160008171922e-01,6.653717361252895479e-01,6.644057337755608916e-01,6.635240944759571713e-01,6.627284436086798847e-01,6.620201948950902304e-01,6.614006347439697064e-01,6.608708441522824772e-01,6.604317260897388797e-01,6.600840221950505793e-01,6.598282561361582532e-01,6.596647773921087143e-01,6.595937592048182196e-01,6.596151750745685716e-01,6.597288325188378488e-01,6.599343206576909759e-01,6.602310625404621547e-01,6.606183048256900614e-01,6.610950767493700697e-01,6.616602608346076053e-01,6.623125333928407965e-01,6.630504153237732901e-01,6.638722122715130514e-01,6.647761264244187451e-01,6.657601081664514808e-01,6.668220225504651877e-01,6.679595126727727594e-01,6.691701134724962197e-01,6.704511751651766049e-01,6.717999242190407783e-01,6.732134343037526891e-01,6.746886377078991082e-01,6.762223728020003710e-01,6.778113078441286854e-01,6.794520309961160631e-01,6.811410157995549941e-01,6.828746294015016760e-01,6.846491431892122170e-01,6.864607185136029077e-01,6.883054917793759442e-01,6.901794789763848748e-01,6.920786356916938109e-01,6.939988990574608163e-01,6.959360886125831591e-01,6.978860501773814784e-01,6.998445679347286008e-01,7.018073896010170731e-01,7.037702661868607823e-01,7.057289244717108723e-01,7.076790853467364029e-01,7.096164942075682269e-01,7.115369148104582209e-01,7.134361250687656364e-01,7.153099139551964969e-01,7.171541280042723621e-01,7.189646829405567097e-01,7.207374847387013617e-01,7.224685801540899899e-01,7.241540147714559117e-01,7.257899554507091233e-01,7.273726321822843177e-01,7.288983461861185953e-01,7.303635502093892562e-01,7.317647184124868032e-01,7.330985379053234219e-01,7.343617127133703626e-01,7.355510974617456288e-01,7.366636984332339821e-01,7.376966287511155240e-01,7.386471366938783811e-01,7.395126204996127495e-01,7.402906046590357336e-01,7.409787788570821876e-01,7.415749647728284710e-01,7.420771519932694016e-01,7.424835191430942949e-01,7.427923125324141784e-01,7.430020535659253023e-01,7.431113510092626218e-01,7.431190102882524462e-01,7.430239873355595215e-01,7.428254378822529702e-01,7.425226653995761206e-01,7.421151203260260010e-01,7.416024691792882928e-01,7.409845523418056024e-01,7.402613071654903232e-01,7.394329364689065098e-01,7.384997290342454335e-01,7.374621908866335618e-01,7.363209798623290281e-01,7.350769153488088126e-01,7.337309671891649732e-01,7.322842850093116418e-01,7.307381492814525314e-01,7.290940075179497271e-01,7.273534686826779172e-01,7.255182672802754640e-01,7.235902803744118650e-01,7.215715214386190235e-01,7.194641514495284662e-01,7.172704752987100196e-01,7.149928921409260951e-01,7.126339240854113743e-01,7.101962050493654255e-01,7.076825494024777674e-01,7.050957532141821638e-01,7.024388229984848131e-01,6.997148088685731793e-01,6.969268593874327067e-01,6.940782088907873071e-01,6.911721830464587768e-01,6.882121473024960245e-01,6.852015675152409724e-01,6.821439585283403106e-01,6.790429162247297867e-01,6.759020130529898029e-01,6.727249587365017325e-01,6.695154395056124308e-01,6.662772056676706800e-01,6.630140181456627424e-01,6.597296846362741274e-01,6.564279778548826050e-01,6.531127378118003479e-01,6.497877984115951744e-01,6.464569419578083398e-01,6.431240212273998669e-01,6.397928321161018284e-01,6.364671553007220650e-01,6.331507721540832190e-01,6.298474302250105517e-01,6.265608385156161697e-01,6.232946916811882287e-01,6.200526067418425935e-01,6.168381920239593974e-01,6.136550384343090192e-01,6.105065988093641982e-01,6.073963205513308594e-01,6.043276259968142217e-01,6.013038069545469932e-01,5.983281334753332015e-01,5.954038286911844668e-01,5.925339606029207395e-01,5.897216060084142786e-01,5.869697362107180183e-01,5.842812320390234904e-01,5.816589181675637654e-01,5.791054895853077200e-01,5.766236230072148139e-01,5.742158488774395941e-01,5.718846519477261969e-01,5.696323845516652051e-01,5.674613362319235188e-01,5.653737182135196715e-01,5.633715926930089601e-01,5.614570012454259684e-01,5.596318398655004689e-01,5.578979088303390732e-01,5.562569477002614615e-01,5.547105891568240299e-01,5.532603120566319532e-01,5.519076053387249603e-01,5.506537994523229562e-01,5.495000922590898007e-01,5.484476908016433505e-01,5.474975967286755951e-01,5.466507968105396298e-01,5.459081605837508011e-01,5.452704538883459406e-01,5.447383539981994760e-01,5.443124422801608464e-01,5.439932785420754646e-01,5.437812150128096267e-01,5.436766035084644733e-01,5.436796709623314960e-01,5.437905958897247816e-01,5.440094383701723491e-01,5.443361696096017388e-01,5.447707145886279134e-01,5.453128914621053758e-01,5.459624407797341039e-01,5.467190296622722601e-01,5.475822662386535811e-01,5.485516518307237410e-01,5.496266296444179966e-01,5.508065634473341410e-01,5.520907539322326141e-01,5.534784327864085141e-01,5.549687227609090279e-01,5.565607382134583059e-01,5.582535153139445150e-01,5.600459661420219559e-01,5.619370024712391221e-01,5.639254498659517223e-01,5.660100664471804377e-01,5.681895224122254229e-01,5.704625018435779404e-01,5.728275378026964626e-01,5.752831784864830267e-01,5.778278749697960404e-01,5.804600204209988679e-01,5.831779422251910372e-01,5.859799854606806413e-01,5.888643233617759654e-01,5.918291452514157225e-01,5.948725918282132819e-01,5.979927260811511713e-01,6.011875661631641554e-01,6.044550539811802681e-01,6.077931308811835853e-01,6.111996469227025663e-01,6.146724241643890529e-01,6.182092006402751805e-01,6.218077028256285832e-01,6.254656180667347298e-01,6.291805311799351097e-01,6.329500411759582112e-01,6.367716499219401305e-01,6.406428545148576958e-01,6.445610713605347541e-01,6.485237097181033583e-01,6.525281136860285880e-01,6.565715866020886970e-01,6.606513822408319747e-01,6.647647822622743119e-01,6.689089000347379077e-01,6.730809263814735433e-01,6.772779747974075892e-01,6.814971228043645857e-01,6.857353966819100810e-01,6.899898382691952436e-01,6.942574200040587673e-01,6.985351072958400076e-01,7.028197877038738772e-01,7.071084137155386751e-01,7.113978282089781224e-01,7.156849030217462548e-01,7.199664993078891406e-01,7.242393896078985760e-01,7.285004165905900608e-01,7.327463698504653733e-01,7.369740385681139427e-01,7.411801914649629452e-01,7.453616032205383490e-01,7.495150545713888945e-01,7.536373131987949003e-01,7.577251541278454683e-01,7.617754012211566117e-01,7.657847989717767589e-01,7.697501926996701549e-01,7.736684000256777161e-01,7.775362742272514671e-01,7.813507160689533437e-01,7.851085943232791742e-01,7.888068525891199778e-01,7.924424772131020145e-01,7.960124569800487437e-01,7.995138662984969669e-01,8.029438006991227450e-01,8.062994156066273232e-01,8.095779308086292758e-01,8.127765810577000094e-01,8.158927298360225677e-01,8.189237530928420439e-01,8.218671457242296974e-01,8.247204111721085917e-01,8.274812187816640296e-01,8.301472684072641606e-01,8.327163152800126644e-01,8.351862888665432250e-01,8.375551335388548013e-01,8.398209441986743684e-01,8.419818981280571268e-01,8.440362935350397278e-01,8.459825101679657733e-01,8.478190679220161119e-01,8.495445795190239568e-01,8.511577908849383700e-01,8.526575699513991857e-01,8.540429178286425005e-01,8.553129278886359987e-01,8.564668671149533452e-01,8.575041081210608152e-01,8.584241695633550995e-01,8.592266950853908458e-01,8.599114931612745760e-01,8.604785126777213522e-01,8.609277720932165812e-01,8.612595393074263805e-01,8.614741592941921322e-01,8.615721488091070412e-01,8.615541155305115328e-01,8.614209294464814093e-01,8.611734897650312748e-01,8.608129018935288812e-01,8.603403966417408899e-01,8.597573486393420561e-01,8.590653041297348080e-01,8.582659157942942318e-01,8.573609965901709540e-01,8.563524958291500733e-01,8.552424870441861504e-01,8.540332161451749116e-01,8.527270124880204083e-01,8.513263689466543660e-01,8.498338890070442631e-01,8.482523388175485790e-01,8.465845244720765495e-01,8.448334490169940869e-01,8.430021794104908262e-01,8.410939265812554799e-01,8.391119731779571600e-01,8.370597116760686296e-01,8.349406020376588522e-01,8.327582733922664904e-01,8.305163457977389196e-01,8.282185685181454593e-01,8.258687317967686736e-01,8.234707198031485653e-01,8.210284737244137876e-01,8.185459845507481180e-01,8.160272500884627744e-01,8.134763634780639574e-01,8.108974213854753810e-01,8.082945966974670604e-01,8.056719838119604793e-01,8.030337877101441091e-01,8.003841383938126164e-01,7.977272653362169619e-01,7.950672653879129470e-01,7.924083293628152447e-01,7.897545502787371996e-01,7.871100269602890886e-01,7.844788035829537431e-01,7.818649154246972710e-01,7.792722671452927408e-01,7.767048131459930449e-01,7.741663339565608704e-01,7.716606392660437796e-01,7.691913172899927931e-01,7.667620461007453869e-01,7.643762774785100023e-01,7.620374317001218367e-01,7.597487719559716801e-01,7.575134877169048542e-01,7.553346400628565549e-01,7.532151561904026904e-01,7.511578451256479827e-01,7.491653864697308540e-01,7.472403089303527590e-01,7.453849776002351435e-01,7.436016486625294242e-01,7.418924071385893937e-01,7.402592046031146733e-01,7.387037580619881805e-01,7.372276961678011498e-01,7.358324461247649495e-01,7.345192884117275334e-01,7.332893013668843052e-01,7.321434128691088894e-01,7.310823562735943026e-01,7.301066937051164940e-01,7.292168181543772221e-01,7.284129312196623296e-01,7.276950909836020776e-01,7.270630962542594666e-01,7.265166502221879208e-01,7.260552477116266612e-01,7.256781817856997607e-01,7.253846174192040142e-01,7.251734967970608903e-01,7.250436266014637088e-01,7.249936486039350036e-01,7.250220200200052645e-01
7.236379566064815583e-01,7.262784025331918691e-01,7.290488427533571292e-01,7.319443739450670616e-01,7.349598555645673326e-01,7.380899412077905897e-01,7.413291038093763330e-01,7.446716089160824170e-01,7.481115967962181923e-01,7.516429806217759246e-01,7.552595966372069869e-01,7.589550786014233053e-01,7.627229975193579037e-01,7.665567796398581324e-01,7.704497601768849346e-01,7.743952034685185337e-01,7.783862976689219781e-01,7.824161636328694769e-01,7.864778876318385681e-01,7.905645511837825490e-01,7.946691792354069195e-01,7.987847957234432972e-01,8.029044943225994713e-01,8.070213121368322584e-01,8.111283851968609238e-01,8.152188472252214213e-01,8.192859657559037334e-01,8.233230240612676720e-01,8.273234034693066619e-01,8.312806200472512286e-01,8.351882630894889026e-01,8.390400560923038098e-01,8.428298543366850026e-01,8.465517089364672509e-01,8.501997414761852667e-01,8.537683003558494965e-01,8.572518909780123542e-01,8.606452090684822975e-01,8.639431467380427332e-01,8.671408014972847855e-01,8.702334448114080745e-01,8.732166293739913598e-01,8.760860821644280705e-01,8.788377797343156494e-01,8.814679108671843455e-01,8.839729728076602955e-01,8.863496304824188821e-01,8.885948209536439490e-01,8.907057825834314713e-01,8.926799550189611354e-01,8.945150410315408918e-01,8.962090522202171838e-01,8.977602049635242665e-01,8.991670258560600093e-01,9.004282641107976826e-01,9.015429419336371542e-01,9.025103794045590266e-01,9.033301225966846593e-01,9.040019721981544798e-01,9.045259926421809205e-01,9.049025171718041438e-01,9.051321057584092999e-01,9.052155842555950072e-01,9.051539931488252755e-01,9.049486049671725540e-01,9.046009706224947822e-01,9.041128193333969332e-01,9.034861135749833183e-01,9.027230401212891220e-01,9.018259581067999964e-01,9.007974370996089108e-01,8.996402507026735051e-01,8.983573407180213133e-01,8.969518184247362580e-01,8.954269734217852328e-01,8.937862316702299692e-01,8.920331871689464176e-01,8.901715431318435456e-01,8.882051667420732821e-01,8.861380018724324126e-01,8.839741384908621491e-01,8.817177731860169621e-01,8.793730969273181319e-01,8.769445144435471517e-01,8.744364023467545710e-01,8.718532657976875155e-01,8.691996069958787263e-01,8.664799969092862320e-01,8.636990046254935383e-01,8.608612452860930908e-01,8.579713686110799209e-01,8.550339882619226728e-01,8.520537112381337819e-01,8.490351551886128334e-01,8.459828871648162885e-01,8.429014502666184461e-01,8.397953414016504636e-01,8.366690489263171049e-01,8.335269383039536351e-01,8.303733172934907314e-01,8.272125034352515449e-01,8.240486121326331403e-01,8.208857730435397126e-01,8.177279771716018386e-01,8.145791240789431731e-01,8.114430215608081642e-01,8.083233309451864912e-01,8.052236553957125009e-01,8.021474579005842820e-01,7.990980604765077766e-01,7.960786607900695033e-01,7.930923739228938896e-01,7.901421225802678361e-01,7.872307494625991886e-01,7.843608924834319929e-01,7.815351490480318963e-01,7.787558942997856448e-01,7.760253913598732511e-01,7.733457702818036239e-01,7.707190068375551206e-01,7.681469737399641007e-01,7.656313250923523217e-01,7.631736654873134684e-01,7.607754174905956290e-01,7.584378576891110946e-01,7.561621656436138261e-01,7.539493529456017251e-01,7.518003201492176046e-01,7.497158392457863307e-01,7.476965855650896664e-01,7.457430502616217982e-01,7.438556863582255207e-01,7.420347707027223905e-01,7.402804995718037517e-01,7.385929780016747825e-01,7.369721894370975246e-01,7.354180444716463816e-01,7.339303183261126629e-01,7.325087687443198048e-01,7.311530275886033436e-01,7.298626436580667454e-01,7.286371393925124007e-01,7.274759436222388853e-01,7.263784086198168399e-01,7.253438728163408289e-01,7.243715989901611252e-01,7.234607992047894509e-01,7.226106710841955216e-01,7.218203585564129110e-01,7.210890000551631873e-01,7.204156755212764995e-01,7.197994609081093120e-01,7.192394299578043215e-01,7.187346378132153379e-01,7.182841029609968730e-01,7.178869220930321760e-01,7.175420854665759407e-01,7.172486850878889708e-01,7.170057695470878345e-01,7.168124231653618672e-01,7.166677308439522998e-01,7.165708215948147775e-01,7.165208099807602871e-01,7.165168948917519653e-01,7.165582098658603849e-01,7.166439986051449385e-01,7.167735156881330782e-01,7.169460672810851198e-01,7.171609136271049900e-01,7.174174405051126913e-01,7.177150119306315856e-01,7.180530840805104953e-01,7.184310854177078376e-01,7.188485381494131854e-01,7.193049387268150019e-01,7.197998833817118580e-01,7.203329741282056276e-01,7.209038260493817463e-01,7.215121268635127372e-01,7.221575665429526003e-01,7.228398901151177336e-01,7.235588431609720761e-01,7.243141987389417613e-01,7.251058002862993401e-01,7.259334119084840387e-01,7.267969613877817148e-01,7.276962222752354492e-01,7.286311397303790738e-01,7.296015320721336295e-01,7.306073609733703123e-01,7.316484521943905639e-01,7.327247280705752042e-01,7.338360561467822674e-01,7.349823305377128912e-01,7.361634363553085647e-01,7.373791984143730494e-01,7.386294596306089977e-01,7.399140486309636611e-01,7.412327193712856532e-01,7.425852712280607282e-01,7.439714184085207682e-01,7.453908478899222700e-01,7.468432037814384250e-01,7.483281360004380156e-01,7.498451697745300848e-01,7.513938551483170247e-01,7.529736365445665047e-01,7.545839356561588884e-01,7.562241009566968986e-01,7.578934437936410973e-01,7.595912201999130975e-01,7.613165753505680700e-01,7.630686280809684252e-01,7.648464354889830119e-01,7.666489635628525035e-01,7.684751269121289363e-01,7.703237765098006617e-01,7.721936622024572205e-01,7.740835153250009704e-01,7.759919635804216620e-01,7.779175367849197054e-01,7.798587654886520726e-01,7.818140553462399334e-01,7.837817807455377261e-01,7.857602095357504313e-01,7.877476150984691339e-01,7.897421167403336772e-01,7.917418506030406977e-01,7.937448395396988765e-01,7.957491110872141338e-01,7.977526012479535522e-01,7.997531820037278028e-01,8.017487256855815314e-01,8.037370224019197984e-01,8.057158775588202371e-01,8.076829844943864689e-01,8.096360814421629248e-01,8.115728550707288491e-01,8.134909657839515251e-01,8.153880624081757400e-01,8.172617953504736077e-01,8.191098146143005465e-01,8.209297268675908033e-01,8.227192368644682396e-01,8.244759785525542783e-01,8.261976349735431491e-01,8.278819174409522974e-01,8.295265862224138198e-01,8.311293887585119444e-01,8.326881629842435295e-01,8.342007563202262777e-01,8.356651404838213448e-01,8.370792524505266119e-01,8.384411895998215014e-01,8.397490600753135803e-01,8.410010500318710891e-01,8.421954685944704755e-01,8.433307087543920888e-01,8.444052338892847898e-01,8.454176198899268080e-01,8.463665657005237097e-01,8.472508541740298993e-01,8.480693990955964212e-01,8.488212446547032108e-01,8.495055272578937444e-01,8.501215425757618904e-01,8.506687023372272449e-01,8.511465843677978871e-01,8.515548545620456045e-01,8.518933607368431860e-01,8.521620766963031723e-01,8.523611424659851554e-01,8.524908068838249475e-01,8.525515117433247747e-01,8.525438148553742268e-01,8.524684787242706729e-01,8.523263515913089838e-01,8.521184670811896567e-01,8.518460097637167161e-01,8.515103293582704236e-01,8.511128931575819845e-01,8.506553318963457899e-01,8.501394219979416800e-01,8.495670903707085442e-01,8.489404013187799025e-01,8.482615314866762679e-01,8.475328316716773669e-01,8.467567850525284934e-01,8.459359474187283512e-01,8.450730229148056827e-01,8.441708614331935312e-01,8.432323830353345429e-01,8.422606239879055767e-01,8.412587336527355131e-01,8.402299409458315882e-01,8.391775422274559970e-01,8.381049329482417320e-01,8.370155901052691583e-01,8.359130570384567527e-01,8.348008460918819873e-01,8.336826355254826071e-01,8.325620947853777931e-01,8.314428864023218901e-01,8.303287565342231114e-01,8.292234238509105237e-01,8.281306078311061469e-01,8.270540570240493272e-01,8.259974664568088265e-01,8.249645295221763597e-01,8.239588989971892152e-01,8.229841946368933181e-01,8.220439650085131778e-01,8.211417202943959159e-01,8.202808959628478114e-01,8.194648082031769087e-01,8.186967546739438717e-01,8.179798703716386621e-01,8.173172247562843218e-01,8.167117622020844125e-01,8.161662844842867415e-01,8.156835069653225467e-01,8.152659651398421747e-01,8.149160529372128092e-01,8.146360290335298293e-01,8.144279535063476683e-01,8.142937814154543874e-01,8.142352220099644544e-01,8.142538475984808510e-01,8.143510371210456178e-01,8.145279889621577230e-01,8.147856483381400450e-01,8.151248281513955307e-01,8.155461234849551433e-01,8.160498796029314050e-01,8.166362607577500876e-01,8.173052201117443349e-01,8.180565003018915871e-01,8.188895931562825137e-01,8.198037945603338095e-01,8.207981790378511278e-01,8.218716319223480227e-01,8.230227698699755789e-01,8.242499869679362767e-01,8.255515148395616842e-01,8.269253354330381445e-01,8.283692273013940621e-01,8.298807467779778513e-01,8.314572850966669426e-01,8.330959791606654674e-01,8.347938053134745795e-01,8.365475554728125651e-01,8.383538086429089820e-01,8.402089916958346283e-01,8.421093593060748894e-01,8.440509536047199335e-01,8.460297126520265332e-01,8.480414267272672335e-01,8.500817245393735844e-01,8.521461135436776413e-01,8.542299580523100566e-01,8.563285255808505969e-01,8.584370136791699135e-01,8.605504712333914563e-01,8.626638806097949308e-01,8.647721899812722546e-01,8.668702561152451525e-01,8.689528698024746589e-01,8.710148424754267094e-01,8.730509026764015079e-01,8.750558087684469077e-01,8.770242808587564998e-01,8.789510928558762481e-01,8.808309892712296030e-01,8.826587951363749074e-01,8.844293699788873253e-01,8.861376127441863426e-01,8.877785280110920274e-01,8.893472053733837424e-01,8.908387660947826303e-01,8.922485163179888490e-01,8.935718480486036785e-01,8.948042869049711578e-01,8.959415245450625953e-01,8.969793314433437414e-01,8.979137328850648192e-01,8.987408731189061584e-01,8.994571025482772653e-01,9.000589544470417591e-01,9.005431722145131879e-01,9.009067239094679103e-01,9.011467650000049012e-01,9.012607002079247032e-01,9.012461870299314226e-01,9.011011140288341936e-01,9.008235896306396873e-01,9.004120245203331985e-01,8.998650751144264825e-01,8.991816341290905790e-01,8.983609319777124957e-01,8.974024105635070025e-01,8.963058422229098765e-01,8.950712237951421457e-01,8.936988920640103196e-01,8.921894264650674922e-01,8.905437207431984303e-01,8.887629561512191412e-01,8.868485388431693872e-01,8.848022401670951886e-01,8.826260976740044617e-01,8.803223870908783999e-01,8.778937012903756942e-01,8.753428608569795433e-01,8.726730137127793885e-01,8.698875433959781800e-01,8.669901066369110065e-01,8.639845588904299101e-01,8.608750888688925240e-01,8.576660461185690032e-01,8.543620916849818947e-01,8.509680058390446389e-01,8.474888702437408661e-01,8.439299439538305858e-01,8.402966925825862132e-01,8.365947347757136665e-01,8.328298840040599949e-01,8.290081143824176158e-01,8.251355633463629546e-01
5.187214643849547002e-01,5.212317971016038332e-01,5.236180931907870040e-01,5.258797105792701876e-01,5.280162636409108101e-01,5.300276032661954684e-01,5.319138469035951111e-01,5.336753304295623890e-01,5.353126363983876645e-01,5.368265723142116030e-01,5.382181688678184805e-01,5.394886809216561385e-01,5.406395797360981081e-01,5.416725218205763470e-01,5.425893810590982635e-01,5.433922080017462575e-01,5.440832408360867234e-01,5.446648818498556199e-01,5.451397131593118672e-01,5.455104522325704419e-01,5.457799774717259078e-01,5.459512939420916311e-01,5.460275349787092614e-01,5.460119516303838516e-01,5.459078971418434012e-01,5.457188236556299588e-01,5.454482715475287291e-01,5.450998441431519348e-01,5.446772400808135295e-01,5.441841662532909130e-01,5.436244048409013541e-01,5.430017724695208603e-01,5.423200952720194090e-01,5.415832190049151285e-01,5.407949900903586959e-01,5.399592524228661317e-01,5.390798307069571971e-01,5.381605351832646766e-01,5.372051162667491608e-01,5.362173089297737061e-01,5.352007639060766264e-01,5.341591056360854850e-01,5.330958710600079975e-01,5.320145109291073426e-01,5.309183951183716887e-01,5.298108317700932490e-01,5.286950014781480744e-01,5.275739619139295788e-01,5.264507043047279566e-01,5.253280714900094850e-01,5.242088082588591824e-01,5.230955187491030944e-01,5.219906769558456672e-01,5.208966314667183850e-01,5.198155783736951863e-01,5.187495787402167657e-01,5.177005692225239430e-01,5.166703298012467194e-01,5.156604865363587642e-01,5.146725243042914455e-01,5.137077802027043560e-01,5.127674470894834080e-01,5.118525693033167956e-01,5.109640543227742526e-01,5.101026415051710394e-01,5.092689365317782935e-01,5.084634246864525586e-01,5.076864239894421926e-01,5.069381120972081822e-01,5.062185820804905312e-01,5.055277438174290427e-01,5.048653922025212459e-01,5.042312427807699171e-01,5.036248395360805041e-01,5.030456546709685117e-01,5.024930237888238782e-01,5.019662104619010412e-01,5.014643606050681601e-01,5.009865512808380217e-01,5.005317478421352773e-01,5.000988941595484460e-01,4.996867844748143495e-01,4.992942157890460919e-01,4.989198865857423226e-01,4.985624765011988369e-01,4.982206161469858174e-01,4.978928613508176726e-01,4.975778048916825735e-01,4.972739542580547067e-01,4.969798357584918058e-01,4.966939572149747240e-01,4.964148298467109810e-01,4.961409486843010863e-01,4.958708554730810736e-01,4.956030839147225198e-01,4.953361966118937088e-01,4.950687743889304326e-01,4.947994745284390872e-01,4.945269383203711455e-01,4.942498953248055660e-01,4.939671182623546208e-01,4.936774291327439834e-01,4.933797193386102453e-01,4.930729333328619512e-01,4.927561148529095436e-01,4.924283485386692361e-01,4.920888206574404178e-01,4.917367673401217831e-01,4.913715543328305291e-01,4.909925922892149908e-01,4.905994182982674201e-01,4.901916170787440907e-01,4.897688877460506518e-01,4.893310251153686341e-01,4.888779013801843876e-01,4.884094958280676968e-01,4.879258846670265215e-01,4.874272184199355817e-01,4.869137521732216367e-01,4.863858260627074714e-01,4.858438615011728134e-01,4.852883897314475559e-01,4.847200088755270753e-01,4.841394109160577774e-01,4.835473540390675673e-01,4.829446592437512953e-01,4.823322694967708824e-01,4.817111400816789235e-01,4.810823398437431009e-01,4.804469492181118739e-01,4.798061457787337614e-01,4.791611463561152862e-01,4.785131931162827090e-01,4.778635812236435298e-01,4.772136580892531454e-01,4.765647728985231146e-01,4.759183124514223540e-01,4.752756875114289570e-01,4.746382977274135606e-01,4.740075919885963773e-01,4.733849604541646161e-01,4.727718297968584449e-01,4.721696132064465701e-01,4.715796586245606381e-01,4.710033626496049064e-01,4.704420424077205842e-01,4.698969673974100481e-01,4.693694151353149935e-01,4.688605631230451931e-01,4.683715706903124887e-01,4.679035033561123047e-01,4.674574111075655014e-01,4.670342155734111822e-01,4.666348088699070473e-01,4.662599843979529091e-01,4.659104404312738312e-01,4.655868196054383512e-01,4.652896368350843415e-01,4.650193238966036646e-01,4.647762231814130951e-01,4.645605720406175698e-01,4.643724677276477864e-01,4.642119534905022049e-01,4.640789391027758115e-01,4.639732023802531358e-01,4.638944482813681658e-01,4.638422373038770807e-01,4.638160344343122965e-01,4.638151596879583338e-01,4.638388638082679427e-01,4.638862546086310323e-01,4.639563366443363313e-01,4.640479951460709795e-01,4.641600144720794408e-01,4.642910719636698658e-01,4.644397366035566410e-01,4.646044784330514710e-01,4.647836630230659516e-01,4.649755819635299492e-01,4.651784105522788204e-01,4.653902429779158689e-01,4.656091070811862465e-01,4.658329422675104303e-01,4.660596294187741018e-01,4.662869595564335112e-01,4.665126942767138241e-01,4.667345236681271214e-01,4.669500991161297243e-01,4.671570316475348039e-01,4.673528777536541945e-01,4.675352094858234997e-01,4.677015620160036025e-01,4.678494549118408230e-01,4.679763996843211982e-01,4.680799149062820907e-01,4.681575532360606751e-01,4.682068639636077223e-01,4.682254469195555879e-01,4.682108844654483959e-01,4.681608860598928112e-01,4.680731428780815495e-01,4.679454524915203639e-01,4.677756420908549262e-01,4.675616446676002513e-01,4.673014720300724956e-01,4.669932058934386787e-01,4.666350444123999464e-01,4.662253028357721818e-01,4.657623667630461650e-01,4.652447884558847391e-01,4.646712090095369008e-01,4.640404227273910442e-01,4.633513557250890091e-01,4.626030641451678860e-01,4.617947725517885238e-01,4.609258488527477327e-01,4.599958042994668483e-01,4.590043368450063554e-01,4.579512898674271137e-01,4.568366886189458853e-01,4.556607113820211885e-01,4.544237305990851405e-01,4.531262800504252675e-01,4.517690714769621030e-01,4.503529947229927277e-01,4.488791287929302376e-01,4.473487103747095239e-01,4.457631652790297050e-01,4.441241143031572913e-01,4.424333025460510660e-01,4.406927028185617101e-01,4.389044320060996318e-01,4.370707653946888094e-01,4.351941742845436001e-01,4.332772577894076216e-01,4.313227948891851238e-01,4.293336913164353952e-01,4.273130175561557498e-01,4.252639750613861347e-01,4.231899103627572156e-01,4.210942727239818661e-01,4.189806553975878867e-01,4.168527516060913651e-01,4.147143543727678239e-01,4.125693673537427220e-01,4.104217689688341997e-01,4.082756237981566283e-01,4.061350525235985498e-01,4.040042324767657012e-01,4.018874361061285927e-01,3.997889090311694815e-01,3.977129632950891502e-01,3.956639236460819387e-01,3.936461354887360042e-01,3.916639074543584731e-01,3.897215604869938010e-01,3.878233975966132174e-01,3.859736486366475705e-01,3.841765394216085650e-01,3.824362158591651517e-01,3.807567544427014616e-01,3.791421507707501415e-01,3.775963244125336571e-01,3.761230809551204812e-01,3.747261111544979983e-01,3.734089661825797379e-01,3.721751193634045829e-01,3.710278558320023179e-01,3.699703043323144258e-01,3.690054506873217122e-01,3.681361047514405405e-01,3.673648947404264953e-01,3.666942559995151063e-01,3.661264238521514391e-01,3.656634398195154900e-01,3.653071224182359300e-01,3.650590772611480017e-01,3.649206808670572011e-01,3.648930884506807470e-01,3.649772033034290319e-01,3.651736997641373272e-01,3.654830010660075068e-01,3.659052769213100298e-01,3.664404427235792849e-01,3.670881671643647093e-01,3.678478881736343409e-01,3.687187204650599903e-01,3.696995672048069004e-01,3.707890637001969303e-01,3.719855898239099457e-01,3.732872557328964502e-01,3.746919233641008984e-01,3.761972001558481216e-01,3.778004464410682495e-01,3.794987612031597846e-01,3.812890289874193983e-01,3.831678800669895413e-01,3.851317088187938276e-01,3.871766740972767962e-01,3.892987537973836010e-01,3.914936804096699197e-01,3.937570044047602469e-01,3.960840436167286649e-01,3.984699775702684743e-01,4.009097908524331677e-01,4.033982576639458806e-01,4.059300744618433709e-01,4.084997252610446661e-01,4.111015860969760016e-01,4.137299154285983827e-01,4.163788487705574748e-01,4.190424311573696103e-01,4.217146025715464153e-01,4.243892459431124475e-01,4.270602009397497789e-01,4.297212266270951098e-01,4.323660584932350059e-01,4.349884256611181721e-01,4.375820440315730808e-01,4.401406375572305962e-01,4.426579457254503080e-01,4.451277671233683231e-01,4.475439383885287947e-01,4.499003556989042418e-01,4.521909905575040578e-01,4.544099336592956617e-01,4.565513726953481788e-01,4.586095890069718517e-01,4.605790345967546995e-01,4.624543103145098977e-01,4.642301249004646690e-01,4.659014362797614939e-01,4.674633417117077250e-01,4.689111282274796566e-01,4.702403300861297542e-01,4.714466832398265805e-01,4.725261531621183231e-01,4.734749330644067999e-01,4.742895021043170845e-01,4.749665673988471282e-01,4.755031310490902552e-01,4.758964669940377035e-01,4.761441353137971233e-01,4.762439658835502798e-01,4.761941244649771088e-01,4.759930465592695503e-01,4.756395130873647958e-01,4.751325956148143570e-01,4.744716851175277972e-01,4.736564992582519285e-01,4.726870815980456775e-01,4.715637904810351944e-01,4.702873269998226191e-01,4.688587055082595878e-01,4.672792554705058610e-01,4.655506521323756752e-01,4.636749089521734479e-01,4.616542901536779819e-01,4.594914559290376732e-01,4.571893280661955550e-01,4.547511516371000040e-01,4.521804771897749431e-01,4.494811362377687525e-01,4.466572667928007667e-01,4.437132789207821060e-01,4.406538476038601160e-01,4.374839343793769375e-01,4.342087379160949334e-01,4.308336859149035636e-01,4.273644709661505448e-01,4.238069982313761863e-01,4.201673811786045820e-01,4.164519256825452431e-01,4.126671359277094275e-01,4.088196887233912502e-01,4.049164113518405328e-01,4.009642876133780454e-01,3.969704249762220361e-01,3.929420533793947512e-01,3.888865122468706526e-01,3.848112232399099053e-01,3.807236657504211585e-01,3.766314125651271660e-01,3.725420448658091077e-01,3.684631893875853770e-01,3.644024734813722244e-01,3.603675285708186626e-01,3.563659702702630661e-01,3.524053646713996568e-01,3.484932205825413964e-01,3.446370077328069215e-01,3.408440863319532332e-01,3.371217420705827084e-01,3.334771327562057186e-01,3.299172914614972307e-01,3.264491072898478841e-01,3.230793255533916941e-01,3.198145150152802985e-01,3.166610628571671637e-01,3.136251453891710228e-01,3.107127648132154141e-01,3.079296663915229160e-01,3.052813938328873267e-01,3.027732273430159826e-01,3.004102047206392845e-01,2.981970919688353150e-01,2.961383968958247181e-01,2.942383074129266696e-01,2.925007911706298258e-01,2.909294315705107659e-01,2.895275891378833455e-01,2.882982585087585092e-01,2.872441472966872911e-01,2.863676020183754112e-01,2.856707170513311245e-01,2.851551802812181680e-01,2.848223970858932974e-01,2.846734174988902466e-01,2.847089693596268622e-01,2.849294329380360757e-01,2.853348693011336090e-01,2.859249924085053296e-01,2.866991792373035919e-01,2.876564908328245185e-01,2.887956583577853675e-01,2.901150775486176503e-01,2.916128427072064433e-01
9.904967858080843124e-01,9.905132024006709779e-01,9.903834991816193867e-01,9.901054456975043605e-01,9.896770642486717451e-01,9.890966605706088544e-01,9.883628149354817261e-01,9.874743234830026806e-01,9.864303352286256654e-01,9.852302253860747427e-01,9.838737152401239028e-01,9.823607741190317766e-01,9.806916699654308900e-01,9.788670006550875824e-01,9.768876427982471355e-01,9.747548046843500513e-01,9.724699480843389532e-01,9.700348908382587787e-01,9.674517050548161468e-01,9.647227973273093671e-01,9.618508495846207484e-01,9.588388648418560978e-01,9.556900997555782817e-01,9.524081535630571915e-01,9.489968496505166717e-01,9.454602959526309247e-01,9.418028842360429698e-01,9.380292681374039487e-01,9.341443597243224151e-01,9.301532751158327894e-01,9.260614111990862485e-01,9.218743505630092594e-01,9.175979175245296826e-01,9.132381498636510386e-01,9.088011997801263009e-01,9.042935191747213386e-01,8.997216259498853619e-01,8.950922231654377947e-01,8.904121412265485480e-01,8.856883864868082545e-01,8.809280198669143802e-01,8.761382180262999864e-01,8.713262394874931038e-01,8.664993914108500839e-01,8.616650744771695569e-01,8.568306750703138519e-01,8.520036212057476854e-01,8.471913667115330560e-01,8.424012923268398012e-01,8.376408259474896756e-01,8.329172994576174993e-01,8.282379783707708443e-01,8.236100715006816619e-01,8.190407227183439387e-01,8.145369163103818311e-01,8.101055110588309960e-01,8.057532963978701890e-01,8.014868504262824267e-01,7.973125656616274481e-01,7.932367127973409815e-01,7.892653318558024989e-01,7.854042293800733709e-01,7.816590430961828373e-01,7.780351513372005812e-01,7.745376525570591975e-01,7.711714475960937953e-01,7.679411223785064244e-01,7.648510066189672107e-01,7.619051148854931732e-01,7.591071757075333881e-01,7.564606265012000508e-01,7.539685710640000593e-01,7.516338059086992152e-01,7.494587858049220896e-01,7.474456145341147328e-01,7.455961261242620708e-01,7.439117509354679081e-01,7.423935761563190683e-01,7.410423883019042757e-01,7.398585658232625928e-01,7.388421936593749795e-01,7.379929520711391300e-01,7.373102247365928008e-01,7.367930107961251363e-01,7.364400121918848185e-01,7.362495238717245982e-01,7.362195656739410898e-01,7.363478024028594637e-01,7.366315709438956416e-01,7.370678675856702222e-01,7.376534218375901952e-01,7.383846477784266060e-01,7.392576335942018240e-01,7.402682348649466393e-01,7.414119525937047372e-01,7.426841269440399573e-01,7.440797728836432423e-01,7.455936479445050002e-01,7.472203519905824542e-01,7.489542195862753937e-01,7.507893889863940240e-01,7.527198184331862496e-01,7.547393003321317684e-01,7.568414335413028438e-01,7.590197148443397213e-01,7.612675207501129471e-01,7.635780569452629285e-01,7.659444781859490181e-01,7.683598427095958971e-01,7.708171633253479982e-01,7.733093836425536383e-01,7.758294589880003755e-01,7.783702560031529050e-01,7.809247154352931819e-01,7.834857768327185834e-01,7.860464046630858403e-01,7.885996318109520509e-01,7.911385592665263200e-01,7.936563772670462980e-01,7.961463580597032408e-01,7.986019218158338928e-01,8.010165968391848024e-01,8.033840833442176255e-01,8.056982030642888537e-01,8.079530412407949225e-01,8.101427863449843780e-01,8.122618885823594814e-01,8.143049552570065241e-01,8.162668921203348749e-01,8.181427992401117955e-01,8.199280737983069001e-01,8.216183373917229638e-01,8.232094891196587438e-01,8.246977201809184699e-01,8.260795330552705984e-01,8.273517056629412503e-01,8.285112891903427812e-01,8.295557318671601399e-01,8.304827118938947761e-01,8.312902957856073138e-01,8.319768230533032272e-01,8.325409953611782043e-01,8.329818409386819944e-01,8.332986957371641967e-01,8.334912844161030954e-01,8.335595840751526264e-01,8.335039919231270744e-01,8.333251544580991821e-01,8.330240999962083004e-01,8.326021550828051065e-01,8.320609857474624560e-01,8.314025494945616046e-01,8.306291111220902579e-01,8.297432842082049786e-01,8.287479184913507657e-01,8.276461573442540631e-01,8.264414822228108859e-01,8.251375584028295407e-01,8.237383655105781077e-01,8.222481207121324909e-01,8.206712743235888841e-01,8.190125035751119054e-01,8.172766753405821261e-01,8.154689046662528806e-01,8.135944583349510317e-01,8.116587932729728561e-01,8.096674767448225341e-01,8.076262945364913737e-01,8.055411096419362593e-01,8.034179424913986400e-01,8.012628520192356385e-01,7.990820427352443023e-01,7.968817338453410004e-01,7.946682486992213690e-01,7.924478867762272394e-01,7.902270179457253629e-01,7.880120123929813536e-01,7.858091721727497037e-01,7.836248531561176289e-01,7.814653148516783610e-01,7.793367576288292575e-01,7.772453169216109181e-01,7.751970670651227024e-01,7.731979072225843019e-01,7.712536756803400895e-01,7.693700958599025697e-01,7.675526219313724141e-01,7.658066913096968076e-01,7.641374867404862048e-01,7.625500428436100542e-01,7.610491203290918882e-01,7.596393470025865069e-01,7.583251109248084765e-01,7.571105222459046935e-01,7.559994919810635317e-01,7.549956804802446797e-01,7.541024486929428505e-01,7.533229309143842922e-01,7.526599500729364012e-01,7.521160582482855350e-01,7.516935195921753410e-01,7.513943183612997734e-01,7.512201059408764037e-01,7.511722593235684586e-01,7.512518440176314538e-01,7.514596241132770471e-01,7.517960348860167619e-01,7.522612145906529824e-01,7.528549841614642357e-01,7.535768875809233380e-01,7.544261198061706919e-01,7.554015908577494942e-01,7.565019337233137575e-01,7.577254323581011919e-01,7.590701241852173542e-01,7.605337520031337784e-01,7.621137620412884450e-01,7.638073228614853383e-01,7.656113788780638529e-01,7.675225917408309284e-01,7.695373411864163682e-01,7.716518119807548315e-01,7.738619445787154882e-01,7.761634663256161693e-01,7.785518728320599546e-01,7.810225080657474672e-01,7.835704724056488102e-01,7.861907428925145602e-01,7.888781064831081880e-01,7.916272223673569419e-01,7.944325967238887731e-01,7.972886140276161937e-01,8.001896014463772966e-01,8.031297356015748568e-01,8.061031227213339978e-01,8.091038361884017593e-01,8.121258774461844743e-01,8.151632249177737100e-01,8.182098174024018400e-01,8.212596239251387376e-01,8.243066006873135398e-01,8.273446792421327300e-01,8.303679394196694652e-01,8.333704371971621949e-01,8.363462756127801878e-01,8.392897101573407737e-01,8.421950265598967533e-01,8.450566684899559755e-01,8.478691591190021803e-01,8.506271489143497622e-01,8.533254691290069749e-01,8.559591119327742970e-01,8.585231855794216438e-01,8.610130025947588805e-01,8.634240772054191382e-01,8.657521017279679043e-01,8.679930067988363973e-01,8.701429055181532091e-01,8.721981443416793045e-01,8.741553092223639521e-01,8.760112025774172695e-01,8.777629192140383729e-01,8.794077469104909506e-01,8.809432807543277066e-01,8.823673435543365473e-01,8.836780131046886311e-01,8.848736644760409886e-01,8.859529172189646307e-01,8.869146906484605131e-01,8.877581193601434828e-01,8.884826724168419787e-01,8.890880325242305204e-01,8.895741978127879035e-01,8.899414128572701310e-01,8.901901692110953945e-01,8.903212655759736860e-01,8.903357199309865910e-01,8.902348143428379101e-01,8.900200779586927569e-01,8.896932830796240310e-01,8.892564399842065592e-01,8.887118002333815880e-01,8.880618126174439908e-01,8.873091451654235851e-01,8.864567088064033706e-01,8.855075515633847871e-01,8.844649540641964514e-01,8.833323640922435827e-01,8.821133844454722706e-01,8.808118085212044424e-01,8.794315192257124991e-01,8.779765812270968750e-01,8.764512011467532338e-01,8.748596277752832551e-01,8.732063128112486083e-01,8.714956676988607764e-01,8.697323324543799750e-01,8.679208763746973920e-01,8.660660090505533093e-01,8.641724200417784107e-01,8.622449067445849824e-01,8.602882269766007894e-01,8.583071390070782236e-01,8.563064249104428427e-01,8.542908372654235416e-01,8.522650592956932947e-01,8.502337985992534097e-01,8.482016985128830733e-01,8.461732839224209712e-01,8.441530349280174095e-01,8.421453783152736960e-01,8.401546083831314959e-01,8.381848971823074868e-01,8.362403583730235734e-01,8.343249581210414600e-01,8.324424876685526664e-01,8.305966715363921615e-01,8.287910325577826365e-01,8.270289538017007169e-01,8.253136776487007831e-01,8.236482304985980329e-01,8.220355300748329874e-01,8.204782536928667547e-01,8.189789584886844054e-01,8.175399499298389161e-01,8.161633700153744231e-01,8.148511984081778792e-01,8.136051927947591800e-01,8.124269070132471571e-01,8.113177117776231295e-01,8.102787743826863620e-01,8.093110936069776162e-01,8.084154003654034915e-01,8.075923075915958371e-01,8.068421937617403783e-01,8.061652546080972925e-01,8.055614964923717425e-01,8.050307638385778564e-01,8.045726752288779871e-01,8.041867129167485917e-01,8.038721751461244125e-01,8.036281696712496148e-01,8.034536981854339954e-01,8.033475648585698403e-01,8.033084434312499633e-01,8.033348534840343280e-01,8.034252160441881507e-01,8.035777970964101957e-01,8.037907514043260981e-01,8.040621461058938824e-01,8.043898901547907876e-01,8.047719063940869111e-01,8.052059307834030788e-01,8.056896762611620577e-01,8.062207838493276046e-01,8.067968626692760825e-01,8.074154417417931384e-01,8.080740413924345500e-01,8.087701436081496942e-01,8.095012112680421978e-01,8.102647188368977682e-01,8.110581339084516062e-01,8.118789170691704804e-01,8.127246107497799743e-01,8.135926968285366323e-01,8.144807769783942719e-01,8.153864668382112546e-01,8.163074577458806491e-01,8.172414718935391287e-01,8.181863118363270626e-01,8.191399070357400225e-01,8.201002172694273895e-01,8.210653097051205940e-01,8.220333953429016516e-01,8.230027048750123697e-01,8.239716832899276477e-01,8.249388185211745661e-01,8.259027324167206308e-01,8.268622031588697130e-01,8.278161351198953799e-01,8.287634960326161204e-01,8.297035182201710768e-01,8.306354439250582811e-01,8.315587183655067660e-01,8.324729443186170696e-01,8.333778098454749372e-01,8.342731883742221521e-01,8.351590888523111600e-01,8.360356748454306208e-01,8.369031754901936626e-01,8.377620769253200095e-01,8.386128706710224145e-01,8.394562741036929454e-01,8.402931175423418164e-01,8.411243273553452582e-01,8.419509516373794300e-01,8.427741725109083593e-01,8.435952740816028417e-01,8.444156622530565315e-01,8.452367935749057759e-01,8.460602490965226652e-01,8.468877304414056395e-01,8.477209319628422612e-01,8.485616859817223245e-01,8.494118303344621035e-01,8.502733286861023920e-01,8.511481278925878691e-01,8.520382098185708131e-01,8.529456504313139842e-01,8.538724630965947027e-01,8.548207018479193620e-01,8.557924422777436479e-01,8.567897229691980865e-01,8.578145223517146256e-01,8.588689196219395638e-01,8.599548217395330818e-01,8.610741215463676435e-01,8.622287080571535700e-01,8.634203413652312697e-01,8.646507332043134042e-01,8.659214929529701621e-01,8.672341703019573744e-01,8.685901792707213520e-01,8.699908235572704207e-01,8.714372831422682042e-01,8.729306508829256517e-01,8.744718386608858474e-01
9.421705265722085665e-02,9.355425695434488320e-02,9.289828828632679114e-02,9.225052124618919602e-02,9.161229120337496812e-02,9.098490277774956558e-02,9.036962846381405012e-02,8.976770147085767759e-02,8.918031399016455862e-02,8.860861678817009979e-02,8.805371491047832289e-02,8.751667050404275672e-02,8.699849535567923120e-02,8.650015398898693031e-02,8.602255894801320857e-02,8.556657338181740402e-02,8.513299828110131029e-02,8.472258991755773905e-02,8.433603833284042395e-02,8.397399022645907207e-02,8.363701922808942923e-02,8.332565283657364374e-02,8.304035334235841670e-02,8.278152307503247598e-02,8.254950603140695509e-02,8.234458738527596078e-02,8.216698946386999380e-02,8.201688102459545049e-02,8.189435930810030906e-02,8.179947632634226862e-02,8.173221380839773564e-02,8.169249584498913808e-02,8.168019434416848301e-02,8.169512711980156383e-02,8.173704197034972752e-02,8.180564517760587073e-02,8.190058405954250831e-02,8.202145304331991127e-02,8.216779253297684660e-02,8.233910204278246936e-02,8.253481909872814604e-02,8.275435452792045954e-02,8.299704806303594140e-02,8.326222463803206741e-02,8.354914234485462388e-02,8.385704039936475729e-02,8.418510564754765058e-02,8.453250490683750229e-02,8.489835577242416109e-02,8.528175982740725247e-02,8.568177795938126950e-02,8.609745919937029923e-02,8.652781414771971991e-02,8.697184092194254479e-02,8.742851741592307102e-02,8.789680529937278497e-02,8.837565004140651714e-02,8.886399299598721213e-02,8.936075699349924073e-02,8.986486170226322401e-02,9.037522668782452251e-02,9.089076491070734176e-02,9.141039860591369803e-02,9.193304209034131036e-02,9.245762569148624488e-02,9.298308420168695243e-02,9.350836227153218327e-02,9.403241749358630386e-02,9.455422370526483933e-02,9.507277922938087156e-02,9.558708805678058085e-02,9.609618483203102857e-02,9.659912792959943206e-02,9.709500419588232289e-02,9.758292501780005401e-02,9.806202591169296823e-02,9.853148500365307982e-02,9.899050644009062261e-02,9.943833215002140236e-02,9.987424147732597290e-02,1.002975463600218886e-01,1.007076045761313016e-01,1.011038120236907450e-01,1.014856020355876659e-01,1.018524573044922166e-01,1.022038976809600541e-01,1.025394991218322588e-01,1.028588691358448964e-01,1.031616676205885652e-01,1.034475973315605590e-01,1.037164182988074418e-01,1.039679291023436064e-01,1.042019773824519324e-01,1.044184588353550130e-01,1.046173163469330814e-01,1.047985452449284732e-01,1.049621830790944815e-01,1.051083169099785442e-01,1.052370827740657377e-01,1.053486606244245366e-01,1.054432780098836231e-01,1.055212076330970250e-01,1.055827648930336843e-01,1.056283178182697152e-01,1.056582617084859815e-01,1.056730580952703891e-01,1.056731822106585783e-01,1.056591613555999815e-01,1.056315744110201266e-01,1.055910122832457304e-01,1.055381253681459408e-01,1.054735834276996631e-01,1.053980946792504592e-01,1.053124054941025067e-01,1.052172773634647701e-01,1.051135150326068107e-01,1.050019452482924692e-01,1.048834114235203119e-01,1.047587949890767395e-01,1.046289886575292455e-01,1.044949072244481109e-01,1.043574848471107291e-01,1.042176694930345704e-01,1.040764283198443996e-01,1.039347296542478677e-01,1.037935659458500415e-01,1.036539302273842833e-01,1.035168192587045816e-01,1.033832384093608808e-01,1.032541956353021234e-01,1.031307010465012802e-01,1.030137614335600860e-01,1.029043756059099812e-01,1.028035454388401548e-01,1.027122613436787929e-01,1.026315103357131470e-01,1.025622538687527840e-01,1.025054670038069854e-01,1.024620820224549367e-01,1.024330381163892079e-01,1.024192442187733948e-01,1.024215936853646591e-01,1.024409608358049784e-01,1.024782001850915447e-01,1.025341377271961341e-01,1.026095753516019782e-01,1.027052900540236929e-01,1.028220362056957160e-01,1.029605285433906614e-01,1.031214627433236358e-01,1.033054939030535607e-01,1.035132525529939007e-01,1.037453362010598151e-01,1.040022999386269326e-01,1.042846719160496621e-01,1.045929426690910269e-01,1.049275652418550780e-01,1.052889597074917888e-01,1.056774999094768908e-01,1.060935279136497322e-01,1.065373505052814446e-01,1.070092236963149229e-01,1.075093759726288845e-01,1.080379884929859591e-01,1.085952061720318468e-01,1.091811340336300146e-01,1.097958355083259036e-01,1.104393286412159308e-01,1.111116053967416833e-01,1.118125993104526483e-01,1.125422212235898944e-01,1.133003292203268592e-01,1.140867501289909158e-01,1.149012673039332827e-01,1.157436239705989661e-01,1.166135294979602360e-01,1.175106531800658299e-01,1.184346275707846563e-01,1.193850408778596578e-01,1.203614527219470237e-01,1.213633942360946155e-01,1.223903367073028992e-01,1.234417431169612528e-01,1.245170291009683045e-01,1.256155786706910915e-01,1.267367441894639291e-01,1.278798527464097556e-01,1.290441858574699063e-01,1.302290087859638845e-01,1.314335550972252076e-01,1.326570287746245413e-01,1.338986022233623896e-01,1.351574294768794482e-01,1.364326361054991610e-01,1.377233247541278793e-01,1.390285668178668221e-01,1.403474246509151813e-01,1.416789293018719254e-01,1.430220971108469574e-01,1.443759178864619241e-01,1.457393719149837619e-01,1.471114161011483346e-01,1.484909932490942885e-01,1.498770272729251785e-01,1.512684352821084821e-01,1.526641190858510633e-01,1.540629588511782944e-01,1.554638340967516574e-01,1.568656111466022463e-01,1.582671450229029275e-01,1.596672817206689632e-01,1.610648691205681382e-01,1.624587319527952545e-01,1.638477044127599758e-01,1.652306105271973413e-01,1.666062685337242055e-01,1.679735005316050911e-01,1.693311201043853909e-01,1.706779501619996864e-01,1.720127949076480367e-01,1.733344821451458240e-01,1.746418251530200416e-01,1.759336526560701108e-01,1.772087897780766919e-01,1.784660647837563452e-01,1.797043097718165061e-01,1.809223822367137524e-01,1.821191192225222744e-01,1.832933901786358843e-01,1.844440620903569361e-01,1.855700082595453104e-01,1.866701202864287923e-01,1.877433016198939431e-01,1.887884634220467484e-01,1.898045307479035160e-01,1.907904513222376253e-01,1.917451753960579541e-01,1.926676794574944951e-01,1.935569576865517338e-01,1.944120024028930527e-01,1.952318487819344750e-01,1.960155410694360001e-01,1.967621473075070182e-01,1.974707437973104718e-01,1.981404517035103008e-01,1.987703904757726348e-01,1.993597155925384279e-01,1.999076090353663071e-01,2.004132751315421124e-01,2.008759370664785493e-01,2.012948616847144434e-01,2.016693216250219634e-01,2.019986391754609589e-01,2.022821462276523652e-01,2.025192302084737883e-01,2.027092807847132860e-01,2.028517324680299827e-01,2.029460636972639787e-01,2.029917709059866071e-01,2.029883897013881333e-01,2.029354846177189864e-01,2.028326676281975993e-01,2.026795870867881266e-01,2.024759176502178015e-01,2.022213725373795401e-01,2.019157185658592424e-01,2.015587498893725571e-01,2.011503021676151748e-01,2.006902533312528158e-01,2.001785264999630110e-01,1.996150837560181635e-01,1.989999261115399098e-01,1.983331089356142607e-01,1.976147101545781826e-01,1.968448874216967570e-01,1.960238110949857337e-01,1.951517054903949000e-01,1.942288539602564923e-01,1.932555692112013501e-01,1.922322273617153021e-01,1.911592378064866371e-01,1.900370500417920272e-01,1.888661888836373481e-01,1.876472106596192846e-01,1.863807113157836814e-01,1.850673412674268825e-01,1.837078089832464012e-01,1.823028639564518438e-01,1.808532930536760897e-01,1.793599414606406039e-01,1.778237082429173777e-01,1.762455280634140642e-01,1.746263865514588176e-01,1.729673102219780045e-01,1.712693826673922781e-01,1.695337265761180934e-01,1.677615095178214832e-01,1.659539428617015921e-01,1.641122932976802895e-01,1.622378435499470528e-01,1.603319463281685509e-01,1.583959788312302441e-01,1.564313714983307790e-01,1.544395750674296686e-01,1.524220907599199426e-01,1.503804643880957970e-01,1.483162564956131135e-01,1.462310703654039756e-01,1.441265525045497542e-01,1.420043666314698694e-01,1.398662086749983269e-01,1.377138089022311995e-01,1.355489174480278003e-01,1.333733125043232159e-01,1.311887883283435752e-01,1.289971668629988633e-01,1.268002905533705260e-01,1.246000094589436863e-01,1.223982004023784625e-01,1.201967392557017622e-01,1.179975208654589769e-01,1.158024494282705735e-01,1.136134296418774559e-01,1.114323728550491721e-01,1.092611915702182968e-01,1.071017991602215974e-01,1.049561051624117031e-01,1.028260109574164749e-01,1.007134078526049636e-01,9.862018352689354284e-02,9.654820846946922386e-02,9.449933357911595444e-02,9.247540365692522024e-02,9.047822968052388060e-02,8.850960418901369919e-02,8.657129737815766335e-02,8.466505023089432314e-02,8.279257173198251163e-02,8.095553024191198821e-02,7.915557379825771678e-02,7.739430578733023924e-02,7.567328416033122784e-02,7.399403328339668184e-02,7.235802301088023469e-02,7.076668128333728214e-02,6.922139000606954140e-02,6.772347638467719755e-02,6.627420936339652180e-02,6.487480980550744403e-02,6.352643129449864201e-02,6.223018401744893208e-02,6.098709932542542567e-02,5.979815369670109931e-02,5.866425876784672755e-02,5.758626114956204300e-02,5.656493316487308520e-02,5.560098682725569952e-02,5.469505618190551727e-02,5.384770579250655609e-02,5.305943075499217065e-02,5.233064849987074246e-02,5.166170136918592920e-02,5.105285670883039778e-02,5.050431059290353547e-02,5.001617713838850399e-02,4.958849285220570668e-02,4.922122683834828649e-02,4.891425431876315899e-02,4.866738362958820258e-02,4.848034825434175549e-02,4.835279651921064320e-02,4.828430204399540571e-02,4.827437184604968512e-02,4.832241674096169476e-02,4.842779090455522073e-02,4.858977129302639170e-02,4.880755165931401768e-02,4.908026457362636014e-02,4.940696078069043568e-02,4.978663541537819981e-02,5.021820356022997645e-02,5.070052015262241363e-02,5.123236741225719454e-02,5.181247057987677790e-02,5.243950019103687382e-02,5.311205098973184602e-02,5.382867728181841421e-02,5.458786852154975944e-02,5.538805902902761702e-02,5.622764927960478137e-02,5.710497322719742391e-02,5.801832525139091756e-02,5.896596583720999096e-02,5.994610980604027362e-02,6.095693127604519951e-02,6.199658186417127126e-02,6.306316666030466200e-02,6.415477984529699418e-02,6.526947882598020667e-02,6.640529810228884555e-02,6.756026555446054127e-02,6.873239200765569878e-02,6.991965852457450448e-02,7.112005441350163770e-02,7.233156684565432426e-02,7.355216463466376919e-02,7.477983037997824878e-02,7.601254888249790731e-02,7.724829872566323086e-02,7.848509648151873186e-02,7.972094695636075534e-02,8.095388991851656946e-02,8.218197323836949619e-02,8.340327766630341311e-02,8.461590353276590704e-02,8.581798662062212202e-02,8.700769656696834276e-02,8.818323303651305622e-02,8.934282885870370450e-02,9.048478587008829122e-02,9.160741213826879836e-02,9.270909078299036099e-02,9.378824445271952137e-02,9.484334641337122118e-02,9.587292446114094313e-02,9.687557024052559362e-02,9.784992347501689225e-02
5.649061442398904676e-02,5.549743917005146160e-02,5.453607609862018424e-02,5.360669544297788636e-02,5.270944562294479357e-02,5.184444637070087514e-02,5.101180698491886850e-02,5.021160423376672122e-02,4.944389908482196144e-02,4.870873861394782456e-02,4.800613968151314082e-02,4.733611219645855045e-02,4.669863987505012276e-02,4.609369347888381957e-02,4.552122431086916277e-02,4.498117347919629999e-02,4.447345427149160951e-02,4.399797754737127392e-02,4.355462946281418030e-02,4.314329082603588633e-02,4.276381884439302977e-02,4.241606030890721774e-02,4.209985193048459279e-02,4.181501326941756969e-02,4.156134863715653383e-02,4.133865293171181537e-02,4.114670661775095273e-02,4.098528032061915516e-02,4.085412457143590415e-02,4.075298816405448221e-02,4.068159630474767197e-02,4.063967113903511202e-02,4.062691384317312221e-02,4.064302264161089029e-02,4.068767297383300147e-02,4.076053614787023688e-02,4.086126543502835440e-02,4.098950711414310610e-02,4.114488732683626443e-02,4.132702882450602772e-02,4.153552888804867144e-02,4.176998764421711169e-02,4.202997904809216423e-02,4.231507144482402061e-02,4.262481607043630549e-02,4.295875454945062566e-02,4.331641294680444593e-02,4.369730495078971017e-02,4.410092854996795070e-02,4.452677118068672918e-02,4.497430683229002024e-02,4.544299889649747876e-02,4.593228797638081867e-02,4.644161442263579354e-02,4.697039314133433924e-02,4.751803781776080954e-02,4.808393907316924065e-02,4.866748009500224126e-02,4.926803162407223519e-02,4.988495089184178527e-02,5.051758830295106223e-02,5.116527191036676636e-02,5.182732944053836804e-02,5.250307060395243558e-02,5.319179740696901304e-02,5.389280590778398189e-02,5.460537678229199221e-02,5.532878659558090884e-02,5.606229631185997292e-02,5.680516848187606993e-02,5.755665309113439099e-02,5.831599696096961133e-02,5.908243928952469637e-02,5.985521468129628708e-02,6.063355605554418548e-02,6.141669095246179294e-02,6.220384527822900300e-02,6.299424940836793885e-02,6.378712188186215493e-02,6.458169606413041719e-02,6.537719186297219487e-02,6.617285078110241026e-02,6.696789814028937526e-02,6.776158062224527101e-02,6.855314262903085265e-02,6.934184416144351104e-02,7.012693951603568565e-02,7.090770522268684262e-02,7.168342741667400875e-02,7.245340005509633141e-02,7.321692986646231860e-02,7.397334477060774072e-02,7.472198297419989366e-02,7.546220065261401155e-02,7.619337079188064077e-02,7.691489033901688366e-02,7.762617225229974383e-02,7.832665227513858908e-02,7.901579049093415685e-02,7.969306629852400403e-02,8.035799190269649062e-02,8.101009441692877400e-02,8.164893336658828049e-02,8.227410137085287845e-02,8.288521252061313571e-02,8.348191099940453774e-02,8.406387259519292054e-02,8.463080552804150281e-02,8.518244937242937243e-02,8.571857266890400839e-02,8.623898214877023793e-02,8.674351350656138437e-02,8.723203934842356511e-02,8.770446520899463638e-02,8.816072750853845563e-02,8.860081149275920998e-02,8.902471612836793113e-02,8.943249252310188357e-02,8.982422146182163225e-02,9.020001878024956621e-02,9.056002855963363185e-02,9.090444605655811916e-02,9.123348322227776974e-02,9.154739507778025809e-02,9.184646856633063572e-02,9.213102450616685035e-02,9.240141495469388067e-02,9.265802059905564603e-02,9.290125730822638983e-02,9.313157149122101852e-02,9.334942949723001870e-02,9.355533792852986641e-02,9.374981918538714820e-02,9.393342821454879477e-02,9.410674413563026308e-02,9.427036158087460926e-02,9.442490346492884989e-02,9.457101301639295188e-02,9.470934762216767777e-02,9.484058390472117905e-02,9.496540686169856194e-02,9.508453043607331678e-02,9.519866499464660348e-02,9.530853808216303846e-02,9.541488051627372569e-02,9.551843281759954396e-02,9.561993850040927112e-02,9.572014722642212259e-02,9.581979715303265421e-02,9.591963563250026359e-02,9.602040117547012976e-02,9.612283104850374849e-02,9.622764364353150746e-02,9.633556042249263873e-02,9.644728284422889042e-02,9.656349472258775324e-02,9.668487440946937905e-02,9.681207493480875614e-02,9.694572752949311145e-02,9.708644410130248814e-02,9.723481526085181459e-02,9.739139713253024133e-02,9.755672997159975379e-02,9.773130945870020514e-02,9.791561462895125023e-02,9.811008043499240550e-02,9.831511256566509427e-02,9.853107821479829831e-02,9.875830437559791897e-02,9.899709196588252214e-02,9.924768272312987916e-02,9.951028753182847297e-02,9.978507492632136822e-02,1.000721645490603440e-01,1.003716346700738865e-01,1.006835214378830889e-01,1.010078035872885444e-01,1.013444200212051671e-01,1.016932655553332426e-01,1.020541829719920218e-01,1.024269631802833258e-01,1.028113598029018472e-01,1.032070630223367730e-01,1.036137287471962237e-01,1.040309544687971349e-01,1.044582944241563977e-01,1.048952562112318160e-01,1.053413002340531091e-01,1.057958338656583980e-01,1.062582333964012388e-01,1.067278152739872671e-01,1.072038615997867039e-01,1.076856119119975475e-01,1.081722599180228173e-01,1.086629625410413108e-01,1.091568412755443279e-01,1.096529760168139800e-01,1.101504173020124294e-01,1.106481742863918288e-01,1.111452368850246591e-01,1.116405607680853868e-01,1.121330670399159207e-01,1.126216684293926962e-01,1.131052435946264256e-01,1.135826459996331639e-01,1.140527319726445526e-01,1.145143250153587283e-01,1.149662399582548622e-01,1.154072956597585742e-01,1.158362817430921843e-01,1.162519988659305031e-01,1.166532440299241774e-01,1.170388199078168379e-01,1.174075176902677903e-01,1.177581596241926570e-01,1.180895533135310482e-01,1.184005426424600965e-01,1.186899765215711916e-01,1.189567202841357169e-01,1.191996669794165853e-01,1.194177381951244538e-01,1.196098743630167327e-01,1.197750543408245549e-01,1.199122903657242195e-01,1.200206207955030607e-01,1.200991381938412011e-01,1.201469709617378062e-01,1.201632932670505111e-01,1.201473253108290978e-01,1.200983343980391999e-01,1.200156445172790298e-01,1.198986348134455648e-01,1.197467382633326111e-01,1.195594460100273398e-01,1.193363153191543125e-01,1.190769618663328755e-01,1.187810625194058306e-01,1.184483731247383681e-01,1.180787014740880964e-01,1.176719400041819491e-01,1.172280403860259529e-01,1.167470240962433653e-01,1.162289935347701197e-01,1.156741320273339257e-01,1.150826804744806281e-01,1.144549578103044862e-01,1.137913651284302580e-01,1.130923694077878017e-01,1.123585307315058540e-01,1.115904627187753601e-01,1.107888665967364794e-01,1.099545200402901879e-01,1.090882697757736969e-01,1.081910381173375596e-01,1.072638139467500945e-01,1.063076700351892195e-01,1.053237362022030471e-01,1.043132218619112761e-01,1.032774052618564836e-01,1.022176128724492788e-01,1.011352557729227747e-01,1.000317977323498114e-01,9.890876287372681042e-02,9.776772907558115011e-02,9.661034119607923853e-02,9.543828603929199739e-02,9.425330828283208506e-02,9.305719002346947433e-02,9.185176662768791689e-02,9.063891232278724341e-02,8.942054091766243884e-02,8.819859511779376549e-02,8.697506184106749971e-02,8.575193934850440514e-02,8.453126632319406253e-02,8.331509772014325521e-02,8.210550357327665860e-02,8.090456896204489823e-02,7.971438738936333090e-02,7.853706670574005233e-02,7.737471513778874932e-02,7.622942309159463914e-02,7.510330355037909966e-02,7.399844200544934691e-02,7.291691557224334874e-02,7.186078927926980997e-02,7.083209530246147023e-02,6.983285506266878606e-02,6.886505516567292817e-02,6.793064938807223674e-02,6.703155662629076139e-02,6.616965897287495346e-02,6.534679234729899588e-02,6.456474245167176385e-02,6.382525204413798392e-02,6.313000479543594279e-02,6.248062887973358098e-02,6.187869180120555979e-02,6.132569572508872469e-02,6.082307590662505703e-02,6.037220270748834550e-02,5.997436807862154690e-02,5.963078986050630859e-02,5.934261403763693016e-02,5.911089344743080537e-02,5.893661242048830323e-02,5.882066615613719407e-02,5.876385313599073040e-02,5.876689942738365369e-02,5.883042919168667700e-02,5.895497664019717921e-02,5.914098952052558589e-02,5.938881504931266958e-02,5.969870125775196545e-02,6.007081281570963993e-02,6.050520556370789921e-02,6.100184418197029251e-02,6.156059190529407366e-02,6.218121934668143641e-02,6.286339480636854438e-02,6.360668981964896773e-02,6.441058543493489996e-02,6.527445313691089546e-02,6.619758425006729008e-02,6.717916376351214247e-02,6.821828820082494194e-02,6.931396043567143728e-02,7.046509097726869064e-02,7.167050602053154362e-02,7.292894014820708315e-02,7.423904665702064920e-02,7.559938802521536105e-02,7.700845022398786210e-02,7.846464419493635878e-02,7.996630427637764493e-02,8.151168029028585393e-02,8.309896574068260933e-02,8.472627722583729593e-02,8.639166701886467903e-02,8.809313366383808575e-02,8.982861109046329229e-02,9.159597922569449879e-02,9.339306964356484941e-02,9.521765676076456020e-02,9.706748001127522840e-02,9.894024166893539141e-02,1.008335903664038802e-01,1.027451611166367296e-01,1.046725529524595022e-01,1.066133326960564676e-01,1.085650506205585453e-01,1.105252461814635045e-01,1.124914375284962048e-01,1.144611276428288416e-01,1.164318338953555521e-01,1.184010521910986574e-01,1.203662910412396231e-01,1.223250679629050292e-01,1.242749001210372156e-01,1.262133339489420192e-01,1.281379200538317886e-01,1.300462381252749378e-01,1.319358849951140777e-01,1.338045024459688093e-01,1.356497561867136825e-01,1.374693471592711436e-01,1.392610135135002036e-01,1.410225517696981345e-01,1.427517805138923401e-01,1.444465867554423633e-01,1.461049069114856991e-01,1.477247322958825659e-01,1.493041055584882204e-01,1.508411419469833092e-01,1.523340085288035217e-01,1.537809470419901070e-01,1.551802656152254656e-01,1.565303385013250281e-01,1.578296186589758510e-01,1.590766328511752092e-01,1.602699739550214886e-01,1.614083306709082344e-01,1.624904539810128057e-01,1.635151851159911962e-01,1.644814364988596012e-01,1.653882184762481833e-01,1.662346093640066080e-01,1.670197850258326178e-01,1.677430002254202135e-01,1.684035810869901340e-01,1.690009654126388705e-01,1.695346550013197562e-01,1.700042494729022136e-01,1.704094209595822806e-01,1.707499387846508065e-01,1.710256449944927704e-01,1.712364776111289788e-01,1.713824419300734314e-01,1.714636397968439530e-01,1.714802477711412365e-01,1.714325157829726110e-01,1.713207809116483182e-01,1.711454544240801623e-01,1.709070141568179713e-01,1.706060307472358761e-01,1.702431227354416488e-01,1.698190005645504597e-01,1.693344303128942185e-01,1.687902399077891025e-01,1.681873395936116788e-01,1.675266816975758410e-01,1.668092888882914959e-01,1.660362375748299368e-01,1.652086613751541921e-01,1.643277436463348173e-01,1.633947109245351414e-01,1.624108610672630737e-01,1.613775026273755464e-01,1.602960206023994472e-01,1.591678055680398607e-01,1.579943105972997641e-01,1.567770180839229976e-01,1.555174279564361939e-01,1.542170872047365082e-01,1.528775603750347489e-01,1.515004300111210955e-01,1.500873108676706313e-01
1.451617851328269038e-01,1.435716015537208401e-01,1.419322623291769392e-01,1.402465897578968057e-01,1.385174515786465888e-01,1.367477652128981924e-01,1.349405148219743056e-01,1.330986955907591252e-01,1.312253685870823361e-01,1.293236045807056311e-01,1.273965058918683779e-01,1.254472083278008743e-01,1.234788476000337754e-01,1.214945791255242769e-01,1.194975685719552178e-01,1.174909726438904678e-01,1.154779552739123721e-01,1.134616598468739523e-01,1.114452340909409533e-01,1.094317846357742985e-01,1.074244187406986906e-01,1.054262003638680167e-01,1.034401631037762531e-01,1.014693104905514676e-01,9.951660291089733934e-02,9.758495017254967263e-02,9.567721935793213617e-02,9.379621344464247890e-02,9.194468666009665558e-02,9.012532828710831390e-02,8.834076542593255477e-02,8.659354415057290977e-02,8.488615188419920687e-02,8.322098939592048605e-02,8.160038030597313585e-02,8.002656558782343665e-02,7.850170159986649687e-02,7.702785760809149895e-02,7.560700081448686050e-02,7.424101748644015841e-02,7.293168925145004922e-02,7.168070157274501752e-02,7.048964124986394075e-02,6.935998741326357409e-02,6.829311761220496768e-02,6.729030903104582517e-02,6.635272144237516767e-02,6.548141333428283972e-02,6.467733214721636814e-02,6.394131125812207994e-02,6.327408318028290846e-02,6.267625636820110813e-02,6.214833699814759777e-02,6.169071481983388200e-02,6.130367276219948064e-02,6.098737298782132277e-02,6.074187888516693196e-02,6.056712908343419438e-02,6.046296966700250713e-02,6.042911577314907107e-02,6.046519642999313021e-02,6.057071854946512179e-02,6.074508885620767684e-02,6.098761478543881370e-02,6.129749306645715379e-02,6.167382310158963515e-02,6.211560766019884328e-02,6.262175000573161343e-02,6.319106328509520309e-02,6.382226237957971948e-02,6.451398183332270053e-02,6.526475788031783909e-02,6.607304821358318814e-02,6.693723042811175472e-02,6.785560264046240631e-02,6.882639001695764480e-02,6.984773836282683057e-02,7.091772192809463193e-02,7.203436728050210958e-02,7.319561759830070513e-02,7.439936734636169724e-02,7.564345816896050900e-02,7.692566777666284827e-02,7.824373518967782382e-02,7.959535564391143070e-02,8.097817878748658771e-02,8.238981198106720694e-02,8.382783950908991033e-02,8.528981328848207755e-02,8.677325676350079731e-02,8.827567173220306207e-02,8.979454179333151709e-02,9.132733867998527044e-02,9.287152460856284986e-02,9.442454970115464474e-02,9.598386560906024823e-02,9.754693010596561520e-02,9.911119649154692679e-02,1.006741339195787732e-01,1.022332184889578055e-01,1.037859580651989827e-01,1.053298554243554536e-01,1.068624638887934741e-01,1.083813438364086834e-01,1.098841001139674728e-01,1.113683647606497074e-01,1.128318154146785296e-01,1.142721583010260084e-01,1.156871648912157352e-01,1.170746317893901489e-01,1.184324174705551486e-01,1.197584437029986237e-01,1.210506735189335603e-01,1.223071431200862952e-01,1.235259400506347610e-01,1.247052240122460687e-01,1.258432264375172194e-01,1.269382409004856938e-01,1.279886380630799736e-01,1.289928707968999166e-01,1.299494533660934814e-01,1.308569932564776217e-01,1.317141779227014586e-01,1.325197715393392761e-01,1.332726270859885820e-01,1.339716757527625035e-01,1.346159623731889299e-01,1.352045944335132366e-01,1.357367762989513671e-01,1.362118108372838698e-01,1.366290796293398169e-01,1.369880760048528545e-01,1.372883729453140689e-01,1.375296464945542640e-01,1.377116594405445871e-01,1.378342732346335975e-01,1.378974421643642811e-01,1.379012216035071237e-01,1.378457605253411988e-01,1.377313007148062429e-01,1.375581722735383650e-01,1.373268128595807602e-01,1.370377349304152115e-01,1.366915681108195613e-01,1.362890064768408627e-01,1.358308544191135225e-01,1.353179954341796887e-01,1.347514091407795433e-01,1.341321545435085472e-01,1.334613774571293821e-01,1.327403075861578463e-01,1.319702557937438014e-01,1.311526209368647500e-01,1.302888633980680000e-01,1.293805357515688814e-01,1.284292527612130586e-01,1.274367119802859716e-01,1.264046640800637611e-01,1.253349357187754365e-01,1.242294235675569375e-01,1.230900738554660395e-01,1.219188995643418205e-01,1.207179557064087805e-01,1.194893751116518354e-01,1.182353129217967314e-01,1.169579920050016486e-01,1.156596622324433249e-01,1.143426240171074720e-01,1.130092107270714435e-01,1.116617962990482105e-01,1.103027742371220088e-01,1.089345679380872012e-01,1.075596250213617516e-01,1.061804209840972457e-01,1.047994365924124899e-01,1.034191627810220337e-01,1.020421115212121616e-01,1.006707947844387996e-01,9.930772381618982458e-02,9.795540230669300130e-02,9.661634934401572283e-02,9.529305085974684730e-02,9.398798583600295742e-02,9.270362653824371080e-02,9.144241829935871591e-02,9.020677788012761156e-02,8.899910013781124618e-02,8.782174648327240041e-02,8.667704145963055218e-02,8.556727287881736588e-02,8.449469230355216576e-02,8.346148953225891731e-02,8.246982171086213176e-02,8.152178415304903170e-02,8.061942162882232421e-02,7.976471899811697630e-02,7.895959249523522294e-02,7.820589641464521791e-02,7.750542315777331215e-02,7.685988858950938696e-02,7.627092775936150648e-02,7.574010623256495489e-02,7.526891367077254147e-02,7.485874997090852245e-02,7.451092709586693008e-02,7.422667809438783515e-02,7.400714229641146280e-02,7.385337136127921587e-02,7.376631419920216814e-02,7.374683188949827939e-02,7.379568965731934937e-02,7.391354318186028893e-02,7.410095232350105698e-02,7.435838140213989200e-02,7.468618451344630205e-02,7.508460977228695321e-02,7.555380325994905111e-02,7.609380070415640296e-02,7.670453748959467355e-02,7.738583618916161644e-02,7.813740949707470573e-02,7.895886896717982384e-02,7.984971099302981545e-02,8.080932502146483121e-02,8.183698859511294443e-02,8.293188685371255531e-02,8.409307840676751022e-02,8.531952503393266940e-02,8.661008310133182231e-02,8.796349837742241384e-02,8.937842247523296313e-02,9.085339388491600610e-02,9.238686439820023577e-02,9.397716520360792358e-02,9.562254930961508470e-02,9.732117200849582650e-02,9.907108447374167459e-02,1.008702617896149595e-01,1.027165725367748667e-01,1.046078203861117856e-01,1.065417014868111634e-01,1.085158526796919237e-01,1.105278168280160456e-01,1.125750792167526243e-01,1.146550421434667649e-01,1.167650397864480882e-01,1.189023434964402853e-01,1.210641669252081748e-01,1.232476646398743408e-01,1.254499325696829259e-01,1.276680318424015248e-01,1.298989601360522883e-01,1.321396835627576538e-01,1.343871323695055575e-01,1.366381956774468942e-01,1.388897479328063400e-01,1.411386230528744179e-01,1.433816510276176293e-01,1.456156318129769867e-01,1.478373731953649406e-01,1.500436524368541913e-01,1.522312723172160043e-01,1.543970213105364253e-01,1.565377056252559573e-01,1.586501314652495609e-01,1.607311436047339781e-01,1.627775931528823716e-01,1.647863742939360554e-01,1.667543857200134427e-01,1.686785878577075071e-01,1.705559834770700445e-01,1.723836101118322583e-01,1.741585571236930474e-01,1.758779750149111754e-01,1.775390708333265677e-01,1.791391220647790550e-01,1.806754681351456504e-01,1.821455237798971782e-01,1.835467882978832066e-01,1.848768337223346825e-01,1.861333244421663480e-01,1.873140023247992780e-01,1.884167245192570062e-01,1.894394320439519719e-01,1.903801630088318986e-01,1.912370731519951739e-01,1.920084071012081173e-01,1.926925399102347447e-01,1.932879540305837973e-01,1.937932486619922678e-01,1.942071323695216400e-01,1.945284562016605101e-01,1.947561674531710918e-01,1.948893805811358904e-01,1.949272919554143613e-01,1.948692698737359286e-01,1.947147832605468087e-01,1.944634585642760483e-01,1.941150346405909610e-01,1.936694096017032574e-01,1.931265947820556828e-01,1.924867628856120616e-01,1.917502034540436162e-01,1.909173567951661099e-01,1.899887853267585303e-01,1.889652204008735736e-01,1.878475019251046596e-01,1.866366083987650026e-01,1.853336717380812404e-01,1.839399439166899408e-01,1.824568135108364242e-01,1.808858041535438277e-01,1.792285685289192465e-01,1.774868833121963640e-01,1.756626619014792778e-01,1.737579286827988789e-01,1.717748351634123261e-01,1.697156589167001517e-01,1.675827790554190178e-01,1.653787042595308288e-01,1.631060392402242931e-01,1.607674927623975458e-01,1.583658851252654765e-01,1.559041422241729535e-01,1.533852537322712151e-01,1.508123402891209386e-01,1.481885777129605675e-01,1.455172360998868986e-01,1.428016612577745759e-01,1.400452707888190651e-01,1.372515444660472872e-01,1.344240351175740034e-01,1.315663458744668057e-01,1.286821313768130581e-01,1.257750917156408021e-01,1.228489728650576096e-01,1.199075629321124103e-01,1.169546660246905262e-01,1.139941125107157976e-01,1.110297647483822620e-01,1.080654897491135497e-01,1.051051592158232101e-01,1.021526514623967291e-01,9.921184087945729424e-02,9.628659145996960878e-02,9.338074999484524685e-02,9.049814007623649403e-02,8.764256746907296558e-02,8.481779309868310579e-02,8.202754747178510331e-02,7.927551201766322442e-02,7.656532590016938700e-02,7.390055445338279683e-02,7.128472878473054997e-02,6.872129543976315813e-02,6.621363275457989306e-02,6.376504473736893663e-02,6.137874875662285151e-02,5.905788504419354212e-02,5.680549233360276951e-02,5.462451969142389369e-02,5.251781201914246244e-02,5.048810805054381595e-02,4.853803853958547215e-02,4.667012833300006325e-02,4.488677059281822451e-02,4.319024541750539348e-02,4.158270868742516835e-02,4.006618820629955641e-02,3.864257712289854985e-02,3.731363914939774679e-02,3.608099836820185397e-02,3.494614104103624386e-02,3.391041049121241296e-02,3.297500960761081540e-02,3.214098761422459760e-02,3.140926106264164269e-02,3.078058445646913652e-02,3.025557001055181883e-02,2.983467702533382573e-02,2.951821452409763777e-02,2.930633590644442232e-02,2.919905163094546272e-02,2.919620988664144157e-02,2.929751938146861120e-02,2.950252600119881302e-02,2.981063085247316960e-02,3.022108757887284614e-02,3.073299914521788676e-02,3.134532084792417822e-02,3.205686784952817281e-02,3.286631218002476068e-02,3.377217798167631707e-02,3.477285567044326176e-02,3.586660283539161442e-02,3.705154358400290782e-02,3.832566102350178777e-02,3.968683560938144478e-02,4.113279846974447068e-02,4.266117496140139909e-02,4.426947210167070379e-02,4.595508645498570799e-02,4.771530323380060445e-02,4.954731130090166830e-02,5.144819161126307216e-02,5.341493433358168730e-02,5.544444768691501879e-02,5.753354274605378127e-02,5.967895643534312788e-02,6.187735894432403599e-02,6.412533740168836760e-02,6.641942846872696260e-02,6.875609888127458269e-02,7.113177357671712775e-02,7.354282016063964922e-02,7.598557677480433092e-02,7.845633330753168377e-02,8.095135823898563787e-02,8.346689089762440728e-02,8.599916057423205584e-02,8.854437581399089707e-02,9.109874064601587718e-02,9.365845899726664425e-02,9.621974618059361828e-02,9.877881792969947505e-02,1.013319187994829590e-01,1.038753033556354954e-01
8.758941298444822277e-02,8.726401354610154038e-02,8.697902805342211385e-02,8.673440674383041393e-02,8.653003802116096543e-02,8.636576067480465635e-02,8.624135063120393074e-02,8.615653446456143782e-02,8.611098938556542570e-02,8.610433262362722495e-02,8.613613353123225624e-02,8.620591118179436740e-02,8.631313439158139200e-02,8.645722566599473025e-02,8.663756035831926550e-02,8.685346830584371458e-02,8.710423431321175081e-02,8.738910590594275996e-02,8.770727815726539478e-02,8.805792404646314853e-02,8.844015965076720831e-02,8.885308244825625146e-02,8.929574450029351129e-02,8.976716989158459170e-02,9.026634647168281511e-02,9.079224560520492149e-02,9.134379552082105835e-02,9.191990947016862035e-02,9.251947466050250424e-02,9.314135704087420087e-02,9.378440220476132183e-02,9.444744326922485667e-02,9.512928125882343100e-02,9.582872573656482651e-02,9.654455788628878155e-02,9.727555776470327153e-02,9.802049104283133696e-02,9.877812264744548210e-02,9.954721174596485589e-02,1.003265112787531943e-01,1.011147817020021794e-01,1.019107765646047464e-01,1.027132561197490607e-01,1.035209897851651906e-01,1.043327461309354054e-01,1.051473112879352800e-01,1.059634685086653649e-01,1.067800287730773651e-01,1.075958072855397463e-01,1.084096366067254791e-01,1.092203630957583604e-01,1.100268588390218155e-01,1.108280064602172321e-01,1.116227224019992609e-01,1.124099289020525361e-01,1.131885918562086785e-01,1.139576835678962063e-01,1.147162188784521114e-01,1.154632273277088200e-01,1.161977790014537965e-01,1.169189623633555414e-01,1.176259112298814469e-01,1.183177705992690537e-01,1.189937422325920147e-01,1.196530437806785224e-01,1.202949364398900323e-01,1.209187113361906429e-01,1.215237046291609280e-01,1.221092735437852989e-01,1.226748256766499734e-01,1.232198019215752921e-01,1.237436840170956509e-01,1.242459822088728266e-01,1.247262607655618555e-01,1.251841055993037632e-01,1.256191569404977448e-01,1.260310903736387989e-01,1.264196144220273432e-01,1.267844816606259195e-01,1.271254915370788052e-01,1.274424633373326676e-01,1.277352780479195371e-01,1.280038380506162699e-01,1.282480974935329698e-01,1.284680443344662359e-01,1.286637000166570288e-01,1.288351306427970855e-01,1.289824377113476805e-01,1.291057610809950851e-01,1.292052709472981953e-01,1.292811799366370140e-01,1.293337392364529159e-01,1.293632266458850100e-01,1.293699531581954665e-01,1.293542751481726039e-01,1.293165702462002742e-01,1.292572533390774214e-01,1.291767695676063477e-01,1.290755896400052338e-01,1.289542223922428843e-01,1.288132029652928889e-01,1.286530858433460323e-01,1.284744654850457080e-01,1.282779453206556730e-01,1.280641752914584430e-01,1.278338070239024016e-01,1.275875330697418819e-01,1.273260496797228858e-01,1.270500930021533359e-01,1.267604055760638559e-01,1.264577528713868027e-01,1.261429115525493638e-01,1.258166869240066044e-01,1.254798850172878233e-01,1.251333350986002513e-01,1.247778834993377856e-01,1.244143706953754619e-01,1.240436617512563761e-01,1.236666286566642792e-01,1.232841479596178264e-01,1.228971066529621903e-01,1.225063958884332754e-01,1.221129108300082894e-01,1.217175484017148368e-01,1.213212137397282758e-01,1.209248033092263919e-01,1.205292205902436797e-01,1.201353695135047445e-01,1.197441414997515718e-01,1.193564326883559124e-01,1.189731307736324323e-01,1.185951212762855478e-01,1.182232782056369669e-01,1.178584679474179303e-01,1.175015484039571567e-01,1.171533684261785169e-01,1.168147622576468092e-01,1.164865494816001990e-01,1.161695477493820405e-01,1.158645430895630379e-01,1.155723154595089813e-01,1.152936291593665563e-01,1.150292294175876279e-01,1.147798341153352664e-01,1.145461553626231088e-01,1.143288751095975775e-01,1.141286550336595707e-01,1.139461380023270159e-01,1.137819363971990794e-01,1.136366478482810638e-01,1.135108358823884722e-01,1.134050453741852343e-01,1.133197884867768873e-01,1.132555550010138773e-01,1.132128051989681333e-01,1.131919672962770629e-01,1.131934462923862433e-01,1.132176100913694083e-01,1.132648012170936747e-01,1.133353270948411345e-01,1.134294672609964527e-01,1.135474661860333967e-01,1.136895397380678630e-01,1.138558654202017628e-01,1.140465874257308304e-01,1.142618188443476346e-01,1.145016368782389854e-01,1.147660892331594934e-01,1.150551797962293121e-01,1.153688832868899200e-01,1.157071389485748031e-01,1.160698538442258565e-01,1.164568910248411221e-01,1.168680826032351544e-01,1.173032297683518632e-01,1.177620930327628879e-01,1.182444028351081200e-01,1.187498454493332578e-01,1.192780805054473592e-01,1.198287290780998410e-01,1.204013794754754257e-01,1.209955865498252986e-01,1.216108683814818986e-01,1.222467158048385211e-01,1.229025769987484445e-01,1.235778770544417454e-01,1.242720058348736473e-01,1.249843210758764950e-01,1.257141481377652137e-01,1.264607888806098535e-01,1.272235105021255197e-01,1.280015522265363914e-01,1.287941276947982827e-01,1.296004232765494701e-01,1.304196007706476257e-01,1.312507929560307041e-01,1.320931115939701084e-01,1.329456483413952450e-01,1.338074665170436162e-01,1.346776125739622965e-01,1.355551175189570468e-01,1.364389874361248978e-01,1.373282157010513316e-01,1.382217762134738959e-01,1.391186317748026036e-01,1.400177320222328603e-01,1.409180106261571364e-01,1.418184007171760797e-01,1.427178128122337519e-01,1.436151650500213373e-01,1.445093563988077145e-01,1.453992898803659894e-01,1.462838605018483285e-01,1.471619680184331758e-01,1.480325095592557594e-01,1.488943856509651609e-01,1.497464890945183202e-01,1.505877369560407464e-01,1.514170420184668686e-01,1.522333270075590661e-01,1.530355223182858215e-01,1.538225738501085571e-01,1.545934455063513457e-01,1.553471037039967917e-01,1.560825425112122855e-01,1.567987653794524483e-01,1.574948089653144256e-01,1.581697177732396264e-01,1.588225643510804974e-01,1.594524509455745309e-01,1.600584957156695465e-01,1.606398586997828948e-01,1.611957157612115277e-01,1.617252815505071939e-01,1.622277990992737617e-01,1.627025483024275576e-01,1.631488400062961197e-01,1.635660236356500652e-01,1.639534939692784132e-01,1.643106654021600221e-01,1.646370137655572552e-01,1.649320395860489896e-01,1.651952963064840796e-01,1.654263743872848025e-01,1.656249119900558009e-01,1.657905955610141646e-01,1.659231468775928531e-01,1.660223379803185406e-01,1.660880009673187385e-01,1.661200009604699157e-01,1.661182612678179515e-01,1.660827423908898259e-01,1.660134696833198142e-01,1.659105026748453338e-01,1.657739720023661822e-01,1.656040364529103304e-01,1.654009198655233825e-01,1.651648876011160005e-01,1.648962622926066490e-01,1.645954103770611299e-01,1.642627631950840661e-01,1.638987752603056069e-01,1.635039809206583206e-01,1.630789397215007264e-01,1.626242719282666727e-01,1.621406397909783415e-01,1.616287542625927942e-01,1.610893761326796236e-01,1.605233088443599465e-01,1.599313965484726319e-01,1.593145340691396461e-01,1.586736445248923544e-01,1.580097159898044556e-01,1.573237490691756502e-01,1.566168039800700795e-01,1.558899595505708890e-01,1.551443462444920540e-01,1.543811157564899395e-01,1.536014640072561055e-01,1.528066013873513873e-01,1.519977855082153551e-01,1.511762780210289536e-01,1.503433856128016943e-01,1.495004273429078878e-01,1.486487499043569471e-01,1.477897065646568697e-01,1.469246777437937801e-01,1.460550552855901241e-01,1.451822455769889719e-01,1.443076534982980219e-01,1.434327106280567365e-01,1.425588375666632102e-01,1.416874638370295980e-01,1.408200191324475159e-01,1.399579343059158265e-01,1.391026301886081340e-01,1.382555323747046705e-01,1.374180373514719000e-01,1.365915516717776113e-01,1.357774539582314033e-01,1.349771209063870270e-01,1.341918923028718735e-01,1.334231070338077196e-01,1.326720616942085595e-01,1.319400405440159796e-01,1.312283017072388147e-01,1.305380604358003793e-01,1.298705137138841115e-01,1.292268146387843264e-01,1.286080877094995800e-01,1.280154111202232992e-01,1.274498333150050344e-01,1.269123475313041760e-01,1.264039127619560332e-01,1.259254437365154577e-01,1.254777922579204119e-01,1.250617779233628435e-01,1.246781590864735334e-01,1.243276465916615670e-01,1.240108956159253900e-01,1.237285065136061180e-01,1.234810198846633261e-01,1.232689241681217823e-01,1.230926479808704815e-01,1.229525555582710455e-01,1.228489535509327685e-01,1.227820897257213967e-01,1.227521418363647088e-01,1.227592356521413630e-01,1.228034252441342206e-01,1.228847072046785616e-01,1.230030080813894200e-01,1.231581975373821913e-01,1.233500785111950326e-01,1.235783869803758761e-01,1.238427957647314365e-01,1.241429235362712241e-01,1.244783125303624005e-01,1.248484547046932736e-01,1.252527727453040252e-01,1.256906302936411091e-01,1.261613298761561086e-01,1.266641183645399182e-01,1.271981830025072091e-01,1.277626509065059035e-01,1.283565953649573599e-01,1.289790413067156971e-01,1.296289520803396433e-01,1.303052454438794194e-01,1.310067858854365719e-01,1.317323933148995263e-01,1.324808424673998564e-01,1.332508577431527619e-01,1.340411286780180955e-01,1.348503022624039094e-01,1.356769870022893620e-01,1.365197576639529675e-01,1.373771541921060269e-01,1.382476855229303747e-01,1.391298364800691023e-01,1.400220542499576171e-01,1.409227798329110437e-01,1.418304202175287299e-01,1.427433716115287243e-01,1.436600079562786181e-01,1.445786958538407552e-01,1.454977913640831400e-01,1.464156361260980366e-01,1.473305815917321238e-01,1.482409627616289027e-01,1.491451196786263977e-01,1.500414045196618862e-01,1.509281630192767232e-01,1.518037608508584213e-01,1.526665675683689105e-01,1.535149764546240581e-01,1.543473834637713316e-01,1.551622269288285838e-01,1.559579440061479583e-01,1.567330167526703455e-01,1.574859460351011320e-01,1.582152581623504084e-01,1.589195270377273539e-01,1.595973459280043139e-01,1.602473604949596342e-01,1.608682501353052297e-01,1.614587312849865564e-01,1.620175711487354120e-01,1.625435896549780046e-01,1.630356417201439811e-01,1.634926394126657578e-01,1.639135523727283938e-01,1.642973927883069618e-01,1.646432433379000915e-01,1.649502312042921692e-01,1.652175501018818826e-01,1.654444495821661698e-01,1.656302447755748364e-01,1.657743104788539645e-01,1.658760843522811557e-01,1.659350724721048165e-01,1.659508476162171731e-01,1.659230395202809238e-01,1.658513568194682486e-01,1.657355681462830410e-01,1.655755072646046266e-01,1.653710829514594138e-01,1.651222767502680822e-01,1.648291144269846131e-01,1.644917179835349297e-01,1.641102653420594415e-01,1.636849923254810601e-01,1.632162239335391840e-01,1.627043285230468095e-01,1.621497558093385194e-01,1.615530129253482383e-01,1.609146800634299324e-01,1.602353888526134584e-01,1.595158384561134457e-01,1.587567920423680334e-01,1.579590689901426703e-01,1.571235429183026888e-01,1.562511572604287080e-01,1.553428888343574010e-01,1.543997966355253881e-01,1.534229678478992998e-01,1.524135409871772429e-01
1.738547672270686628e-01,1.738315229063080447e-01,1.738300632320611827e-01,1.738494060042462541e-01,1.738885482896631307e-01,1.739464399026634522e-01,1.740219995595845559e-01,1.741141346702242132e-01,1.742217236248430612e-01,1.743436241657279617e-01,1.744786801351340400e-01,1.746257273856293979e-01,1.747836010285802599e-01,1.749511206256686713e-01,1.751271143063385105e-01,1.753104181420949703e-01,1.754998730545135610e-01,1.756943341306610729e-01,1.758926740656059085e-01,1.760937721274969947e-01,1.762965538697134349e-01,1.764999462292713983e-01,1.767029351517854230e-01,1.769045101515406004e-01,1.771037084254680760e-01,1.772996139378614222e-01,1.774913398327511993e-01,1.776780482087626512e-01,1.778589523134202488e-01,1.780332954369805987e-01,1.782003998535173772e-01,1.783596194921269196e-01,1.785103781807745871e-01,1.786521328884396742e-01,1.787844230287969072e-01,1.789068328448757128e-01,1.790190104479872091e-01,1.791206643218195560e-01,1.792115686082474402e-01,1.792915473575099894e-01,1.793604952331197822e-01,1.794183810259347145e-01,1.794652055721192851e-01,1.795010615254946651e-01,1.795260866279817791e-01,1.795404826020482458e-01,1.795445167551097398e-01,1.795385005335299322e-01,1.795228243968631510e-01,1.794979171656508055e-01,1.794642670713733901e-01,1.794224224644392074e-01,1.793729758350762760e-01,1.793165681200948602e-01,1.792538929551142357e-01,1.791856839370234433e-01,1.791127209186772484e-01,1.790358110666998570e-01,1.789558169663504894e-01,1.788736229905375785e-01,1.787901432485787812e-01,1.787063312016076710e-01,1.786231542871274669e-01,1.785416165229118113e-01,1.784627163186605359e-01,1.783874872800803590e-01,1.783169690049755396e-01,1.782522094640017485e-01,1.781942596473249651e-01,1.781441799970305828e-01,1.781030293247449214e-01,1.780718420559824489e-01,1.780516652000928290e-01,1.780435340078003470e-01,1.780484482610023012e-01,1.780674190640465226e-01,1.781014101382950854e-01,1.781513626987538956e-01,1.782182077167130119e-01,1.783028358807713099e-01,1.784060882103797041e-01,1.785287961458643380e-01,1.786717303484393615e-01,1.788356265682602975e-01,1.790211716391945374e-01,1.792290057473478193e-01,1.794597265587698220e-01,1.797138729765568876e-01,1.799919343260105442e-01,1.802943291695897343e-01,1.806214373941759932e-01,1.809735680100725830e-01,1.813509723663322137e-01,1.817538480691062719e-01,1.821823142297598341e-01,1.826364343634004628e-01,1.831162082650049650e-01,1.836215684237470225e-01,1.841523823667038651e-01,1.847084522433438403e-01,1.852895142094171665e-01,1.858952445084138816e-01,1.865252375062679824e-01,1.871790393583675216e-01,1.878561268258296391e-01,1.885559194180557174e-01,1.892777552476793690e-01,1.900209366486667051e-01,1.907846928184316893e-01,1.915681933150214233e-01,1.923705635571108241e-01,1.931908643576045748e-01,1.940281035051454328e-01,1.948812491547984027e-01,1.957492120169722349e-01,1.966308614998560633e-01,1.975250220433265036e-01,1.984304859135411492e-01,1.993459921785651900e-01,2.002702635972809786e-01,2.012019809807518433e-01,2.021397990567154190e-01,2.030823470721927759e-01,2.040282332557424583e-01,2.049760499666804792e-01,2.059243651444022660e-01,2.068717409664622420e-01,2.078167328264982627e-01,2.087578853091313080e-01,2.096937490961214845e-01,2.106228657321842224e-01,2.115437931667241978e-01,2.124550790118534260e-01,2.133553063925270887e-01,2.142430575736754828e-01,2.151169449056985483e-01,2.159755834064056856e-01,2.168176336654616398e-01,2.176417689694193358e-01,2.184466991348594789e-01,2.192311720903866445e-01,2.199939635177874109e-01,2.207338964649714907e-01,2.214498236498378958e-01,2.221406650359313839e-01,2.228053563785612201e-01,2.234429126118399056e-01,2.240523834718626262e-01,2.246328702927018472e-01,2.251835395018517150e-01,2.257036028449509457e-01,2.261923421242086618e-01,2.266490878374669005e-01,2.270732475280699825e-01,2.274642593381965006e-01,2.278216575800965371e-01,2.281450290017161819e-01,2.284340136080611205e-01,2.286883298988287572e-01,2.289077444322193955e-01,2.290921116262034374e-01,2.292413290023287975e-01,2.293553767916231279e-01,2.294342773286102422e-01,2.294781310192635371e-01,2.294870849429156978e-01,2.294613728055523438e-01,2.294012660589890285e-01,2.293071011576071072e-01,2.291792758340724934e-01,2.290182353315655117e-01,2.288244758988561556e-01,2.285985602220889368e-01,2.283410865827941172e-01,2.280527105723413051e-01,2.277341206386510608e-01,2.273860635540255193e-01,2.270093106323205767e-01,2.266046738511933722e-01,2.261730178622066434e-01,2.257152138443571932e-01,2.252321723219969929e-01,2.247248357141818920e-01,2.241941642360003317e-01,2.236411413155074968e-01,2.230667533132589808e-01,2.224720319210428399e-01,2.218579857632060615e-01,2.212256488682130262e-01,2.205760575184591843e-01,2.199102467817370954e-01,2.192292511917773024e-01,2.185341088952444666e-01,2.178258314609713975e-01,2.171054399534991519e-01,2.163739286436128784e-01,2.156322807733476732e-01,2.148814504213152343e-01,2.141223897547355759e-01,2.133560082527926893e-01,2.125831912443891247e-01,2.118047999480562327e-01,2.110216638478178974e-01,2.102345616549086971e-01,2.094442569772645979e-01,2.086514697876195590e-01,2.078568674092387270e-01,2.070610819992886598e-01,2.062647132111694037e-01,2.054682922639788356e-01,2.046723254516110702e-01,2.038772644399760858e-01,2.030835096188345068e-01,2.022914117759869734e-01,2.015012790377891660e-01,2.007133589765760784e-01,1.999278590520948695e-01,1.991449280331234195e-01,1.983646738046412061e-01,1.975871404663926967e-01,1.968123350009059191e-01,1.960402053021446933e-01,1.952706594128510442e-01,1.945035514452393977e-01,1.937386965873240385e-01,1.929758540827380964e-01,1.922147567528313672e-01,1.914550689530946925e-01,1.906964480476620316e-01,1.899384787348980530e-01,1.891807348272218914e-01,1.884227503059565934e-01,1.876640268805721268e-01,1.869040153097894508e-01,1.861421742065029750e-01,1.853779208019911418e-01,1.846106489269207507e-01,1.838397379790082664e-01,1.830645500210054399e-01,1.822844374097369047e-01,1.814987356691581122e-01,1.807067836272801820e-01,1.799079080775914663e-01,1.791014363798469344e-01,1.782867100293586693e-01,1.774630641215331761e-01,1.766298456142344209e-01,1.757864220598335803e-01,1.749321641760830104e-01,1.740664764521808738e-01,1.731887779134061167e-01,1.722985142217008658e-01,1.713951629187472070e-01,1.704782295826056115e-01,1.695472604083099744e-01,1.686018323456300039e-01,1.676415700409237264e-01,1.666661413272001457e-01,1.656752547539610543e-01,1.646686703320537071e-01,1.636462092295260240e-01,1.626077244683081235e-01,1.615531572163762808e-01,1.604824689021972228e-01,1.593957144224076028e-01,1.582929833130615471e-01,1.571744499986027777e-01,1.560403378353657777e-01,1.548909442178467155e-01,1.537266347860013760e-01,1.525478312114649793e-01,1.513550351982970721e-01,1.501488103035827915e-01,1.489297948436886787e-01,1.476986910893506588e-01,1.464562776699884494e-01,1.452033920879017004e-01,1.439409389746008905e-01,1.426699064733306654e-01,1.413913322337540246e-01,1.401063268545502116e-01,1.388160680192539742e-01,1.375217790986900945e-01,1.362247700071179402e-01,1.349263939404195256e-01,1.336280560833058573e-01,1.323312337019464657e-01,1.310374388790002675e-01,1.297482434129208217e-01,1.284652585380348377e-01,1.271901477848406681e-01,1.259246060530430367e-01,1.246703709669084170e-01,1.234292174648732171e-01,1.222029458594589696e-01,1.209933781073479486e-01,1.198023743608125774e-01,1.186317914776003346e-01,1.174835234006436774e-01,1.163594633553550750e-01,1.152615066089843071e-01,1.141915676779239747e-01,1.131515445222064653e-01,1.121433346609836540e-01,1.111688175287872254e-01,1.102298708074671424e-01,1.093283404179335588e-01,1.084660580914360711e-01,1.076448191761336798e-01,1.068663912052946752e-01,1.061324987803557995e-01,1.054448334527901265e-01,1.048050382291579319e-01,1.042146973460214843e-01,1.036753536441892554e-01,1.031884782325194344e-01,1.027554920020243012e-01,1.023777452450094216e-01,1.020565120629653016e-01,1.017930030324828705e-01,1.015883452637644929e-01,1.014435853938569082e-01,1.013596830833047302e-01,1.013375268141539082e-01,1.013778905326161023e-01,1.014814736432151643e-01,1.016488828102436043e-01,1.018806047615439803e-01,1.021770553688844119e-01,1.025385297844121635e-01,1.029652256467356308e-01,1.034572373885718072e-01,1.040145518472758157e-01,1.046370459485323340e-01,1.053244962357341719e-01,1.060765672234789403e-01,1.068928112735776925e-01,1.077726756408096814e-01,1.087155005161635352e-01,1.097205111687224038e-01,1.107868341510299948e-01,1.119134813977900877e-01,1.130993645599764202e-01,1.143432874753766981e-01,1.156439524653358336e-01,1.169999592788543014e-01,1.184098130701043000e-01,1.198719188700980015e-01,1.213845873571731820e-01,1.229460385601132411e-01,1.245544083252864698e-01,1.262077400552077955e-01,1.279039960663758413e-01,1.296410651234974343e-01,1.314167556570476625e-01,1.332288102109187300e-01,1.350749020743024220e-01,1.369526399193224941e-01,1.388595753445703573e-01,1.407932064727413501e-01,1.427509891000223186e-01,1.447303186308795953e-01,1.467285657326372617e-01,1.487430601625014392e-01,1.507711011511435328e-01,1.528099681805631660e-01,1.548569085356594766e-01,1.569091804403368040e-01,1.589640100559999158e-01,1.610186294390362483e-01,1.630702646720785520e-01,1.651161710025998985e-01,1.671535856464029801e-01,1.691797912375699875e-01,1.711920684458858866e-01,1.731877509477143806e-01,1.751641871248849347e-01,1.771187712451062768e-01,1.790489461325655285e-01,1.809521905580254164e-01,1.828260420093480998e-01,1.846681060651143014e-01,1.864760330687903755e-01,1.882475498738013509e-01,1.899804614829636029e-01,1.916726364083489731e-01,1.933220223329925602e-01,1.949266660923863193e-01,1.964846747076244848e-01,1.979942742719722759e-01,1.994537612775528768e-01,2.008615426897608358e-01,2.022161152642173165e-01,2.035160880466188316e-01,2.047601638562484838e-01,2.059471590460585644e-01,2.070759922674269282e-01,2.081456960624098740e-01,2.091554080690932738e-01,2.101043951935096521e-01,2.109920142176781033e-01,2.118177483689746843e-01,2.125811986831161737e-01,2.132820735389522326e-01,2.139201961530306229e-01,2.144955092065705393e-01,2.150080606043183462e-01,2.154580225524663772e-01,2.158456669390702853e-01,2.161713768163076588e-01,2.164356539517012512e-01,2.166391005046575946e-01,2.167824251546863479e-01,2.168664314758444178e-01,2.168920363085277414e-01,2.168602469674631439e-01,2.167721606837131887e-01,2.166289809129472443e-01,2.164319775085083164e-01,2.161825301966132651e-01,2.158820816273483989e-01,2.155321542275926983e-01,2.151343582623542194e-01,2.146903497434787811e-01,2.142018732421830662e-01,2.136707241306045890e-01,2.130987513184922355e-01
6.993114371180766398e-01,7.008894865015542486e-01,7.025649272671594670e-01,7.043346629306733719e-01,7.061953389733928166e-01,7.081434834725311989e-01,7.101754689600895398e-01,7.122875120088074663e-01,7.144756962219075414e-01,7.167359470661645027e-01,7.190641121677304737e-01,7.214558621999321852e-01,7.239068700112761823e-01,7.264125917815372757e-01,7.289685061290246404e-01,7.315699474145325176e-01,7.342122268612937264e-01,7.368905696708044628e-01,7.396002065249411839e-01,7.423362994414811622e-01,7.450940080919116193e-01,7.478684731893884274e-01,7.506548331384718109e-01,7.534482479062282190e-01,7.562439037021287946e-01,7.590369886333242500e-01,7.618227734809736029e-01,7.645965477023657364e-01,7.673536781066198076e-01,7.700895798859983543e-01,7.727998125633255277e-01,7.754799407859807037e-01,7.781256884797729256e-01,7.807328527340519075e-01,7.832973656111704708e-01,7.858152518309506895e-01,7.882827324804221325e-01,7.906961000239161041e-01,7.930518130245003405e-01,7.953464806452841263e-01,7.975768763701964748e-01,7.997399465023403708e-01,8.018327639175172328e-01,8.038526080654306849e-01,8.057969479873650087e-01,8.076633737814207237e-01,8.094497365947236345e-01,8.111540094053020233e-01,8.127743950406375317e-01,8.143092406192221633e-01,8.157571569643667919e-01,8.171168748584872743e-01,8.183873590963890443e-01,8.195677486810433177e-01,8.206574086635177734e-01,8.216558353043468266e-01,8.225627988487221876e-01,8.233781414835710244e-01,8.241020137851180483e-01,8.247346578096571568e-01,8.252765404566153595e-01,8.257282833526821131e-01,8.260906928866424970e-01,8.263647401773185353e-01,8.265515275488798386e-01,8.266523768996785204e-01,8.266686720292844015e-01,8.266020169851441279e-01,8.264541321724406808e-01,8.262268314190405194e-01,8.259221076771022796e-01,8.255420417098970898e-01,8.250888150795177012e-01,8.245647123779329402e-01,8.239721508516097970e-01,8.233135820953461081e-01,8.225915504316572147e-01,8.218086807510732728e-01,8.209676532422730544e-01,8.200711971259323496e-01,8.191220766095070882e-01,8.181231158106553325e-01,8.170771362492004197e-01,8.159869948972646725e-01,8.148555353471208518e-01,8.136856289265185227e-01,8.124801410192759032e-01,8.112418954422736528e-01,8.099737040734011906e-01,8.086783397736968526e-01,8.073585594334364846e-01,8.060170427717637809e-01,8.046564191676200961e-01,8.032792769242020903e-01,8.018881330115092965e-01,8.004853939372600369e-01,7.990734260601177752e-01,7.976544719992446630e-01,7.962307194435735980e-01,7.948042183975613240e-01,7.933769423774198470e-01,7.919507570131949503e-01,7.905273931863279202e-01,7.891084950694156053e-01,7.876955593308123671e-01,7.862899578396732592e-01,7.848929850702447419e-01,7.835057464492714008e-01,7.821292674424122904e-01,7.807644031019289610e-01,7.794119146886828720e-01,7.780723893871109853e-01,7.767463285260126638e-01,7.754340638504195748e-01,7.741358254742907175e-01,7.728517116323433411e-01,7.715816526788542573e-01,7.703255169203224728e-01,7.690829824112833668e-01,7.678536802281519247e-01,7.666370532895271372e-01,7.654325020792737133e-01,7.642392474581052308e-01,7.630564542218190027e-01,7.618831730720883044e-01,7.607183491439815093e-01,7.595608660491049990e-01,7.584095110222333069e-01,7.572629548730602789e-01,7.561198500555950108e-01,7.549787762610585817e-01,7.538382260807895419e-01,7.526966546687934301e-01,7.515524752732760660e-01,7.504040819321946554e-01,7.492497958807555758e-01,7.480879370264784667e-01,7.469168128805634410e-01,7.457347286790620977e-01,7.445399721789784930e-01,7.433308561967594263e-01,7.421056726361555667e-01,7.408627812817529801e-01,7.396005572108924619e-01,7.383173813628794990e-01,7.370117289418794959e-01,7.356820751598988073e-01,7.343270159505377315e-01,7.329451398520976380e-01,7.315351613357767846e-01,7.300958524239155034e-01,7.286260844461787123e-01,7.271248133128248581e-01,7.255910679705857014e-01,7.240240157429111978e-01,7.224229237731342179e-01,7.207871553216864680e-01,7.191162038746236052e-01,7.174096902369303530e-01,7.156673236458601650e-01,7.138890118451517441e-01,7.120747296458327380e-01,7.102246206140671037e-01,7.083389432913420602e-01,7.064181247225627125e-01,7.044627227297567407e-01,7.024734265730930849e-01,7.004510674122497171e-01,6.983966183617991152e-01,6.963112425617492551e-01,6.941961611202907001e-01,6.920528047116195625e-01,6.898827385256715017e-01,6.876876063391680338e-01,6.854692844282189723e-01,6.832296884205498744e-01,6.809709136855051081e-01,6.786951964185948816e-01,6.764048385523818707e-01,6.741023364739067159e-01,6.717902100124064635e-01,6.694711745043818718e-01,6.671479956712056403e-01,6.648235523318336559e-01,6.625008134180160324e-01,6.601828523130676141e-01,6.578727768084584593e-01,6.555738178713869102e-01,6.532892172663204988e-01,6.510223272786013204e-01,6.487765216807974689e-01,6.465551973332623881e-01,6.443618118853347010e-01,6.421998684177870897e-01,6.400728315380186384e-01,6.379842298341467099e-01,6.359375374626506927e-01,6.339362658056895139e-01,6.319838822370041909e-01,6.300838408785115474e-01,6.282395580984099226e-01,6.264544103781743978e-01,6.247317213106637901e-01,6.230747269943655020e-01,6.214866578061856162e-01,6.199706035401828519e-01,6.185296124105513771e-01,6.171666048164319296e-01,6.158844131555436530e-01,6.146858032344980627e-01,6.135733407655855620e-01,6.125495440423768256e-01,6.116167563949371777e-01,6.107772237421960071e-01,6.100330051789569774e-01,6.093860499805116016e-01,6.088381320436964117e-01,6.083908445379766494e-01,6.080457112137881426e-01,6.078039384416723534e-01,6.076666944812173510e-01,6.076349118371997537e-01,6.077093193469673693e-01,6.078905285728231078e-01,6.081789158456096800e-01,6.085747003754601314e-01,6.090778791516043844e-01,6.096882979327538088e-01,6.104056029519737692e-01,6.112292208430245566e-01,6.121584301505618164e-01,6.131922988423306187e-01,6.143297071993890635e-01,6.155693815815613812e-01,6.169098210209330579e-01,6.183493515906991478e-01,6.198861503876533785e-01,6.215182216505492629e-01,6.232433479691512623e-01,6.250592148983575846e-01,6.269632972115962710e-01,6.289529495275771875e-01,6.310253472480594761e-01,6.331775563829944442e-01,6.354064527415284047e-01,6.377088580510740234e-01,6.400814063061113224e-01,6.425206507204864748e-01,6.450230184318064275e-01,6.475848519129300263e-01,6.502023790471617160e-01,6.528717819139379097e-01,6.555891382669289946e-01,6.583504467174785546e-01,6.611517116401134375e-01,6.639888019728084068e-01,6.668576298205202146e-01,6.697540312011923680e-01,6.726738153218747573e-01,6.756128241890775321e-01,6.785668466067094062e-01,6.815317485848566559e-01,6.845033339765350666e-01,6.874774926481737047e-01,6.904501142163552707e-01,6.934171535821874732e-01,6.963746238759179752e-01,6.993185917550840403e-01,7.022451788042729515e-01,7.051506452058202701e-01,7.080312822006338269e-01,7.108834987646923675e-01,7.137038028422461045e-01,7.164888168980635408e-01,7.192353108579483401e-01,7.219401405377344760e-01,7.246003069803776953e-01,7.272129469275350200e-01,7.297753830649604811e-01,7.322850377320073711e-01,7.347394955466455269e-01,7.371365416680570881e-01,7.394740805082382629e-01,7.417501991271254758e-01,7.439631621282578600e-01,7.461114309117801158e-01,7.481935810395284880e-01,7.502084235200119355e-01,7.521549375580508512e-01,7.540322858223663660e-01,7.558397629412506591e-01,7.575769380280263920e-01,7.592434869313297030e-01,7.608393099372492419e-01,7.623644466523358254e-01,7.638191550353187198e-01,7.652038272343455461e-01,7.665190729870486885e-01,7.677656432464730063e-01,7.689444544956772765e-01,7.700565686500264739e-01,7.711032496100588274e-01,7.720859089203742087e-01,7.730060445868702779e-01,7.738653648105082716e-01,7.746656674257418329e-01,7.754088902381306436e-01,7.760971272370817964e-01,7.767325140833136743e-01,7.773173727719108195e-01,7.778540635674932036e-01,7.783450893868425480e-01,7.787929777305158119e-01,7.792003798099190748e-01,7.795699967589517776e-01,7.799045999234754944e-01,7.802069713873558410e-01,7.804799823605134135e-01,7.807264987642309473e-01,7.809494321520253912e-01,7.811516830786457977e-01,7.813361888008353295e-01,7.815058428160936987e-01,7.816635498175132923e-01,7.818121970553123523e-01,7.819545982353643954e-01,7.820935775007664681e-01,7.822318616272703196e-01,7.823721633935819542e-01,7.825171108561952416e-01,7.826692105674308841e-01,7.828309780828008879e-01,7.830047428131737819e-01,7.831927942800226417e-01,7.833973230854082148e-01,7.836203462417035137e-01,7.838638284939505319e-01,7.841295621712138786e-01,7.844192311053967970e-01,7.847343897433215476e-01,7.850764398192364713e-01,7.854466275721725399e-01,7.858460321218313505e-01,7.862756521120985997e-01,7.867362485014361972e-01,7.872284607828504699e-01,7.877527640017240040e-01,7.883094445185485633e-01,7.888986419066893463e-01,7.895203404620523280e-01,7.901743395579973184e-01,7.908602692471069506e-01,7.915775781905657338e-01,7.923255754957396757e-01,7.931034140810803157e-01,7.939100452520204687e-01,7.947442909730113580e-01,7.956048046973185350e-01,7.964900954372317043e-01,7.973984825802363785e-01,7.983281785510959461e-01,7.992772484607900685e-01,8.002436134755239738e-01,8.012250645364766832e-01,8.022192817253116504e-01,8.032237969580114934e-01,8.042360547934780390e-01,8.052533897998287449e-01,8.062730206664202592e-01,8.072921180750508574e-01,8.083077006391815589e-01,8.093168065973985748e-01,8.103163223365429380e-01,8.113031130788652678e-01,8.122740232200658106e-01,8.132258116999182551e-01,8.141552570334543715e-01,8.150590475170241822e-01,8.159339294035089507e-01,8.167765792905984368e-01,8.175838054539146249e-01,8.183522705197928682e-01,8.190787998813768844e-01,8.197601766712884208e-01,8.203932711709488457e-01,8.209750016853110122e-01,8.215023450735734478e-01,8.219723565944790922e-01,8.223821751271763736e-01,8.227290317656502650e-01,8.230102818479356763e-01,8.232233454929652749e-01,8.233658006105943894e-01,8.234353420429332271e-01,8.234298258739041199e-01,8.233471881395274528e-01,8.231855585566525413e-01,8.229432140370466220e-01,8.226185969148130939e-01,8.222103027539102715e-01,8.217171282835067370e-01,8.211380442693078097e-01,8.204721681415029222e-01,8.197188576146738903e-01,8.188776292630319809e-01,8.179481898151097496e-01,8.169304735157006947e-01,8.158246091578211789e-01,8.146309139829253088e-01,8.133498785660516761e-01,8.119822772095425245e-01,8.105290390573471893e-01,8.089912843284399191e-01,8.073703886929817219e-01,8.056678636574443608e-01,8.038854536318160715e-01,8.020251387272483434e-01,8.000890474750144143e-01,7.980795018754197612e-01,7.959990207585199151e-01,7.938503420967952806e-01,7.916363053468101763e-01,7.893600166827667852e-01,7.870246692485758366e-01,7.846336848229020777e-01,7.821905965707469655e-01,7.796991159018609174e-01
4.288932314250759048e-01,4.280696004426087775e-01,4.272383077271663665e-01,4.263993246634003031e-01,4.255526921127795736e-01,4.246984278521109824e-01,4.238366127436913322e-01,4.229673196981362238e-01,4.220907010451500074e-01,4.212068714415063697e-01,4.203160320526005411e-01,4.194184117628002029e-01,4.185142334720775570e-01,4.176037877748970395e-01,4.166873763703998756e-01,4.157653364812465280e-01,4.148380474641749083e-01,4.139059208894020903e-01,4.129693992522432411e-01,4.120289320120882892e-01,4.110850385129134477e-01,4.101382514695383619e-01,4.091891218081850079e-01,4.082382533262607360e-01,4.072862656836885309e-01,4.063337918326264675e-01,4.053815248006448213e-01,4.044301363484087974e-01,4.034803843653874122e-01,4.025329811938411217e-01,4.015887010272956581e-01,4.006483309014061689e-01,3.997126599773507261e-01,3.987824975283066897e-01,3.978586878502000101e-01,3.969420420022859997e-01,3.960334195302347426e-01,3.951336560585147484e-01,3.942436205889389145e-01,3.933641523183756261e-01,3.924961085521445625e-01,3.916403414438753838e-01,3.907976864825840613e-01,3.899689782032834118e-01,3.891550396663055467e-01,3.883566641623077964e-01,3.875746509076985480e-01,3.868097746451668595e-01,3.860627724719264964e-01,3.853343685945429531e-01,3.846252694947603357e-01,3.839361069148444772e-01,3.832675398639742159e-01,3.826201589583084761e-01,3.819945202217667202e-01,3.813911277898378582e-01,3.808104754455889362e-01,3.802529811835221318e-01,3.797190337132404503e-01,3.792089612452287373e-01,3.787230467107074450e-01,3.782615245459854392e-01,3.778245771529586405e-01,3.774123059652786938e-01,3.770247814356551541e-01,3.766620064903044574e-01,3.763239263954646918e-01,3.760104107305858312e-01,3.757212923224100276e-01,3.754563164788491947e-01,3.752151725942355354e-01,3.749974884786377305e-01,3.748028296224260592e-01,3.746307071970767510e-01,3.744805427886332971e-01,3.743516985272561937e-01,3.742434887362769969e-01,3.741551577236352233e-01,3.740858940331798776e-01,3.740347949841483222e-01,3.740009433007361883e-01,3.739833273141484060e-01,3.739808868107668549e-01,3.739925098116675950e-01,3.740170455661703253e-01,3.740532550565682790e-01,3.740998897529817513e-01,3.741556218754779062e-01,3.742190975750518955e-01,3.742889058294036064e-01,3.743636111836557423e-01,3.744417504018822673e-01,3.745218003534855900e-01,3.746022165189481501e-01,3.746814492224824766e-01,3.747578957060349047e-01,3.748299563590705707e-01,3.748960210967783313e-01,3.749544366040165611e-01,3.750035601641517613e-01,3.750417696281958535e-01,3.750674009365265182e-01,3.750788153484338472e-01,3.750743844369436863e-01,3.750524997067056221e-01,3.750115627121360373e-01,3.749499712095737958e-01,3.748661990279708589e-01,3.747587166727004981e-01,3.746260254304150106e-01,3.744666950334175071e-01,3.742793102170186570e-01,3.740625156450606559e-01,3.738150063134942358e-01,3.735355224488654535e-01,3.732228880517425851e-01,3.728759704488656124e-01,3.724937117460854763e-01,3.720751192456450140e-01,3.716192834226010877e-01,3.711253535669692960e-01,3.705926000912622698e-01,3.700203292129050081e-01,3.694079771973295401e-01,3.687550471579087996e-01,3.680611398768536269e-01,3.673259489471748518e-01,3.665492794606967641e-01,3.657310177404835549e-01,3.648711658048274242e-01,3.639698333748032089e-01,3.630272094433653063e-01,3.620436213133293446e-01,3.610194945095184793e-01,3.599553501057107252e-01,3.588518280465642918e-01,3.577096730496123200e-01,3.565297598949463409e-01,3.553130285646476372e-01,3.540605734958214290e-01,3.527735717722774167e-01,3.514533175295994627e-01,3.501012027701246310e-01,3.487187369214541643e-01,3.473075077682103440e-01,3.458692506379753562e-01,3.444057358785012624e-01,3.429188822799865699e-01,3.414106835590788869e-01,3.398832234706549715e-01,3.383386616771935640e-01,3.367792807252169562e-01,3.352074017853858279e-01,3.336254501543092221e-01,3.320358975864193263e-01,3.304413239337392061e-01,3.288443394583487334e-01,3.272476332220698447e-01,3.256539322463488650e-01,3.240660411799927143e-01,3.224867803999826310e-01,3.209190304611718170e-01,3.193656956520052881e-01,3.178297260091038634e-01,3.163140762220518210e-01,3.148217258067242397e-01,3.133556671192041509e-01,3.119189152953104616e-01,3.105144532995223750e-01,3.091452951973117647e-01,3.078144194058411443e-01,3.065247872202584434e-01,3.052793540177134446e-01,3.040810342156559654e-01,3.029327142791766181e-01,3.018372262146806206e-01,3.007973802818874054e-01,2.998158994875296246e-01,2.988954769991529203e-01,2.980387406002297235e-01,2.972482261671283710e-01,2.965264274529818000e-01,2.958757122726792810e-01,2.952984093403420718e-01,2.947967239251623739e-01,2.943727900819487764e-01,2.940286177194036954e-01,2.937661390965730090e-01,2.935871357621550604e-01,2.934933133113208359e-01,2.934862490481511821e-01,2.935673854246880210e-01,2.937380665792565515e-01,2.939994731205737288e-01,2.943526750766066735e-01,2.947986119100072799e-01,2.953380790090425756e-01,2.959717218752944690e-01,2.967000619629378000e-01,2.975234727429890702e-01,2.984421675042980837e-01,2.994562401820459741e-01,3.005656190576893594e-01,3.017700912358248777e-01,3.030692989378353519e-01,3.044627260486936216e-01,3.059497029635829812e-01,3.075294523190318929e-01,3.092010130211405028e-01,3.109632807797592102e-01,3.128150268806174639e-01,3.147548673022177446e-01,3.167812753574905105e-01,3.188926104593375888e-01,3.210870487308972177e-01,3.233627077361274083e-01,3.257174988866462506e-01,3.281492582620224030e-01,3.306556686070058482e-01,3.332343366046092159e-01,3.358827080138309107e-01,3.385981427469313410e-01,3.413778898743378143e-01,3.442191020432897597e-01,3.471188397852663088e-01,3.500740753303846486e-01,3.530816648511201361e-01,3.561384262774643372e-01,3.592410919726816698e-01,3.623862915742612767e-01,3.655706490502957928e-01,3.687907049951085203e-01,3.720429345954902045e-01,3.753238043071492336e-01,3.786297020150115600e-01,3.819570237008962921e-01,3.853021101049708963e-01,3.886613146097145921e-01,3.920309581854092840e-01,3.954073499100316247e-01,3.987868189248398032e-01,4.021656961927696505e-01,4.055403235176736065e-01,4.089070667357472821e-01,4.122623224993545721e-01,4.156025036376869708e-01,4.189240840133480748e-01,4.222235763508339068e-01,4.254975402424823194e-01,4.287426059095172937e-01,4.319554467129886333e-01,4.351328173547834299e-01,4.382715564182562140e-01,4.413685588316096364e-01,4.444208133140973849e-01,4.474254189871310627e-01,4.503795425487397974e-01,4.532804584067018361e-01,4.561255453247754499e-01,4.589123015466423094e-01,4.616383022964302696e-01,4.643012715015110703e-01,4.668990324644040069e-01,4.694295355278619852e-01,4.718908633597281854e-01,4.742811960896379797e-01,4.765988800297848438e-01,4.788423669414976214e-01,4.810102441757447833e-01,4.831012352269961063e-01,4.851142011368436147e-01,4.870481567639416420e-01,4.889021828938180381e-01,4.906756039437463746e-01,4.923677897842965723e-01,4.939782849442672097e-01,4.955067666190180464e-01,4.969530444317301621e-01,4.983170630750729524e-01,4.995989095375513722e-01,5.007987797886298553e-01,5.019170267913949379e-01,5.029540811372270603e-01,5.039105747137504476e-01,5.047871977649761588e-01,5.055847923117318121e-01,5.063042966509776477e-01,5.069467738079849184e-01,5.075133887306415570e-01,5.080054289492214048e-01,5.084242592506666991e-01,5.087713689136149631e-01,5.090483208066995946e-01,5.092567924548477842e-01,5.093985131892307949e-01,5.094753182132087943e-01,5.094890983684201569e-01,5.094418405753300405e-01,5.093355809234857423e-01,5.091724248745574943e-01,5.089545197479380390e-01,5.086840912036690865e-01,5.083633586954411365e-01,5.079946705800686413e-01,5.075803136702147222e-01,5.071226564255693070e-01,5.066240810662968608e-01,5.060870214151242941e-01,5.055138671733088174e-01,5.049070437959610747e-01,5.042689867210574661e-01,5.036021431085940803e-01,5.029089024425416055e-01,5.021917049288712187e-01,5.014529349246302781e-01,5.006949579231028125e-01,4.999201380445230103e-01,4.991307909869599491e-01,4.983291931930313168e-01,4.975176015502647542e-01,4.966981944492613321e-01,4.958731455452137227e-01,4.950445655011092572e-01,4.942144761217973081e-01,4.933848878728424592e-01,4.925577337169027015e-01,4.917348690133083178e-01,4.909180933415849823e-01,4.901091377304547803e-01,4.893096563163058521e-01,4.885212395202884750e-01,4.877453744483318809e-01,4.869835044305637073e-01,4.862369593444716975e-01,4.855070105531346103e-01,4.847948383920530624e-01,4.841015423786477201e-01,4.834281246166874380e-01,4.827755159136712382e-01,4.821445471794130744e-01,4.815359955945911485e-01,4.809505101824457785e-01,4.803886815792162701e-01,4.798509861039266799e-01,4.793378710777069784e-01,4.788496559834721222e-01,4.783865693946631192e-01,4.779487873109388718e-01,4.775364061498934554e-01,4.771494046086361407e-01,4.767877414561645932e-01,4.764512549151250220e-01,4.761397378203575670e-01,4.758528940468782498e-01,4.755903775040347670e-01,4.753517515149626727e-01,4.751365379177138193e-01,4.749442099720682098e-01,4.747741459945708509e-01,4.746256926421332789e-01,4.744981357850939219e-01,4.743907270727115155e-01,4.743026563861122424e-01,4.742330959329283946e-01,4.741811518023781313e-01,4.741459081278513454e-01,4.741264076351271450e-01,4.741216691868487265e-01,4.741306933452969496e-01,4.741524511561885924e-01,4.741859022117110856e-01,4.742299761451800877e-01,4.742836064809295427e-01,4.743456893615828340e-01,4.744151526711501976e-01,4.744909176053582200e-01,4.745718591538702902e-01,4.746569310234670658e-01,4.747450122190082222e-01,4.748350630468341493e-01,4.749260125605212490e-01,4.750168208157276029e-01,4.751064569474509613e-01,4.751939135524363422e-01,4.752782236565701868e-01,4.753584112136533535e-01,4.754335546895201992e-01,4.755027671564475700e-01,4.755651456467633320e-01,4.756198726165987711e-01,4.756661491189260182e-01,4.757031935516821686e-01,4.757302802967962596e-01,4.757467310356811585e-01,4.757518781642878780e-01,4.757451269292597984e-01,4.757258838101938170e-01,4.756936279838860915e-01,4.756478909743094841e-01,4.755882202944923254e-01,4.755142045574751175e-01,4.754255059600875355e-01,4.753217827364806247e-01,4.752027865910216087e-01,4.750682799587167549e-01,4.749180853531906887e-01,4.747520251961525051e-01,4.745700287169888343e-01,4.743720163687417113e-01,4.741579485586038256e-01,4.739278456674246298e-01,4.736817506227011254e-01,4.734197561505700813e-01,4.731419516713008533e-01,4.728485070689270042e-01,4.725395693263854668e-01,4.722153859790276242e-01,4.718761629804735791e-01,4.715221626105235986e-01,4.711536704038125634e-01,4.707709865324883891e-01,4.703744453058482100e-01,4.699643858797120655e-01,4.695411547096652871e-01,4.691051416281725173e-01,4.686567257632542338e-01,4.681963151946031410e-01
5.694839867269656519e-01,5.725360068168089400e-01,5.755941381147927638e-01,5.786527972146761067e-01,5.817064622975018917e-01,5.847495164051746963e-01,5.877763864879601563e-01,5.907815439363129917e-01,5.937594116203047667e-01,5.967045226789161605e-01,5.996114166210735341e-01,6.024747034403962198e-01,6.052890657962354259e-01,6.080492513550237454e-01,6.107501227800323784e-01,6.133866172598111399e-01,6.159538082303779305e-01,6.184468366974670284e-01,6.208610342288533035e-01,6.231918356450902863e-01,6.254348248106680330e-01,6.275857226640545461e-01,6.296404411007423541e-01,6.315950528047510337e-01,6.334457811271831940e-01,6.351890693228101625e-01,6.368214957254194619e-01,6.383399076478546430e-01,6.397412760883657290e-01,6.410228007825518048e-01,6.421819240494676118e-01,6.432162587221144090e-01,6.441236499664512172e-01,6.449021509371438698e-01,6.455500561811094995e-01,6.460658705123663026e-01,6.464483106529282930e-01,6.466963515310188981e-01,6.468091682259387021e-01,6.467861648794334117e-01,6.466269960845170139e-01,6.463315282373264248e-01,6.458998443453255467e-01,6.453322605734809203e-01,6.446293255194749383e-01,6.437917860060592412e-01,6.428206196195938027e-01,6.417170122917830177e-01,6.404823777433727994e-01,6.391183116930807540e-01,6.376266261702374649e-01,6.360093215536404276e-01,6.342686020019958626e-01,6.324068499971426949e-01,6.304266282460880833e-01,6.283306987848013003e-01,6.261219558627578730e-01,6.238034804463071792e-01,6.213785212057211238e-01,6.188504313837650539e-01,6.162227435620331040e-01,6.134991237563680588e-01,6.106833707818631884e-01,6.077793689021794288e-01,6.047911560934037256e-01,6.017228467251041213e-01,5.985786472108562961e-01,5.953628930975379818e-01,5.920799544739862030e-01,5.887342971218760823e-01,5.853304416690917611e-01,5.818729610092076010e-01,5.783665064058203242e-01,5.748157164724057022e-01,5.712253069167362307e-01,5.676000014867910171e-01,5.639445149261387291e-01,5.602636036670979314e-01,5.565620075411475964e-01,5.528444674450793128e-01,5.491157139801248199e-01,5.453804203831520425e-01,5.416432705197442576e-01,5.379088888586197603e-01,5.341818703062098939e-01,5.304667416664906598e-01,5.267679982489954504e-01,5.230900555836592858e-01,5.194372499965900225e-01,5.158138618765369943e-01,5.122241149071736777e-01,5.086720947372788126e-01,5.051618399652273439e-01,5.016972705170584801e-01,4.982822214094925206e-01,4.949204461612747852e-01,4.916155325174362822e-01,4.883710149097629238e-01,4.851903053475713490e-01,4.820766829097138939e-01,4.790333059408520278e-01,4.760632535330514559e-01,4.731694185204475822e-01,4.703546231707129155e-01,4.676215479536375841e-01,4.649727456286322780e-01,4.624106255325050596e-01,4.599374885995215489e-01,4.575555100096737049e-01,4.552667096644650857e-01,4.530730155816926619e-01,4.509761878608942176e-01,4.489778885125395025e-01,4.470796386151816848e-01,4.452828335721474851e-01,4.435887270258615511e-01,4.419984991317728040e-01,4.405131381774199939e-01,4.391335660500713112e-01,4.378605647249486088e-01,4.366947806875022264e-01,4.356367871972698924e-01,4.346870075865627570e-01,4.338457594387251093e-01,4.331132631633878294e-01,4.324896319944155909e-01,4.319748829901790543e-01,4.315688785554274709e-01,4.312714700496136366e-01,4.310823613180725378e-01,4.310011442468038023e-01,4.310273563340119574e-01,4.311604477889675602e-01,4.313997619886752455e-01,4.317445813563188239e-01,4.321940986966943954e-01,4.327474254315744617e-01,4.334035980657060527e-01,4.341616093695397360e-01,4.350203442914326590e-01,4.359786448725250785e-01,4.370353016179306938e-01,4.381890004448401599e-01,4.394384155086252797e-01,4.407821401093544034e-01,4.422187020724498985e-01,4.437466102380800970e-01,4.453643046335424294e-01,4.470701621313530882e-01,4.488625193977087147e-01,4.507397042659742614e-01,4.526999467887181106e-01,4.547414587712351741e-01,4.568624140325401317e-01,4.590609500857334435e-01,4.613351463445181100e-01,4.636830549031054072e-01,4.661026972240711053e-01,4.685920534024053397e-01,4.711490642050628064e-01,4.737716229602793039e-01,4.764576178186200606e-01,4.792048924744319316e-01,4.820112264033998839e-01,4.848744113023366054e-01,4.877921901558391338e-01,4.907622433643261117e-01,4.937822382330063209e-01,4.968498331603124485e-01,4.999626165004618095e-01,5.031181539673180714e-01,5.063139814489890922e-01,5.095476106480031353e-01,5.128164978531997154e-01,5.161180757568036848e-01,5.194497508573998612e-01,5.228088800118971813e-01,5.261927985639313077e-01,5.295987875283344470e-01,5.330241256314391940e-01,5.364660437149644245e-01,5.399217208545955549e-01,5.433883168303254019e-01,5.468629654602206180e-01,5.503427589326392866e-01,5.538247378597489501e-01,5.573059545791507752e-01,5.607834063974415084e-01,5.642540363349742849e-01,5.677147984620579679e-01,5.711625929061486806e-01,5.745942946983932931e-01,5.780067755732697377e-01,5.813968389728372266e-01,5.847613260675954550e-01,5.880969997353521217e-01,5.914006341853063065e-01,5.946689768700419432e-01,5.978987500825299062e-01,6.010867008937742506e-01,6.042295302603897245e-01,6.073239412099384893e-01,6.103666495594509689e-01,6.133543438459938546e-01,6.162837377491536817e-01,6.191515463714083456e-01,6.219544866272088690e-01,6.246892956278554676e-01,6.273527117109136686e-01,6.299415406192959699e-01,6.324525450162197249e-01,6.348825968985120083e-01,6.372285444298602108e-01,6.394872864803273771e-01,6.416557621021939939e-01,6.437309975448444188e-01,6.457100339078560847e-01,6.475899787636094640e-01,6.493680057523104621e-01,6.510413816434388323e-01,6.526074026274863993e-01,6.540634724670268962e-01,6.554070963721213561e-01,6.566358271000594105e-01,6.577473407011524831e-01,6.587394167612353746e-01,6.596099472024971044e-01,6.603568888498425604e-01,6.609783790593835029e-01,6.614726302567188743e-01,6.618380211614086628e-01,6.620730204916491779e-01,6.621762605819989655e-01,6.621465153538426129e-01,6.619826916018179963e-01,6.616838727022289479e-01,6.612492477961001702e-01,6.606782447934821390e-01,6.599703666634350041e-01,6.591253296321858413e-01,6.581430360443563110e-01,6.570235262560736311e-01,6.557670290605392971e-01,6.543739635594958415e-01,6.528449024881654017e-01,6.511806586934725249e-01,6.493821592632025297e-01,6.474505764256504037e-01,6.453872384745992230e-01,6.431936873779217079e-01,6.408716240763406846e-01,6.384229620593027121e-01,6.358498133458784229e-01,6.331544612956375717e-01,6.303393798330501063e-01,6.274072372987266055e-01,6.243609014541280366e-01,6.212033950701557616e-01,6.179379457502224282e-01,6.145679287003259494e-01,6.110969720224681545e-01,6.075287696280695648e-01,6.038672641611517733e-01,6.001165324591185568e-01,5.962808263117983509e-01,5.923645374842196887e-01,5.883722056040550097e-01,5.843085436620718554e-01,5.801783529427556596e-01,5.759866193207308083e-01,5.717384196723724887e-01,5.674389591426163282e-01,5.630935355730696257e-01,5.587075965951736611e-01,5.542866308263961761e-01,5.498362634675914018e-01,5.453621476933150358e-01,5.408700419618199806e-01,5.363657506128562957e-01,5.318551329624781054e-01,5.273440918383561771e-01,5.228385502739613111e-01,5.183444716978721223e-01,5.138678205850422120e-01,5.094145507627018121e-01,5.049906477867828203e-01,5.006020390738680215e-01,4.962546411934429247e-01,4.919543396784366029e-01,4.877069467824369786e-01,4.835182310630092850e-01,4.793939022775298708e-01,4.753395672678327188e-01,4.713607534069659266e-01,4.674628916785704136e-01,4.636512883987017886e-01,4.599311339808069277e-01,4.563075031845433283e-01,4.527853067794553321e-01,4.493693430081950324e-01,4.460641960940380790e-01,4.428743215905751596e-01,4.398039959806404053e-01,4.368573049200545899e-01,4.340381368102779747e-01,4.313501832579626494e-01,4.287969352178204741e-01,4.263816574303325724e-01,4.241073814169736278e-01,4.219769470735380557e-01,4.199929299776155589e-01,4.181576687246597035e-01,4.164732702431250266e-01,4.149415830251160786e-01,4.135641923860158831e-01,4.123424398456845275e-01,4.112774210871205649e-01,4.103699446324490241e-01,4.096205433172707688e-01,4.090295143122737453e-01,4.085968817010295351e-01,4.083223827171559850e-01,4.082054990298914499e-01,4.082454290144293396e-01,4.084411371891263909e-01,4.087912804889400897e-01,4.092942864126582481e-01,4.099483084747486128e-01,4.107512366862438036e-01,4.117007091117684814e-01,4.127941240267783418e-01,4.140286458027758743e-01,4.154011466713399270e-01,4.169083168692652719e-01,4.185466082692946288e-01,4.203122320905629539e-01,4.222011952724820105e-01,4.242093220132355236e-01,4.263321888131385018e-01,4.285652335238208099e-01,4.309036793745018024e-01,4.333425999474339041e-01,4.358768750832109351e-01,4.385012775191575174e-01,4.412103796991879712e-01,4.439986790479855672e-01,4.468605364640174660e-01,4.497901831514590776e-01,4.527817614041559358e-01,4.558293527838196968e-01,4.589269291734056067e-01,4.620684230437758777e-01,4.652477154139489923e-01,4.684586285842452513e-01,4.716949878587646805e-01,4.749505828535121044e-01,4.782192326972095620e-01,4.814947259708537985e-01,4.847709039019962862e-01,4.880416561641823803e-01,4.913008767401547128e-01,4.945425824489367850e-01,4.977608081778591154e-01,5.009496986371047011e-01,5.041035071695096903e-01,5.072165677092609348e-01,5.102833561189633604e-01,5.132984905581204904e-01,5.162567062606712165e-01,5.191528952107011818e-01,5.219821167516000004e-01,5.247396262247292498e-01,5.274208135952127563e-01,5.300213078586897275e-01,5.325369243657206431e-01,5.349636644519210060e-01,5.372977875741490328e-01,5.395357240340763472e-01,5.416742031797812107e-01,5.437101240352256726e-01,5.456406832252040928e-01,5.474632791880458260e-01,5.491756134881632390e-01,5.507755977659042346e-01,5.522614471579797568e-01,5.536316160533659714e-01,5.548848197001247096e-01,5.560200822375308549e-01,5.570366743819974431e-01,5.579340964203552966e-01,5.587121920549583676e-01,5.593710645963078099e-01,5.599110309999223434e-01,5.603327420133441539e-01,5.606370754778629006e-01,5.608252163131194346e-01,5.608985607120241523e-01,5.608587883508937555e-01,5.607078529637340436e-01,5.604479016389447565e-01,5.600813859350338708e-01,5.596109420527186629e-01,5.590394615718592419e-01,5.583700774191673322e-01,5.576061158801126627e-01,5.567511173927903734e-01,5.558088125580535888e-01,5.547831267616143425e-01,5.536781761650105826e-01,5.524982635686362942e-01,5.512478041931951900e-01,5.499314230957884631e-01,5.485538649605293804e-01,5.471199709823706403e-01,5.456347592229733312e-01,5.441033347648102092e-01,5.425308584771729725e-01,5.409226580088530856e-01,5.392840595262304859e-01,5.376204881357717902e-01,5.359373817331166689e-01,5.342402746576955241e-01,5.325346686852656664e-01,5.308260976570736700e-01,5.291201171039550122e-01,5.274222176524862027e-01,5.257379009261635705e-01
3.160441905987885214e-01,3.176078210676296920e-01,3.191372556081347733e-01,3.206322393780381419e-01,3.220925785682819398e-01,3.235181288698034674e-01,3.249088075485137006e-01,3.262645610336399327e-01,3.275854101688792652e-01,3.288714052752756967e-01,3.301226497186312003e-01,3.313392961296542927e-01,3.325215053819631783e-01,3.336695142364652367e-01,3.347835592373691882e-01,3.358639252576414158e-01,3.369109183522258633e-01,3.379248661920644103e-01,3.389061426717530634e-01,3.398551106756329543e-01,3.407721657666169524e-01,3.416577239827189860e-01,3.425121983486140720e-01,3.433360383493784806e-01,3.441296744107134598e-01,3.448935571833138258e-01,3.456281493963976326e-01,3.463338987699194904e-01,3.470112779077792475e-01,3.476607257063584200e-01,3.482827125594908924e-01,3.488776842025720359e-01,3.494460900013565685e-01,3.499883708501030921e-01,3.505049645695076932e-01,3.509962850837894388e-01,3.514627642444170808e-01,3.519047944868595734e-01,3.523227829183561144e-01,3.527171162279534866e-01,3.530881495285136396e-01,3.534362687124311675e-01,3.537618289435486285e-01,3.540651393479581355e-01,3.543465588987197434e-01,3.546063900130403956e-01,3.548449369999813752e-01,3.550625136102356083e-01,3.552593825951343987e-01,3.554358322321510277e-01,3.555921390882735289e-01,3.557285549558465987e-01,3.558453420268857248e-01,3.559427378478647319e-01,3.560209945983455748e-01,3.560803482257752228e-01,3.561210360782460782e-01,3.561432973271274616e-01,3.561473737218162072e-01,3.561334939673135302e-01,3.561018909563876123e-01,3.560528256274526626e-01,3.559865426800869481e-01,3.559032880509722108e-01,3.558033482340627329e-01,3.556869642114413033e-01,3.555544378560512309e-01,3.554060504461745151e-01,3.552421361285422741e-01,3.550629855493179776e-01,3.548689493437819920e-01,3.546603711040560158e-01,3.544376429784265037e-01,3.542011234808339348e-01,3.539512418088291423e-01,3.536884218176385430e-01,3.534131001887355628e-01,3.531257604507076486e-01,3.528268744747545260e-01,3.525169773044664612e-01,3.521965886940620072e-01,3.518662676620896712e-01,3.515266109094176139e-01,3.511782047028546572e-01,3.508216780782580924e-01,3.504576933682039819e-01,3.500868986289149554e-01,3.497100086767147564e-01,3.493277193096834821e-01,3.489407805640316607e-01,3.485499361995793577e-01,3.481559457676959846e-01,3.477596135146021061e-01,3.473617342331479785e-01,3.469631374786028011e-01,3.465646463037326264e-01,3.461670913818171158e-01,3.457713469528939654e-01,3.453782539236417426e-01,3.449886951817376368e-01,3.446035294068528487e-01,3.442236348972873006e-01,3.438498672824978342e-01,3.434831182182904175e-01,3.431242266604091484e-01,3.427740737892104872e-01,3.424334818496300170e-01,3.421032964544192256e-01,3.417843285830515776e-01,3.414773855841427008e-01,3.411832419523716520e-01,3.409026515565236060e-01,3.406363521656146087e-01,3.403850383106958866e-01,3.401493824456173209e-01,3.399300133979701877e-01,3.397275389360777109e-01,3.395425153995719758e-01,3.393754570729710651e-01,3.392268446771738999e-01,3.390970971431644942e-01,3.389865925820385595e-01,3.388956518662015194e-01,3.388245541278861461e-01,3.387734937689441672e-01,3.387426528073957943e-01,3.387320928506257767e-01,3.387418764750057543e-01,3.387719527361118810e-01,3.388222338115248755e-01,3.388925409165068348e-01,3.389826531593155279e-01,3.390922637601312406e-01,3.392210072613417449e-01,3.393684211425115893e-01,3.395340153772611336e-01,3.397171732513587505e-01,3.399172478663294306e-01,3.401335055083367642e-01,3.403651413011931637e-01,3.406112727773862314e-01,3.408709493826175829e-01,3.411431459199427141e-01,3.414267800234500605e-01,3.417206915039825987e-01,3.420236444391878128e-01,3.423343626667403328e-01,3.426514774029286170e-01,3.429735618523171992e-01,3.432991562454631440e-01,3.436267143499391330e-01,3.439546507951332655e-01,3.442813227136176102e-01,3.446050254274616864e-01,3.449240355852172812e-01,3.452365766192901364e-01,3.455408149011843233e-01,3.458349123415288551e-01,3.461169739588426109e-01,3.463850945825889260e-01,3.466373210615463218e-01,3.468717269868040742e-01,3.470863079654515904e-01,3.472791211112090659e-01,3.474481649656843141e-01,3.475914626823054521e-01,3.477070170887461842e-01,3.477928825544882030e-01,3.478470954867830534e-01,3.478677057830409369e-01,3.478528209068841859e-01,3.478005551356371239e-01,3.477090507777140238e-01,3.475765151370591721e-01,3.474011861058228789e-01,3.471813459590948336e-01,3.469153526150586253e-01,3.466015998145654531e-01,3.462385568794883461e-01,3.458247870760410292e-01,3.453588828591706572e-01,3.448395622000173244e-01,3.442655926576736469e-01,3.436358555707886286e-01,3.429493124153399908e-01,3.422050254313788176e-01,3.414021706775595688e-01,3.405400091418498421e-01,3.396179224842478805e-01,3.386354103339953570e-01,3.375920736742488715e-01,3.364876490207185933e-01,3.353219814075285576e-01,3.340950574621792679e-01,3.328069666734264076e-01,3.314579634971022148e-01,3.300483794457869657e-01,3.285787371665411793e-01,3.270496500699029974e-01,3.254618854309626608e-01,3.238163449699335561e-01,3.221140679788425665e-01,3.203562107399032799e-01,3.185440829416786301e-01,3.166791341379506797e-01,3.147629360075075988e-01,3.127971815484149043e-01,3.107837324989214944e-01,3.087245353120519065e-01,3.066216939487291793e-01,3.044774349408725933e-01,3.022940860241658534e-01,3.000741155431692619e-01,2.978201028949735152e-01,2.955347330854188326e-01,2.932208094340265636e-01,2.908812197231863683e-01,2.885189760035126727e-01,2.861371593809343694e-01,2.837389703516272066e-01,2.813276675388179382e-01,2.789065892851575468e-01,2.764791713031048981e-01,2.740488807813837857e-01,2.716192725352417070e-01,2.691939451054972676e-01,2.667765530802951868e-01,2.643707684717878648e-01,2.619803175040034127e-01,2.596089496690578979e-01,2.572604322290103496e-01,2.549385423669880413e-01,2.526470627201509722e-01,2.503897638574583695e-01,2.481704257962394355e-01,2.459927843857887819e-01,2.438605806413115529e-01,2.417774837499423735e-01,2.397471586940097543e-01,2.377731834078934403e-01,2.358591124393454586e-01,2.340084200898441824e-01,2.322245021346166505e-01,2.305106904275725510e-01,2.288702102348356970e-01,2.273062078088004256e-01,2.258217232938899144e-01,2.244196936975879353e-01,2.231029130383234416e-01,2.218740957519084456e-01,2.207358001425989702e-01,2.196904411029871884e-01,2.187403290104018849e-01,2.178875901168221552e-01,2.171342182512945029e-01,2.164820588674358226e-01,2.159327666553259306e-01,2.154878502312724542e-01,2.151486407510771748e-01,2.149163051652361323e-01,2.147918094592355109e-01,2.147759535295471200e-01,2.148693700642061721e-01,2.150724583468169027e-01,2.153854651723376146e-01,2.158084278706576542e-01,2.163412064885547881e-01,2.169834511836436219e-01,2.177346308743303149e-01,2.185940044694618944e-01,2.195606488266915457e-01,2.206334322424619021e-01,2.218110557574710651e-01,2.230919979140067733e-01,2.244745636045217263e-01,2.259568622085231515e-01,2.275368245056784422e-01,2.292122059690128166e-01,2.309805388481075417e-01,2.328392309460597109e-01,2.347855127236855577e-01,2.368164058506835867e-01,2.389288038800447822e-01,2.411194411397858672e-01,2.433848814308485486e-01,2.457215578998583894e-01,2.481257525649296913e-01,2.505936328867870433e-01,2.531212072404131486e-01,2.557043895719071647e-01,2.583389658360604746e-01,2.610206313555916147e-01,2.637449610414688839e-01,2.665074602201695786e-01,2.693035386623680583e-01,2.721285473713658254e-01,2.749777487028737810e-01,2.778463664881968276e-01,2.807295873261408947e-01,2.836225231635100541e-01,2.865202973736453163e-01,2.894179751755361907e-01,2.923106398626411639e-01,2.951933472667962466e-01,2.980611878008674887e-01,3.009092446302161772e-01,3.037326386858434368e-01,3.065265176287115811e-01,3.092860763844864080e-01,3.120065694783423216e-01,3.146832959729544132e-01,3.173116450166012514e-01,3.198870703940264182e-01,3.224051318515357978e-01,3.248614388447774171e-01,3.272517750560215988e-01,3.295719857720972867e-01,3.318180436777203313e-01,3.339860641366170779e-01,3.360722889718921191e-01,3.380730994689271629e-01,3.399850281042293698e-01,3.418047718564170556e-01,3.435291727348606106e-01,3.451552494933792237e-01,3.466801873573808757e-01,3.481013577320197783e-01,3.494163177040400248e-01,3.506227856228161799e-01,3.517187099366427816e-01,3.527022039695252298e-01,3.535715906864613789e-01,3.543253880742540107e-01,3.549623242779579857e-01,3.554813394809724358e-01,3.558815612330518130e-01,3.561623493234657434e-01,3.563232497283944089e-01,3.563640283454120317e-01,3.562846715595935354e-01,3.560853571675935414e-01,3.557664871467578482e-01,3.553286582246128478e-01,3.547726955962420270e-01,3.540995756352516843e-01,3.533105483743079200e-01,3.524070144543562377e-01,3.513905813378346288e-01,3.502630448700033150e-01,3.490264017366006000e-01,3.476828171911161558e-01,3.462346553610382016e-01,3.446844225023015240e-01,3.430348311807718265e-01,3.412887284211302830e-01,3.394491371088658727e-01,3.375192201029817429e-01,3.355022910990830831e-01,3.334018056196205726e-01,3.312213392454392280e-01,3.289645913929177823e-01,3.266353941212247758e-01,3.242376757784174446e-01,3.217754679802679041e-01,3.192529022348014056e-01,3.166741776588327117e-01,3.140435960837342777e-01,3.113655041638154763e-01,3.086443316746786403e-01,3.058845424012618941e-01,3.030906449604742758e-01,3.002672000089390836e-01,2.974187848298680548e-01,2.945499788858486068e-01,2.916654049791164716e-01,2.887696471281113175e-01,2.858673182810095859e-01,2.829629942810131804e-01,2.800612335901906391e-01,2.771665672731131180e-01,2.742834681399327068e-01,2.714163860721084953e-01,2.685697007880684661e-01,2.657477285908290687e-01,2.629547184265012549e-01,2.601948302302807825e-01,2.574721765713532950e-01,2.547907292598614593e-01,2.521543884191200235e-01,2.495669494505462216e-01,2.470320965077637265e-01,2.445533914748024562e-01,2.421342833185504972e-01,2.397780809025611415e-01,2.374879837090523305e-01,2.352670361368921770e-01,2.331181525307107760e-01,2.310441002972537794e-01,2.290474951936644354e-01,2.271308105135595723e-01,2.252963757641442966e-01,2.235463300854395319e-01,2.218826790021193318e-01,2.203072891332198691e-01,2.188218193151495738e-01,2.174277832199084659e-01,2.161265524427275209e-01,2.149193104238791008e-01,2.138070801179836611e-01,2.127907259770885351e-01,2.118709557416526834e-01,2.110482947606193704e-01,2.103231284353538066e-01,2.096956642373900004e-01,2.091659609129447872e-01,2.087339164106804534e-01,2.083992847415866434e-01,2.081616602025582741e-01,2.080204828198476408e-01,2.079750712539250035e-01,2.080245740645663144e-01,2.081680132718176646e-01,2.084042923420012239e-01,2.087321525772888042e-01,2.091502459597646135e-01,2.096570763244439972e-01,2.102510450389860619e-01
3.919159366632395947e-01,3.916464911021030337e-01,3.914163182767840810e-01,3.912258797920820097e-01,3.910754517653877715e-01,3.909651926707289338e-01,3.908951180215509691e-01,3.908650805285909247e-01,3.908748179925346511e-01,3.909239006145556194e-01,3.910117754781597954e-01,3.911377591553957256e-01,3.913010090890302606e-01,3.915005693510354989e-01,3.917353585252308923e-01,3.920041718566284472e-01,3.923056716354627049e-01,3.926384165914068025e-01,3.930008522086603229e-01,3.933913154118570121e-01,3.938080464293243765e-01,3.942492014268721423e-01,3.947128342951364832e-01,3.951969230509621567e-01,3.956993740515609703e-01,3.962180163964214574e-01,3.967506361550822147e-01,3.972949445547850345e-01,3.978486205399041631e-01,3.984092997810309011e-01,3.989745911431161751e-01,3.995420629751241237e-01,4.001092991744893412e-01,4.006738367035320714e-01,4.012332422468787851e-01,4.017850800913412845e-01,4.023269190052166655e-01,4.028563708123986675e-01,4.033710672193116520e-01,4.038686654983756341e-01,4.043468967392421787e-01,4.048035194308605145e-01,4.052363690704437471e-01,4.056433411956270052e-01,4.060223958752942064e-01,4.063715878480785304e-01,4.066890542266590747e-01,4.069730347666170034e-01,4.072218470446782868e-01,4.074339238907530580e-01,4.076078253856069145e-01,4.077421822561642095e-01,4.078357892290844777e-01,4.078875421620696828e-01,4.078964632164845949e-01,4.078617262310221259e-01,4.077826037698407124e-01,4.076585440121831549e-01,4.074890897960425362e-01,4.072739748947304395e-01,4.070130395202003482e-01,4.067062823811913308e-01,4.063538466565250751e-01,4.059560064962458026e-01,4.055131971521732659e-01,4.050259907810443982e-01,4.044950973316352449e-01,4.039213825200058672e-01,4.033058382146923471e-01,4.026496036041820048e-01,4.019539327646305948e-01,4.012202391325477291e-01,4.004500439830179781e-01,3.996450043164527788e-01,3.988068831059521924e-01,3.979375838418587885e-01,3.970390978068700782e-01,3.961135211298689729e-01,3.951630548912519192e-01,3.941900162069152391e-01,3.931967741754472945e-01,3.921857957419672136e-01,3.911596298655149462e-01,3.901208755884589263e-01,3.890722004265147471e-01,3.880163254998671984e-01,3.869560164620321485e-01,3.858940883134026612e-01,3.848333655546758991e-01,3.837767061927253587e-01,3.827269730490911459e-01,3.816870531307541281e-01,3.806598082574225717e-01,3.796481189472612483e-01,3.786548137290073335e-01,3.776827047101345425e-01,3.767346008713408079e-01,3.758132109549852107e-01,3.749212363593246722e-01,3.740613076337601095e-01,3.732359940946533006e-01,3.724477773324896823e-01,3.716990676608672439e-01,3.709921791590689022e-01,3.703293544249205427e-01,3.697126876869966106e-01,3.691442247484008621e-01,3.686258520606640054e-01,3.681593404873726993e-01,3.677463542084054016e-01,3.673884220645483589e-01,3.670869106220703282e-01,3.668430927571936229e-01,3.666580466655419701e-01,3.665327449374964908e-01,3.664679836793052203e-01,3.664644081256144270e-01,3.665225023447480357e-01,3.666426264404744617e-01,3.668249263320869646e-01,3.670694188789450085e-01,3.673759602330350926e-01,3.677442286024617535e-01,3.681737510125637214e-01,3.686638850075644180e-01,3.692138328003594094e-01,3.698226270056073628e-01,3.704891643350413100e-01,3.712121612392724757e-01,3.719901972606827201e-01,3.728216984216494168e-01,3.737049407491778164e-01,3.746380796595455975e-01,3.756191042502453614e-01,3.766458883974705962e-01,3.777161801812532471e-01,3.788276028330019862e-01,3.799776582660891466e-01,3.811637556367978297e-01,3.823831758924449709e-01,3.836331409196321873e-01,3.849107629527449559e-01,3.862130680053084686e-01,3.875370215540135388e-01,3.888795191086291680e-01,3.902373902544573614e-01,3.916074504947295587e-01,3.929864315456853552e-01,3.943710676695155737e-01,3.957580465866649688e-01,3.971440647808397451e-01,3.985257945606840435e-01,3.998999160527049179e-01,4.012631385727337130e-01,4.026121852327642081e-01,4.039437800248966148e-01,4.052547614198311887e-01,4.065419318417795580e-01,4.078022078530111338e-01,4.090325546797710654e-01,4.102299984650881193e-01,4.113916832554450065e-01,4.125148057622890496e-01,4.135966993790260449e-01,4.146347605479252518e-01,4.156265339715556895e-01,4.165696761345958343e-01,4.174619621955599769e-01,4.183013192152985615e-01,4.190857924267941126e-01,4.198135874315696014e-01,4.204830790091264592e-01,4.210927512781183490e-01,4.216412807932916618e-01,4.221275185812373154e-01,4.225504558454156734e-01,4.229092837044112208e-01,4.232033367225396803e-01,4.234321690050789067e-01,4.235954746578923236e-01,4.236931534531959143e-01,4.237252661482305838e-01,4.236920906494814898e-01,4.235940350229567830e-01,4.234317373283624231e-01,4.232059974701860572e-01,4.229177803730481133e-01,4.225682637842281264e-01,4.221587543249804009e-01,4.216907734516744388e-01,4.211659937527212905e-01,4.205862394111586910e-01,4.199535132534510939e-01,4.192699790018676320e-01,4.185379282389052880e-01,4.177597990163650632e-01,4.169381988472423695e-01,4.160758447661422332e-01,4.151755683542212028e-01,4.142403518040985166e-01,4.132732558776720522e-01,4.122774796347995485e-01,4.112562732115593311e-01,4.102130073993050519e-01,4.091511207105525960e-01,4.080741347740490799e-01,4.069855939131830080e-01,4.058891523806457124e-01,4.047884428821281189e-01,4.036871664694965944e-01,4.025890481393646914e-01,4.014978009095259148e-01,4.004171831433441797e-01,3.993508908480438158e-01,3.983026334599831797e-01,3.972761055555227294e-01,3.962749456213128796e-01,3.953027414834641706e-01,3.943630318777117116e-01,3.934592874547581665e-01,3.925949068058699476e-01,3.917732076635980776e-01,3.909973893577050053e-01,3.902705747576806772e-01,3.895957640942017131e-01,3.889758396357111403e-01,3.884135467351716442e-01,3.879115019446469637e-01,3.874721696465114329e-01,3.870978703302984103e-01,3.867907734774330142e-01,3.865528684419552441e-01,3.863859713594917089e-01,3.862917430480539704e-01,3.862716360420505035e-01,3.863269526230061479e-01,3.864587629392808865e-01,3.866679699640121481e-01,3.869552694038254081e-01,3.873211486047425933e-01,3.877659160385546477e-01,3.882896520822460285e-01,3.888922403490461255e-01,3.895733545314234991e-01,3.903324762877767307e-01,3.911688422891708150e-01,3.920815241530128392e-01,3.930693698857179452e-01,3.941310319785858995e-01,3.952649483190608382e-01,3.964693679693415684e-01,3.977423580571086137e-01,3.990817685172674545e-01,4.004852897136433332e-01,4.019504091657682965e-01,4.034744529763867882e-01,4.050545728197744166e-01,4.066877702210864309e-01,4.083708505926045285e-01,4.101005115418637770e-01,4.118732904726231103e-01,4.136855931753976034e-01,4.155337002795954637e-01,4.174137592171596189e-01,4.193218331295416323e-01,4.212538708919877917e-01,4.232057289078804407e-01,4.251732013934558796e-01,4.271519981155670331e-01,4.291377717196671604e-01,4.311261154676691576e-01,4.331125857318514072e-01,4.350927372158946427e-01,4.370620676599060173e-01,4.390161014128709516e-01,4.409503357565728310e-01,4.428602978054506645e-01,4.447415534670304260e-01,4.465896838081729325e-01,4.484003067391837960e-01,4.501691494117996961e-01,4.518919497397155260e-01,4.535645446200124997e-01,4.551828791862465584e-01,4.567429545773106225e-01,4.582409279600911378e-01,4.596730497970444862e-01,4.610356923738377910e-01,4.623253739086682357e-01,4.635387703973525286e-01,4.646726814450141685e-01,4.657240911356750890e-01,4.666901379887177237e-01,4.675681556753435997e-01,4.683556384699615882e-01,4.690502895258978899e-01,4.696500035463913036e-01,4.701528564075471150e-01,4.705571464911974533e-01,4.708613995525048890e-01,4.710643112642594610e-01,4.711648320055971118e-01,4.711621061900164720e-01,4.710555402016771698e-01,4.708447181019745909e-01,4.705294760147042954e-01,4.701098755809327012e-01,4.695861972750893232e-01,4.689589592524488482e-01,4.682288924361236448e-01,4.673969438854382319e-01,4.664643328592459892e-01,4.654324307620103518e-01,4.643028691865086488e-01,4.630774828488510297e-01,4.617582954644015580e-01,4.603475905136663604e-01,4.588477720079939259e-01,4.572615098587243798e-01,4.555916164229419918e-01,4.538410988458175255e-01,4.520131492023551911e-01,4.501111099297000484e-01,4.481385012170544524e-01,4.460989640835200110e-01,4.439963313798220845e-01,4.418345132074532056e-01,4.396175840994165362e-01,4.373497181769591680e-01,4.350352033293442000e-01,4.326784163347408008e-01,4.302838326395661550e-01,4.278559731132655641e-01,4.253994598751566492e-01,4.229189346602592603e-01,4.204191221472665663e-01,4.179047498363307467e-01,4.153805686495368188e-01,4.128513509104200785e-01,4.103218688010198401e-01,4.077968795871818597e-01,4.052811090675940697e-01,4.027792661530706919e-01,4.002960039530429892e-01,3.978359242891986169e-01,3.954035716765071928e-01,3.930034133697265508e-01,3.906398134689071933e-01,3.883170629308742017e-01,3.860393501937269822e-01,3.838107246602039391e-01,3.816351458111999495e-01,3.795164037367672605e-01,3.774581876547336012e-01,3.754640089614528775e-01,3.735372379293647738e-01,3.716810845108240446e-01,3.698985738256488354e-01,3.681925757903264929e-01,3.665657553074567199e-01,3.650206124463965529e-01,3.635594362204240260e-01,3.621843301226805867e-01,3.608972053767711685e-01,3.596997318603096794e-01,3.585934219786713339e-01,3.575795458470238386e-01,3.566591644580596188e-01,3.558331340385805786e-01,3.551021029240063465e-01,3.544664762127902602e-01,3.539264829893882247e-01,3.534821176713294211e-01,3.531331429956381385e-01,3.528791563953703192e-01,3.527195082745145371e-01,3.526533716461815460e-01,3.526796831945716026e-01,3.527972213908914245e-01,3.530045260170993626e-01,3.532999802605610862e-01,3.536817832608990519e-01,3.541479217463704421e-01,3.546962367107361902e-01,3.553244091103546776e-01,3.560299299737800793e-01,3.568101616278018806e-01,3.576623080243072073e-01,3.585834394161000471e-01,3.595704859245778540e-01,3.606202887860319173e-01,3.617295313547750357e-01,3.628948222457669681e-01,3.641126695276515890e-01,3.653794962452404649e-01,3.666916265560004051e-01,3.680453702400776628e-01,3.694369222144184284e-01,3.708624583900839156e-01,3.723181231935480673e-01,3.738000196875935210e-01,3.753042368397561113e-01,3.768268646966798641e-01,3.783639731304028198e-01,3.799116725202040246e-01,3.814660809129880037e-01,3.830233438264012413e-01,3.845796517051802699e-01,3.861312395768474737e-01,3.876744151057077148e-01,3.892055396821657576e-01,3.907210701623516358e-01,3.922175189991269906e-01,3.936915123693608409e-01,3.951397763369737803e-01,3.965591574330643576e-01,3.979465727691888777e-01,3.992991148794257650e-01,4.006139729615846301e-01,4.018884785154384076e-01,4.031201267674070499e-01,4.043065136349019428e-01,4.054454241666573533e-01,4.065347777990264699e-01,4.075726836279600640e-01,4.085573605913198625e-01,4.094872504934012891e-01
2.159378444143720821e-01,2.161309295550230269e-01,2.162722718706885094e-01,2.163613759249888302e-01,2.163978203592722971e-01,2.163812889991273969e-01,2.163115370230439816e-01,2.161884292388992213e-01,2.160119025327825459e-01,2.157819853588077430e-01,2.154988027645438065e-01,2.151625454904712575e-01,2.147735087172098212e-01,2.143320492891871154e-01,2.138386249878452272e-01,2.132937510534859138e-01,2.126980366132291689e-01,2.120521510252035280e-01,2.113568479852968029e-01,2.106129417390771863e-01,2.098213109976590218e-01,2.089829060699751884e-01,2.080987381410334125e-01,2.071698730643518338e-01,2.061974422907643933e-01,2.051826087679040067e-01,2.041266165451269543e-01,2.030307314939567287e-01,2.018962751330052874e-01,2.007246056437223813e-01,1.995171230252241745e-01,1.982752600414591504e-01,1.970004751548457000e-01,1.956942734385137550e-01,1.943581657814604513e-01,1.929936997635627316e-01,1.916024263692275298e-01,1.901859251256142191e-01,1.887457899122942928e-01,1.872836218744343140e-01,1.858010178166535631e-01,1.842995946212920011e-01,1.827809633908880349e-01,1.812467399549267943e-01,1.796985312323377826e-01,1.781379264901734871e-01,1.765665277590985072e-01,1.749859051450145808e-01,1.733976367668267904e-01,1.718032649249829902e-01,1.702043180781770693e-01,1.686023065996047898e-01,1.669987203969085510e-01,1.653950204301394278e-01,1.637926459380210642e-01,1.621929938493854584e-01,1.605974593847314669e-01,1.590073864369734857e-01,1.574240902400733666e-01,1.558488486347604229e-01,1.542829158595867278e-01,1.527275017490910547e-01,1.511837863577178420e-01,1.496529069770685116e-01,1.481359668848081512e-01,1.466340409582010673e-01,1.451481385073720154e-01,1.436792485725605639e-01,1.422283258342942891e-01,1.407962857859735573e-01,1.393839803918817399e-01,1.379922569649648656e-01,1.366218997786622369e-01,1.352736614064554421e-01,1.339482634138582096e-01,1.326463787421151286e-01,1.313686471396972033e-01,1.301156821893363902e-01,1.288880376659017890e-01,1.276862611521255852e-01,1.265108418171806415e-01,1.253622482329817267e-01,1.242409141944522538e-01,1.231472386242919437e-01,1.220815909471581195e-01,1.210443113528087977e-01,1.200357155298758388e-01,1.190560801192755841e-01,1.181056674463086681e-01,1.171847099442150514e-01,1.162934070098310124e-01,1.154319455757620710e-01,1.146004943648297192e-01,1.137991854589284896e-01,1.130281376926949299e-01,1.122874513762085330e-01,1.115772070211544786e-01,1.108974762756020777e-01,1.102483026420218032e-01,1.096297203847347440e-01,1.090417445058068646e-01,1.084843864103263167e-01,1.079576261084908284e-01,1.074614518888833414e-01,1.069958306918180335e-01,1.065607195520352907e-01,1.061560628837678044e-01,1.057818047066467620e-01,1.054378607340386159e-01,1.051241612358995992e-01,1.048406148215484252e-01,1.045871207558017046e-01,1.043635760042019578e-01,1.041698637428037366e-01,1.040058649148570824e-01,1.038714491664486789e-01,1.037664811600241960e-01,1.036908230260914499e-01,1.036443112730425775e-01,1.036267868891274507e-01,1.036380875424004477e-01,1.036780309956792517e-01,1.037464362034626747e-01,1.038430974916107336e-01,1.039678075963019338e-01,1.041203583624784879e-01,1.043005164291217757e-01,1.045080426403449947e-01,1.047426841519450424e-01,1.050041789970418138e-01,1.052922457514298971e-01,1.056065885200998394e-01,1.059469065673916410e-01,1.063128673320835188e-01,1.067041326111888427e-01,1.071203477918278718e-01,1.075611343655075713e-01,1.080260971648569074e-01,1.085148233685275798e-01,1.090268767485700202e-01,1.095617994505048709e-01,1.101191185286982954e-01,1.106983322443829132e-01,1.112989170708599540e-01,1.119203287294881083e-01,1.125619927783360619e-01,1.132233215865280918e-01,1.139036855380400615e-01,1.146024520470175778e-01,1.153189368429561046e-01,1.160524487066594140e-01,1.168022661139831303e-01,1.175676379745938804e-01,1.183477883365947614e-01,1.191419162682762628e-01,1.199491892583179897e-01,1.207687567519563354e-01,1.215997363724123509e-01,1.224412226399098219e-01,1.232922907099240073e-01,1.241519763012997046e-01,1.250193031618701545e-01,1.258932731978982256e-01,1.267728581407591149e-01,1.276570125308215398e-01,1.285446755109537764e-01,1.294347554618708318e-01,1.303261581171901440e-01,1.312177574500626165e-01,1.321084154619069362e-01,1.329969910174716996e-01,1.338823232575412081e-01,1.347632385617254791e-01,1.356385510797770977e-01,1.365070807729788227e-01,1.373676360455646783e-01,1.382190167707748052e-01,1.390600316553431137e-01,1.398894852319629289e-01,1.407061836040783831e-01,1.415089421113005508e-01,1.422965748019422161e-01,1.430679287393030741e-01,1.438218313648319813e-01,1.445571606133558562e-01,1.452727751310577686e-01,1.459675867674407046e-01,1.466405038098654579e-01,1.472904814828800979e-01,1.479164839483416982e-01,1.485175188494487486e-01,1.490926184912001740e-01,1.496408555080190883e-01,1.501613346646942515e-01,1.506532051190725696e-01,1.511156623192340120e-01,1.515479364670310747e-01,1.519493145253416055e-01,1.523191260431837335e-01,1.526567589339022091e-01,1.529616499376772742e-01,1.532332975531190966e-01,1.534712540581800733e-01,1.536751319289589857e-01,1.538446120661056127e-01,1.539794251953245929e-01,1.540793847015661522e-01,1.541443525328637654e-01,1.541742749917277555e-01,1.541691598836647525e-01,1.541290903151037450e-01,1.540542138525754501e-01,1.539447564974318616e-01,1.538010117747115046e-01,1.536233525506387476e-01,1.534122282406333027e-01,1.531681520069641533e-01,1.528917221542394622e-01,1.525836010739702875e-01,1.522445354867486278e-01,1.518753447488567776e-01,1.514769119252343810e-01,1.510502062417041214e-01,1.505962522689717753e-01,1.501161578214511849e-01,1.496110977399921493e-01,1.490823065018705706e-01,1.485310963950486618e-01,1.479588380944100723e-01,1.473669646348677864e-01,1.467569675739832658e-01,1.461304021287306576e-01,1.454888738420283822e-01,1.448340476742343286e-01,1.441676289292977697e-01,1.434913806499452382e-01,1.428070990317294731e-01,1.421166337890945319e-01,1.414218677175385075e-01,1.407247184830737186e-01,1.400271352320900942e-01,1.393310860385084671e-01,1.386385787773954381e-01,1.379516206675148182e-01,1.372722599773609498e-01,1.366025390238088666e-01,1.359445110262822443e-01,1.353002367684285889e-01,1.346717712682735657e-01,1.340611694250704311e-01,1.334704716421393211e-01,1.329017149633401340e-01,1.323569081193223806e-01,1.318380463371617850e-01,1.313470864506947611e-01,1.308859662275254077e-01,1.304565841180150565e-01,1.300607976531964749e-01,1.297004228121893254e-01,1.293772280252259432e-01,1.290929276704616269e-01,1.288491762664239204e-01,1.286475812956119347e-01,1.284896689598887254e-01,1.283769114876265882e-01,1.283107076913954647e-01,1.282923696533085911e-01,1.283231382223403161e-01,1.284041808364566606e-01,1.285365720409077650e-01,1.287212901969892742e-01,1.289592445706408685e-01,1.292512256877144106e-01,1.295979387078407541e-01,1.300000001310149811e-01,1.304579106504682173e-01,1.309720742538438287e-01,1.315427974930359900e-01,1.321702624389716751e-01,1.328545638115312677e-01,1.335956756796704004e-01,1.343934702929996117e-01,1.352477065801091505e-01,1.361580353656348663e-01,1.371239923167432984e-01,1.381449957790477634e-01,1.392203814958514752e-01,1.403493463575630762e-01,1.415309888440935693e-01,1.427643031886408898e-01,1.440481735452893430e-01,1.453813683476023466e-01,1.467625721331287381e-01,1.481903565649134724e-01,1.496631938583900812e-01,1.511794540645730878e-01,1.527374200699663231e-01,1.543352806877625605e-01,1.559711403577346556e-01,1.576430021649482816e-01,1.593488016274419994e-01,1.610863921136906629e-01,1.628535466726387382e-01,1.646479706241371632e-01,1.664672985547360207e-01,1.683091148513351232e-01,1.701709278050805851e-01,1.720502061923448456e-01,1.739443579564401432e-01,1.758507519542747144e-01,1.777667276716021483e-01,1.796895680622929425e-01,1.816165447380271303e-01,1.835449011605004566e-01,1.854718656476258276e-01,1.873946405409946114e-01,1.893104351055429624e-01,1.912164473402443443e-01,1.931098842609600408e-01,1.949879589480745801e-01,1.968478989956461422e-01,1.986869465665112855e-01,2.005023811800376587e-01,2.022914991002512930e-01,2.040516450352190259e-01,2.057801996671536626e-01,2.074745855283517681e-01,2.091322834369372385e-01,2.107508383574629718e-01,2.123278421991871556e-01,2.138609625591096353e-01,2.153479403388715574e-01,2.167865830438699959e-01,2.181747923274401368e-01,2.195105520999348081e-01,2.207919233592344765e-01,2.220170718002299759e-01,2.231842684781352171e-01,2.242918670772690859e-01,2.253383301940546368e-01,2.263222438894459676e-01,2.272422857911735039e-01,2.280972528461181204e-01,2.288860615660345821e-01,2.296077479040768698e-01,2.302614557759161962e-01,2.308464703600597578e-01,2.313621896910360298e-01,2.318081226168671738e-01,2.321839362944620733e-01,2.324893972609110848e-01,2.327244142763443269e-01,2.328890148425566409e-01,2.329833609678760853e-01,2.330077431007098465e-01,2.329625680637865404e-01,2.328483775275506096e-01,2.326658367574643282e-01,2.324157372874882943e-01,2.320989910380441834e-01,2.317166295643352802e-01,2.312697982227996940e-01,2.307597604820578741e-01,2.301879087786302125e-01,2.295557241632951717e-01,2.288648087885163662e-01,2.281168637878711880e-01,2.273136853278271141e-01,2.264571927336934687e-01,2.255493622654942687e-01,2.245922869784762188e-01,2.235881320577833564e-01,2.225391579984878632e-01,2.214476786885760662e-01,2.203160989785183099e-01,2.191468818461648760e-01,2.179425486400480005e-01,2.167056980628174756e-01,2.154389436645129663e-01,2.141449775696559477e-01,2.128265143658607250e-01,2.114863228651905624e-01,2.101271735241479754e-01,2.087518757916762280e-01,2.073632646991250550e-01,2.059641706350494317e-01,2.045574475100446765e-01,2.031459438009681484e-01,2.017324856488365847e-01,2.003199225320325683e-01,1.989110635631819723e-01,1.975087003036004873e-01,1.961156026242262818e-01,1.947345047349028913e-01,1.933680981846533919e-01,1.920190450394604897e-01,1.906899368993943134e-01,1.893833408493875992e-01,1.881017284818658208e-01,1.868475420389986708e-01,1.856231339303551775e-01,1.844308009204534970e-01,1.832727422161644082e-01,1.821510967859031604e-01,1.810678975823901415e-01,1.800251100043534502e-01,1.790245815868324597e-01,1.780680909641446652e-01,1.771573010527685565e-01,1.762937734858406047e-01,1.754789685317373615e-01,1.747142339013895151e-01,1.740008135269893452e-01,1.733398419229020271e-01,1.727323217362997931e-01,1.721791636263484970e-01,1.716811444047090518e-01,1.712389344431241578e-01,1.708530704717372561e-01,1.705239891216555337e-01,1.702519905820677748e-01,1.700372688424157952e-01,1.698798914446438824e-01,1.697798050855590934e-01,1.697368383597331887e-01,1.697507042665382104e-01,1.698210073052910940e-01
6.948361940609423804e-02,6.959779613366444406e-02,6.971115508976921671e-02,6.982388363979794010e-02,6.993615639470872336e-02,7.004815168434626316e-02,7.016003148318310234e-02,7.027195596896135266e-02,7.038407760365524013e-02,7.049653866291118176e-02,7.060947266971796810e-02,7.072300882677730327e-02,7.083726380021930502e-02,7.095234675798221813e-02,7.106835755241025510e-02,7.118538710346472564e-02,7.130351680642525725e-02,7.142281653524708285e-02,7.154335108163020762e-02,7.166517112428455460e-02,7.178832226469951394e-02,7.191283948591717379e-02,7.203874499823312294e-02,7.216605575231610503e-02,7.229477948532310461e-02,7.242491409247255041e-02,7.255645454269567252e-02,7.268937693742422157e-02,7.282365852085093127e-02,7.295926584713779972e-02,7.309615885812091596e-02,7.323428786441660288e-02,7.337360380470484000e-02,7.351404419930337997e-02,7.365554588591731455e-02,7.379803762126765920e-02,7.394144366927600520e-02,7.408568728190205455e-02,7.423068127448072262e-02,7.437634507435122999e-02,7.452258389461328958e-02,7.466930880227179435e-02,7.481642512529922129e-02,7.496383955318089432e-02,7.511145477116548674e-02,7.525917411294928694e-02,7.540690130250306267e-02,7.555454075219998622e-02,7.570199369719636528e-02,7.584916822383984403e-02,7.599597159346477282e-02,7.614231185206589425e-02,7.628810218024022205e-02,7.643325407100562408e-02,7.657768614626885018e-02,7.672131895300592086e-02,7.686407607446024692e-02,7.700588656864482129e-02,7.714667890696606800e-02,7.728639147938237697e-02,7.742496448582313062e-02,7.756234222830704628e-02,7.769847635223073312e-02,7.783331873075638452e-02,7.796682852568104227e-02,7.809897410472857460e-02,7.822971787458060655e-02,7.835903844923144956e-02,7.848690955520941370e-02,7.861331937489016153e-02,7.873824763990822095e-02,7.886169439429742412e-02,7.898364984854978899e-02,7.910411442389093939e-02,7.922308979442901911e-02,7.934058496235606162e-02,7.945660766166316724e-02,7.957116741875137900e-02,7.968428087371376423e-02,7.979596587205460556e-02,7.990623690513246058e-02,8.001511627375977598e-02,8.012261744603584035e-02,8.022876935020123446e-02,8.033358013512686968e-02,8.043707682563000505e-02,8.053927307385792822e-02,8.064018483644169732e-02,8.073982771189378016e-02,8.083820784734989384e-02,8.093533470982576528e-02,8.103121054175034532e-02,8.112583700434922163e-02,8.121920698505225023e-02,8.131130351884760521e-02,8.140211793637192050e-02,8.149161993664218173e-02,8.157978194577701625e-02,8.166656287255345814e-02,8.175191938476376874e-02,8.183579321454421962e-02,8.191812688578156698e-02,8.199884368083919239e-02,8.207786283898967084e-02,8.215509052737532403e-02,8.223043005795918625e-02,8.230376227828462010e-02,8.237496653699370730e-02,8.244390930285117047e-02,8.251044597324361241e-02,8.257441717403228576e-02,8.263565411853587839e-02,8.269397972907810423e-02,8.274920001163238448e-02,8.280111346768272151e-02,8.284950489328535284e-02,8.289414739379762087e-02,8.293480570275280073e-02,8.297122775846457743e-02,8.300315550941338161e-02,8.303031966363928762e-02,8.305244032717494507e-02,8.306922174451684959e-02,8.308036949980639185e-02,8.308556984396528455e-02,8.308450594779266674e-02,8.307685271816392381e-02,8.306227334359046754e-02,8.304043217862419612e-02,8.301097732277909480e-02,8.297355562012033448e-02,8.292781474096329319e-02,8.287338629049705030e-02,8.280991144919440383e-02,8.273701728013527212e-02,8.265433871574595637e-02,8.256150710774744217e-02,8.245815142535857512e-02,8.234390487214789112e-02,8.221840502938239370e-02,8.208128418851820540e-02,8.193219096712077432e-02,8.177076723541759629e-02,8.159667510432097592e-02,8.140957178585370158e-02,8.120913231800072629e-02,8.099503336647667640e-02,8.076697199273809302e-02,8.052464832898655056e-02,8.026778353965421942e-02,7.999610916508048675e-02,7.970937025067131865e-02,7.940733336655070307e-02,7.908977837018132950e-02,7.875650801603102658e-02,7.840734022740145082e-02,7.804211785568342108e-02,7.766070433816428531e-02,7.726298229090709790e-02,7.684886456618029993e-02,7.641828263681529898e-02,7.597119683018462022e-02,7.550759345862416427e-02,7.502748316863332156e-02,7.453090894651732967e-02,7.401793838959504213e-02,7.348866978963779217e-02,7.294322954256604596e-02,7.238177720263888615e-02,7.180450211252628612e-02,7.121162132955792534e-02,7.060338683284925199e-02,6.998008215731818527e-02,6.934202023385253877e-02,6.868954933619832171e-02,6.802304736616432423e-02,6.734292283346166030e-02,6.664962061303723873e-02,6.594361397198299224e-02,6.522540926023186192e-02,6.449554508846111478e-02,6.375458950826221050e-02,6.300313632777067296e-02,6.224182270348123380e-02,6.147130029012060071e-02,6.069226048379139371e-02,5.990541665126443427e-02,5.911150914700426945e-02,5.831131000394947084e-02,5.750560941893460148e-02,5.669522851392697071e-02,5.588100873622230125e-02,5.506381197981645437e-02,5.424452540434639841e-02,5.342404941639967986e-02,5.260330981853697518e-02,5.178324389685747681e-02,5.096480665494354523e-02,5.014896759042464930e-02,4.933670566214469477e-02,4.852901556750333079e-02,4.772689391501840767e-02,4.693135335190116997e-02,4.614340450818801842e-02,4.536406305606061062e-02,4.459435074614322148e-02,4.383528885824582860e-02,4.308789342787341936e-02,4.235317903690143104e-02,4.163215528670502485e-02,4.092582529392359281e-02,4.023518049361730214e-02,3.956120360579907375e-02,3.890486296745349765e-02,3.826711169242556082e-02,3.764888853661749191e-02,3.705110967229953423e-02,3.647467656240822170e-02,3.592045988746192520e-02,3.538931594386032775e-02,3.488206758879144193e-02,3.439951433305599160e-02,3.394241948747699772e-02,3.351152500483449426e-02,3.310753452208191339e-02,3.273111551559987342e-02,3.238290506786195566e-02,3.206349847569547190e-02,3.177345527939165470e-02,3.151329225267379686e-02,3.128348615746474187e-02,3.108447051592535398e-02,3.091663832302336476e-02,3.078033362059253569e-02,3.067585637351631297e-02,3.060346221321551610e-02,3.056335548539975550e-02,3.055569419851571905e-02,3.058058846110649903e-02,3.063809931252649277e-02,3.072823535465969008e-02,3.085095751926888660e-02,3.100617547971059457e-02,3.119375152702597020e-02,3.141349204138371709e-02,3.166515454528531781e-02,3.194844990405020652e-02,3.226303537988368941e-02,3.260851861011836161e-02,3.298445739783291419e-02,3.339036534416570806e-02,3.382570136578578329e-02,3.428987977641936857e-02,3.478227076148434488e-02,3.530219352764378538e-02,3.584892506574442056e-02,3.642170085263099488e-02,3.701971137788017535e-02,3.764210518696026186e-02,3.828799429279116512e-02,3.895644887867448503e-02,3.964650181747195884e-02,4.035715631696354389e-02,4.108737609149340497e-02,4.183609598555455833e-02,4.260221899532140588e-02,4.338462211102697696e-02,4.418215163597862677e-02,4.499363490960353595e-02,4.581787402807876997e-02,4.665365195854768998e-02,4.749973326642034643e-02,4.835486424144708889e-02,4.921778311590240679e-02,5.008721220688618775e-02,5.096186391590137865e-02,5.184044932400377198e-02,5.272166807276510575e-02,5.360422098478519193e-02,5.448680717188624650e-02,5.536813307063268019e-02,5.624690048264850695e-02,5.712182768334136962e-02,5.799163578846208700e-02,5.885506024708856559e-02,5.971084854714873991e-02,6.055776728889147864e-02,6.139459516790930771e-02,6.222013668579563783e-02,6.303321933775246633e-02,6.383268778827318191e-02,6.461742114484003707e-02,6.538632350450415687e-02,6.613832664593886912e-02,6.687240231246061040e-02,6.758754876040304338e-02,6.828280344608546326e-02,6.895723672140918747e-02,6.960996890587038688e-02,7.024014593287543351e-02,7.084696780869387256e-02,7.142967216753497162e-02,7.198754057523276684e-02,7.251989917463806667e-02,7.302612726272959820e-02,7.350564606498456721e-02,7.395792363226889876e-02,7.438248514217882246e-02,7.477889646735295937e-02,7.514677936706191941e-02,7.548580482226410759e-02,7.579569519935856758e-02,7.607622593484147933e-02,7.632722245681100581e-02,7.654856208329068046e-02,7.674017303054242456e-02,7.690204000925331129e-02,7.703419116037783787e-02,7.713671477743991312e-02,7.720974182205161962e-02,7.725345712063624859e-02,7.726809236958863403e-02,7.725393164178175065e-02,7.721130571791862129e-02,7.714059128514398622e-02,7.704220988457682884e-02,7.691662819975123022e-02,7.676436339573308731e-02,7.658596283906309032e-02,7.638202844445354800e-02,7.615318772897688993e-02,7.590012183001774992e-02,7.562353174259836552e-02,7.532416673367965665e-02,7.500280559311379991e-02,7.466025811900758868e-02,7.429736207310440321e-02,7.391498886038216920e-02,7.351402801397320663e-02,7.309540036305538224e-02,7.266004913800790110e-02,7.220893042164877595e-02,7.174302783966397812e-02,7.126333761549448476e-02,7.077086449766055443e-02,7.026663729662731284e-02,6.975168659456634779e-02,6.922705169638913858e-02,6.869378413681230533e-02,6.815293019534637842e-02,6.760554667372437043e-02,6.705268272333041180e-02,6.649539108712922142e-02,6.593471920242970075e-02,6.537170698807744096e-02,6.480738561296668643e-02,6.424278011434707281e-02,6.367889933891851539e-02,6.311674227531112458e-02,6.255728770713206432e-02,6.200150513634931915e-02,6.145033452627376297e-02,6.090470572462068632e-02,6.036551989035898041e-02,5.983365686290444130e-02,5.930997095386916079e-02,5.879529124578718874e-02,5.829041680272679243e-02,5.779612108494829037e-02,5.731314546440122865e-02,5.684219914973089732e-02,5.638396185462932197e-02,5.593907883030291989e-02,5.550815940226021261e-02,5.509178418270017918e-02,5.469048911699689319e-02,5.430478526183609572e-02,5.393513752957668217e-02,5.358197856036907986e-02,5.324570452911009388e-02,5.292667231705140002e-02,5.262519946326291165e-02,5.234157203213905818e-02,5.207602848934506090e-02,5.182877980581267890e-02,5.159999441211806509e-02,5.138980195513082050e-02,5.119829833396456753e-02,5.102554021087346570e-02,5.087155140058804981e-02,5.073631920404950146e-02,5.061979009844311955e-02,5.052188741243731490e-02,5.044248776230117470e-02,5.038144919254624460e-02,5.033858791666419308e-02,5.031369112209883865e-02,5.030651589652039568e-02,5.031679507983764787e-02,5.034422839122720816e-02,5.038848980407930472e-02,5.044923154571692714e-02,5.052607685128043119e-02,5.061862657517675335e-02,5.072646414844887014e-02,5.084914678772894936e-02,5.098621810444942115e-02,5.113720234795998687e-02,5.130160402387873991e-02,5.147891397922766538e-02,5.166861737369334712e-02,5.187017508037875674e-02,5.208304641895589171e-02,5.230667890947929277e-02,5.254050965321725025e-02,5.278397429160439080e-02,5.303649972980174765e-02,5.329750927420366657e-02,5.356642981158565159e-02,5.384268078436127425e-02,5.412568380048259076e-02,5.441486288859054971e-02,5.470964923575003663e-02,5.500947131323117439e-02,5.531376895666428178e-02,5.562198680895120984e-02,5.593357818921895069e-02
1.273029678829251665e-01,1.268399110464570601e-01,1.264422236191802551e-01,1.261109670585875975e-01,1.258470834633612367e-01,1.256513725430351003e-01,1.255245125928926286e-01,1.254670508207395563e-01,1.254793779614734595e-01,1.255617772577166391e-01,1.257143747688364566e-01,1.259371734055348691e-01,1.262300250006531677e-01,1.265926605460175047e-01,1.270246602124130708e-01,1.275254784839714994e-01,1.280944330309125578e-01,1.287307157890475728e-01,1.294333722317364543e-01,1.302013404846339983e-01,1.310334184777522948e-01,1.319282850902147308e-01,1.328845049389035249e-01,1.339005223907018538e-01,1.349746689330531269e-01,1.361051682902963134e-01,1.372901423357414663e-01,1.385276066446889665e-01,1.398154823627388854e-01,1.411516135899273938e-01,1.425337386975975840e-01,1.439595301417182227e-01,1.454265820526995379e-01,1.469324146813540954e-01,1.484744846863297607e-01,1.500501928105202332e-01,1.516568905904881193e-01,1.532918803876841818e-01,1.549524240951851428e-01,1.566357473315991011e-01,1.583390528364328753e-01,1.600595210343066510e-01,1.617943051795967258e-01,1.635405740948713271e-01,1.652954639950991178e-01,1.670561386537143533e-01,1.688197508131997204e-01,1.705834922646589646e-01,1.723445441230879172e-01,1.741001497409583043e-01,1.758475621861172178e-01,1.775840806549734419e-01,1.793070453446336532e-01,1.810138493144667349e-01,1.827019368108468433e-01,1.843688215890497972e-01,1.860120672258013808e-01,1.876293229381361949e-01,1.892182890499731207e-01,1.907767703374008694e-01,1.923026386928254894e-01,1.937938553259823393e-01,1.952484638443052201e-01,1.966646178354277963e-01,1.980405516054145332e-01,1.993746008478498033e-01,2.006652058874720534e-01,2.019109085408593574e-01,2.031103545732866333e-01,2.042622951446372848e-01,2.053656049499475167e-01,2.064192442545380868e-01,2.074222954925094287e-01,2.083739642845280349e-01,2.092735435949562850e-01,2.101204474205640993e-01,2.109142133681311537e-01,2.116544673730190174e-01,2.123409576691164813e-01,2.129735466995348048e-01,2.135521774425115371e-01,2.140769369003212574e-01,2.145479784150110814e-01,2.149655763523174168e-01,2.153301003359086863e-01,2.156420101163570024e-01,2.159018810278922340e-01,2.161103384017681595e-01,2.162681370723139873e-01,2.163760866853760290e-01,2.164350861200623755e-01,2.164461099583682158e-01,2.164102155325029475e-01,2.163285020291268179e-01,2.162021596949808278e-01,2.160324224743681298e-01,2.158205918927981748e-01,2.155680034601282768e-01,2.152760575293571621e-01,2.149461853857322913e-01,2.145798519173306440e-01,2.141785697891454288e-01,2.137438531138787234e-01,2.132772697096365355e-01,2.127803820609763252e-01,2.122547716621484559e-01,2.117020334082206912e-01,2.111237616550717122e-01,2.105215568981953500e-01,2.098970075039908456e-01,2.092516883304353648e-01,2.085871740184390422e-01,2.079050085520799396e-01,2.072067252815184557e-01,2.064938271223711597e-01,2.057677747054730000e-01,2.050300149963403817e-01,2.042819411035146360e-01,2.035249237771051267e-01,2.027602772439991707e-01,2.019892714701046477e-01,2.012131335790820763e-01,2.004330330542821448e-01,1.996500863715747753e-01,1.988653633982315205e-01,1.980798577418607653e-01,1.972945295115139386e-01,1.965102540793063901e-01,1.957278604784809806e-01,1.949481122476543205e-01,1.941717038498733672e-01,1.933992706122409089e-01,1.926313837832506759e-01,1.918685517908678140e-01,1.911112153530141466e-01,1.903597645254820614e-01,1.896145035239984455e-01,1.888757092339611587e-01,1.881435589217104465e-01,1.874182058696873543e-01,1.866997193505026964e-01,1.859881323702955447e-01,1.852834221971304540e-01,1.845855061753709225e-01,1.838942572504767281e-01,1.832095089527435716e-01,1.825310357841977982e-01,1.818585927970451377e-01,1.811918732214632399e-01,1.805305656193953723e-01,1.798743050450425374e-01,1.792227026790585431e-01,1.785753435379675846e-01,1.779318136930269356e-01,1.772916566000563021e-01,1.766544119293574078e-01,1.760196204519431928e-01,1.753867982665437975e-01,1.747554711273443251e-01,1.741251767653267946e-01,1.734954365469310866e-01,1.728658009930485739e-01,1.722358295386157423e-01,1.716050945495884994e-01,1.709731939885748564e-01,1.703397466080174560e-01,1.697044131956929325e-01,1.690668742826750282e-01,1.684268441270177774e-01,1.677840843104924373e-01,1.671383981058219836e-01,1.664896226118910416e-01,1.658376668908967955e-01,1.651824592583332751e-01,1.645240113568788298e-01,1.638623620630587363e-01,1.631976358203240107e-01,1.625299948120055293e-01,1.618596781166702636e-01,1.611869765458069648e-01,1.605122495909507008e-01,1.598359277412969293e-01,1.591584991900398816e-01,1.584805209305334694e-01,1.578026215698946633e-01,1.571254970646512317e-01,1.564499033364214753e-01,1.557766724715934636e-01,1.551067059204450094e-01,1.544409538445451480e-01,1.537804480762993420e-01,1.531262802080296803e-01,1.524796000580588007e-01,1.518416169313721031e-01,1.512136071265726689e-01,1.505968881690548378e-01,1.499928499803247217e-01,1.494029131087117879e-01,1.488285618002233024e-01,1.482713078994964129e-01,1.477327295977974853e-01,1.472144158348825949e-01,1.467180059641501888e-01,1.462451735782878959e-01,1.457976008221036901e-01,1.453769944523616298e-01,1.449851064996710570e-01,1.446236605595052349e-01,1.442944199654732640e-01,1.439991363069413055e-01,1.437395645540202049e-01,1.435174493732594980e-01,1.433345289260802013e-01,1.431925278868718399e-01,1.430931410114706370e-01,1.430380426086651779e-01,1.430288757289054635e-01,1.430672360236801555e-01,1.431546999601929493e-01,1.432927710288636469e-01,1.434829189086925805e-01,1.437265500341243230e-01,1.440250087427239201e-01,1.443795701687876076e-01,1.447914390374424043e-01,1.452617518995120705e-01,1.457915568926800853e-01,1.463818139273076746e-01,1.470334063488427101e-01,1.477471108783341147e-01,1.485236141733866644e-01,1.493635071566279393e-01,1.502672585784237957e-01,1.512352510157769225e-01,1.522677471716298581e-01,1.533648958073492719e-01,1.545267376812182458e-01,1.557531803788189118e-01,1.570440277802573892e-01,1.583989578193826797e-01,1.598175145483206605e-01,1.612991332404090927e-01,1.628431181709762421e-01,1.644486493211027023e-01,1.661147814581766247e-01,1.678404347073492175e-01,1.696244204144836121e-01,1.714654072366793292e-01,1.733619557829425839e-01,1.753124933973727873e-01,1.773153341583506015e-01,1.793686708917038020e-01,1.814705736600029651e-01,1.836190074909581638e-01,1.858118216903497100e-01,1.880467541254911279e-01,1.903214465309816528e-01,1.926334266799201445e-01,1.949801416451764913e-01,1.973589294566452379e-01,1.997670428070887627e-01,2.022016542153250995e-01,2.046598605741232757e-01,2.071386862456099931e-01,2.096350656443142224e-01,2.121458996503795824e-01,2.146680100307202521e-01,2.171981725071609470e-01,2.197331237891262667e-01,2.222695689604569647e-01,2.248041546664110990e-01,2.273335198055127238e-01,2.298542865117477185e-01,2.323630601710462151e-01,2.348564258110815151e-01,2.373310033395622243e-01,2.397833819101829189e-01,2.422101930564927730e-01,2.446080784566928013e-01,2.469737144088448855e-01,2.493038038352220209e-01,2.515950999531072485e-01,2.538444055388514031e-01,2.560485706319171051e-01,2.582045170539470913e-01,2.603092442577522037e-01,2.623597980501398141e-01,2.643533311946726916e-01,2.662870860838634224e-01,2.681583746944029567e-01,2.699646308993645660e-01,2.717033933146510427e-01,2.733722967211613675e-01,2.749691063415695691e-01,2.764916873054765745e-01,2.779380658178204899e-01,2.793063527187175654e-01,2.805948314138496102e-01,2.818018997556360761e-01,2.829261027014078889e-01,2.839661271244863783e-01,2.849208078559270496e-01,2.857891360192755248e-01,2.865702464065929544e-01,2.872634227544491603e-01,2.878681177172993655e-01,2.883839226150523571e-01,2.888106008481034492e-01,2.891480624935823807e-01,2.893963825749593655e-01,2.895557947415057232e-01,2.896266777483961774e-01,2.896095711589780630e-01,2.895051809956407096e-01,2.893143411186621106e-01,2.890380640395440737e-01,2.886774915789954710e-01,2.882339065536853595e-01,2.877087644480006423e-01,2.871036193088170041e-01,2.864201907236660349e-01,2.856603205603331919e-01,2.848259833362441484e-01,2.839192535077927904e-01,2.829423582786669833e-01,2.818976117136678394e-01,2.807874373883227914e-01,2.796143814768103919e-01,2.783810648315543368e-01,2.770901999837758201e-01,2.757445874167945288e-01,2.743471147733924642e-01,2.729007229705374127e-01,2.714084249441215957e-01,2.698732893277911993e-01,2.682984400470621589e-01,2.666870392048891203e-01,2.650422755524645679e-01,2.633673824037843225e-01,2.616656041364399110e-01,2.599401946438655853e-01,2.581944357154800640e-01,2.564315734211936593e-01,2.546548730272515382e-01,2.528675752471159499e-01,2.510728908248988644e-01,2.492740091318708662e-01,2.474740783547926815e-01,2.456762082540885350e-01,2.438834348920395911e-01,2.420987716501358800e-01,2.403251301428955544e-01,2.385653785654532899e-01,2.368222909148421651e-01,2.350985648588136412e-01,2.333968143371133730e-01,2.317195377908894127e-01,2.300691639883173378e-01,2.284479898066691661e-01,2.268582086280814536e-01,2.253019108874915188e-01,2.237810537617048456e-01,2.222974774783413876e-01,2.208529069490909880e-01,2.194489111097785716e-01,2.180869590654130330e-01,2.167683611004707633e-01,2.154942895653218227e-01,2.142658040925096707e-01,2.130837853415963046e-01,2.119490016713613256e-01,2.108620709109936819e-01,2.098234580904021207e-01,2.088334949948976171e-01,2.078923738172788749e-01,2.070001429512533797e-01,2.061566818422443936e-01,2.053617741699733656e-01,2.046150337527262997e-01,2.039159461329074496e-01,2.032638701327448283e-01,2.026580295052482217e-01,2.020975062109771903e-01,2.015812776680234730e-01,2.011081848149105789e-01,2.006769600153907041e-01,2.002862214743842684e-01,1.999344671300306020e-01,1.996201081559365043e-01,1.993414476996162032e-01,1.990966930273725399e-01,1.988839680979840041e-01,1.987013165719843377e-01,1.985466980814620530e-01,1.984180008305489185e-01,1.983130592489701638e-01,1.982296460548147454e-01,1.981654802928831949e-01,1.981182377361917490e-01,1.980855485874578048e-01,1.980650322639461447e-01,1.980542613800452822e-01,1.980508073923343826e-01,1.980522244984751212e-01,1.980560634725851699e-01,1.980598866397974556e-01,1.980612559106009474e-01,1.980577570868044257e-01,1.980470085800634106e-01,1.980266432272802801e-01,1.979943434787187206e-01,1.979478428422530023e-01,1.978849043036172151e-01,1.978033675961292093e-01,1.977011337189992779e-01,1.975761640220941029e-01,1.974265107266093833e-01,1.972502916246764160e-01,1.970457178047940461e-01,1.968110872901899788e-01,1.965448103502996369e-01,1.962453755708126746e-01,1.959113952499056677e-01,1.955415785787619209e-01,1.951347585564329745e-01,1.946898794690803680e-01,1.942059989338911774e-01
1.368434920160654100e-01,1.354310550409356662e-01,1.340278651161411483e-01,1.326361897043591143e-01,1.312582654779028413e-01,1.298962815413944594e-01,1.285523973170741852e-01,1.272287124109125478e-01,1.259272906388626267e-01,1.246501201881279469e-01,1.233991590254694126e-01,1.221762738639064205e-01,1.209832827513064729e-01,1.198219224098339419e-01,1.186938606943770541e-01,1.176006947485582349e-01,1.165439282583158737e-01,1.155249897687102428e-01,1.145452270179099230e-01,1.136058874739641344e-01,1.127081379289267410e-01,1.118530554802494997e-01,1.110416112875781680e-01,1.102746901599793300e-01,1.095530799091050805e-01,1.088774675829072280e-01,1.082484428520368164e-01,1.076664952487408344e-01,1.071320173241329804e-01,1.066452907006259360e-01,1.062065166855394455e-01,1.058157817637300213e-01,1.054730756928630303e-01,1.051782937210036933e-01,1.049312347031907816e-01,1.047315850326476228e-01,1.045789644347871611e-01,1.044728801891437325e-01,1.044127448894166532e-01,1.043978952686163836e-01,1.044275754875342715e-01,1.045009373642665496e-01,1.046170627212411469e-01,1.047749438531357657e-01,1.049734995877824456e-01,1.052115761787952436e-01,1.054879520363117967e-01,1.058013279110082000e-01,1.061503558406590719e-01,1.065336147154833657e-01,1.069496349811972224e-01,1.073968881524823421e-01,1.078738071524480424e-01,1.083787689415788014e-01,1.089101185424583979e-01,1.094661601122538380e-01,1.100451625762725733e-01,1.106453777977355196e-01,1.112650264426756769e-01,1.119023040193625057e-01,1.125554055582353302e-01,1.132225030071279392e-01,1.139017650111944779e-01,1.145913610530918253e-01,1.152894602763868126e-01,1.159942401917375271e-01,1.167038858074528618e-01,1.174165979514793234e-01,1.181305949642437458e-01,1.188441210710486501e-01,1.195554407820028642e-01,1.202628589329820530e-01,1.209647015007410814e-01,1.216593419789538666e-01,1.223451903655203982e-01,1.230206978264802437e-01,1.236843727651547181e-01,1.243347626421138635e-01,1.249704729211390530e-01,1.255901657544724603e-01,1.261925621712134404e-01,1.267764450470464654e-01,1.273406549416108979e-01,1.278840995642344103e-01,1.284057624092813654e-01,1.289046856759562265e-01,1.293799813174845992e-01,1.298308394125231302e-01,1.302565273844281390e-01,1.306563704531321646e-01,1.310297797097613459e-01,1.313762452543573711e-01,1.316953181308932186e-01,1.319866445370569408e-01,1.322499308622111514e-01,1.324849622792354242e-01,1.326916071555364340e-01,1.328697997095333316e-01,1.330195588735789969e-01,1.331409662939462835e-01,1.332341809350532924e-01,1.332994315814088060e-01,1.333370202642255586e-01,1.333473130754098124e-01,1.333307453015596944e-01,1.332878194316845510e-01,1.332190908056238854e-01,1.331251932819827732e-01,1.330068011208955236e-01,1.328646540034041090e-01,1.326995507218085291e-01,1.325123226592484216e-01,1.323038766972793323e-01,1.320751433981535716e-01,1.318271080440287790e-01,1.315607929331726322e-01,1.312772605963081762e-01,1.309775991769057124e-01,1.306629391168747378e-01,1.303344350510166061e-01,1.299932698546582555e-01,1.296406443482195636e-01,1.292777792794040925e-01,1.289059076038804319e-01,1.285262862209592405e-01,1.281401697593252120e-01,1.277488307197560125e-01,1.273535294771379334e-01,1.269555442583543692e-01,1.265561382093176312e-01,1.261565835081070452e-01,1.257581202897469497e-01,1.253620010044688149e-01,1.249694471689929282e-01,1.245816799917016798e-01,1.241998792867434892e-01,1.238252319328184831e-01,1.234588736236731377e-01,1.231019330698718273e-01,1.227554961030005720e-01,1.224206324638545257e-01,1.220983581611799762e-01,1.217896826883519135e-01,1.214955549531885337e-01,1.212168976835855394e-01,1.209545944253616612e-01,1.207094871298870914e-01,1.204823708656393294e-01,1.202740066444253908e-01,1.200851015049451548e-01,1.199163326965052428e-01,1.197683113612714595e-01,1.196416277253899291e-01,1.195368018381822856e-01,1.194543265733188642e-01,1.193946326045310646e-01,1.193581197719242870e-01,1.193451281117966917e-01,1.193559683275172006e-01,1.193908780222858457e-01,1.194500750209835233e-01,1.195337250741653201e-01,1.196419504260894245e-01,1.197748219119574714e-01,1.199323825939777738e-01,1.201146240382924141e-01,1.203215039161862204e-01,1.205529406872235254e-01,1.208088110916187979e-01,1.210889649635007725e-01,1.213932109706016144e-01,1.217213275194683475e-01,1.220730567388932236e-01,1.224481228858789045e-01,1.228462184554686976e-01,1.232670000255258469e-01,1.237101176174947997e-01,1.241751833771645441e-01,1.246617979094203771e-01,1.251695423041766786e-01,1.256979747497967981e-01,1.262466538111481629e-01,1.268151106369125314e-01,1.274028674541511919e-01,1.280094482673944378e-01,1.286343587212618322e-01,1.292770983499607618e-01,1.299371735830071040e-01,1.306140802335860607e-01,1.313073181001510048e-01,1.320163851072060357e-01,1.327407834045696289e-01,1.334800188877918459e-01,1.342336080154035716e-01,1.350010660138211138e-01,1.357819260702414210e-01,1.365757229601452516e-01,1.373820051986203716e-01,1.382003323974277942e-01,1.390302835287234307e-01,1.398714369612120700e-01,1.407234013266471795e-01,1.415857821575603748e-01,1.424582215441720923e-01,1.433403600532709155e-01,1.442318654225827890e-01,1.451324132605950612e-01,1.460416987318917115e-01,1.469594374209456100e-01,1.478853602491358166e-01,1.488192061656627152e-01,1.497607386751455549e-01,1.507097374664422007e-01,1.516659902651176783e-01,1.526293006195715563e-01,1.535994925118157883e-01,1.545763990404215582e-01,1.555598609967945578e-01,1.565497411442688391e-01,1.575458934235459685e-01,1.585482117163355409e-01,1.595565617337474651e-01,1.605708367573931705e-01,1.615909366114408052e-01,1.626167559751591218e-01,1.636482008225325913e-01,1.646851636108005446e-01,1.657275605775191119e-01,1.667752764172254765e-01,1.678282187523063573e-01,1.688862762812340934e-01,1.699493357476082878e-01,1.710172624215106074e-01,1.720899416742903421e-01,1.731672141244960939e-01,1.742489279331975727e-01,1.753349116834672095e-01,1.764249773668592758e-01,1.775189153869582148e-01,1.786165070290069434e-01,1.797174959715071851e-01,1.808216204788666293e-01,1.819285941748613189e-01,1.830380998228836320e-01,1.841497923281279481e-01,1.852633086307283738e-01,1.863782452098390052e-01,1.874941906724008345e-01,1.886106754611890923e-01,1.897272279614081736e-01,1.908433247520958664e-01,1.919584210420391956e-01,1.930719392494426034e-01,1.941832606144196782e-01,1.952917457481411490e-01,1.963967110643277947e-01,1.974974544793766384e-01,1.985932265068546254e-01,1.996832500285761203e-01,2.007667167302961408e-01,2.018427946832204722e-01,2.029106019137343897e-01,2.039692368638300612e-01,2.050177762622933109e-01,2.060552579824432573e-01,2.070806941126741574e-01,2.080930736104466550e-01,2.090913479559740884e-01,2.100744788283960551e-01,2.110413619590970347e-01,2.119909081420792707e-01,2.129219919324004395e-01,2.138334807313282127e-01,2.147242135922303730e-01,2.155930476974073362e-01,2.164387985622015509e-01,2.172602911831363337e-01,2.180563363923646858e-01,2.188257602174076832e-01,2.195673688918535760e-01,2.202799840938601539e-01,2.209624282787670813e-01,2.216135356779764809e-01,2.222321463392712693e-01,2.228171217245310254e-01,2.233673351023966747e-01,2.238816891204943593e-01,2.243590981820678953e-01,2.247984999024429109e-01,2.251988773186611448e-01,2.255592295164995653e-01,2.258786084808818984e-01,2.261560843058968151e-01,2.263907771890257825e-01,2.265818529209494281e-01,2.267285187997482021e-01,2.268300378559942598e-01,2.268857130545351430e-01,2.268949222039577107e-01,2.268570740463281554e-01,2.267716661767041619e-01,2.266382250938830945e-01,2.264563744939081802e-01,2.262257800989622425e-01,2.259461896056357277e-01,2.256174116390996520e-01,2.252393343212753807e-01,2.248119118715756204e-01,2.243351850153247617e-01,2.238092596972161563e-01,2.232343232595963567e-01,2.226106453844131638e-01,2.219385736163965728e-01,2.212185279702107710e-01,2.204510226304380871e-01,2.196366416330185756e-01,2.187760455228543732e-01,2.178700054930339525e-01,2.169193349632052292e-01,2.159249558005517100e-01,2.148878572837178702e-01,2.138091132117552751e-01,2.126898634164216817e-01,2.115313494457387034e-01,2.103348664984334426e-01,2.091017895911054525e-01,2.078335683234822651e-01,2.065317261746917044e-01,2.051978522795278870e-01,2.038335973461416484e-01,2.024406820520009975e-01,2.010208859123771008e-01,1.995760477949235778e-01,1.981080628491264095e-01,1.966188764307633952e-01,1.951104851834195852e-01,1.935849280335544542e-01,1.920442974428516192e-01,1.904907012570176139e-01,1.889263098754432324e-01,1.873533061520848697e-01,1.857739063295889559e-01,1.841903498109954407e-01,1.826048959819510653e-01,1.810198116228481091e-01,1.794373865317896721e-01,1.778598921805227828e-01,1.762896353797874793e-01,1.747288893349141781e-01,1.731799390891130552e-01,1.716450469278294200e-01,1.701264620441556019e-01,1.686264107221427389e-01,1.671470951303759833e-01,1.656906834546223728e-01,1.642593175461312394e-01,1.628550812877208043e-01,1.614800396397589877e-01,1.601361833536094625e-01,1.588254714158715275e-01,1.575498006554101882e-01,1.563109934071407470e-01,1.551108267752695780e-01,1.539509969925513533e-01,1.528331324721573237e-01,1.517587803451615203e-01,1.507294133940415559e-01,1.497464206389846897e-01,1.488111047770496187e-01,1.479246731922566616e-01,1.470882476537127281e-01,1.463028540062093208e-01,1.455694213721676067e-01,1.448887791221745991e-01,1.442616494615279743e-01,1.436886598039190943e-01,1.431703245624079135e-01,1.427070583554982397e-01,1.422991623860120902e-01,1.419468367856254187e-01,1.416501593108150658e-01,1.414091138970811623e-01,1.412235567948114667e-01,1.410932496754801202e-01,1.410178355363656821e-01,1.409968473855550686e-01,1.410297057266414744e-01,1.411157410044490412e-01,1.412541457518100840e-01,1.414440385519054877e-01,1.416844142008435170e-01,1.419741680144973872e-01,1.423120998228216694e-01,1.426969123905132142e-01,1.431272026756519600e-01,1.436014889514136139e-01,1.441181921896863283e-01,1.446756389398337062e-01,1.452720875247812404e-01,1.459057108022404903e-01,1.465746003329241043e-01,1.472767794259181307e-01,1.480102096720013194e-01,1.487727680340565073e-01,1.495622978419594851e-01,1.503765718083741043e-01,1.512133118513595276e-01,1.520701969738847414e-01,1.529448699275581247e-01,1.538349287690541911e-01,1.547379425918525842e-01,1.556514621416803801e-01,1.565730059195832302e-01,1.575000836329792098e-01,1.584301908308874685e-01,1.593608241727504371e-01,1.602894714080679295e-01,1.612136366983978053e-01,1.621308184266828656e-01,1.630385509482755735e-01,1.639343782265822724e-01,1.648158676708522119e-01,1.656806282185549206e-01,1.665263012500699247e-01,1.673505664190432229e-01,1.681511504461185857e-01,1.689258349594633390e-01
3.244433376396578250e-01,3.261344784770233152e-01,3.278216287534837514e-01,3.295011397438431522e-01,3.311693204645966837e-01,3.328224412697001200e-01,3.344567571069351208e-01,3.360684957535612361e-01,3.376538644290074664e-01,3.392090888866154952e-01,3.407303848532147739e-01,3.422139792037879324e-01,3.436561395151336851e-01,3.450531348842148516e-01,3.464012915142151150e-01,3.476969967379177628e-01,3.489366734617513344e-01,3.501168272584350150e-01,3.512340192814983331e-01,3.522849191931693991e-01,3.532662478439697051e-01,3.541748900555214408e-01,3.550077988468903767e-01,3.557620396264208340e-01,3.564348223840437258e-01,3.570234797826868922e-01,3.575254944771106280e-01,3.579384939231988749e-01,3.582602658248699168e-01,3.584887585791342590e-01,3.586220899637144743e-01,3.586585507582442656e-01,3.585966212469123837e-01,3.584349643806224450e-01,3.581724320953351692e-01,3.578080852611869034e-01,3.573411803570696876e-01,3.567711841430296626e-01,3.560977728887223526e-01,3.553208153899277133e-01,3.544404399765232472e-01,3.534569468610003207e-01,3.523708848931217386e-01,3.511830038935102039e-01,3.498942863919781154e-01,3.485059285609817259e-01,3.470193637192489633e-01,3.454362322633455773e-01,3.437583858330114372e-01,3.419879057152324653e-01,3.401270709750903731e-01,3.381783905410563063e-01,3.361445641727576761e-01,3.340285062927119686e-01,3.318333273031741637e-01,3.295623243005782466e-01,3.272189817205956586e-01,3.248069651747699793e-01,3.223301297228897688e-01,3.197924965279314025e-01,3.171982147130536500e-01,3.145516214850092029e-01,3.118571883908379805e-01,3.091195116537081011e-01,3.063433273848898408e-01,3.035334768578182851e-01,3.006949196867162999e-01,2.978326978918392487e-01,2.949519619606774667e-01,2.920579122662986804e-01,2.891558256612744571e-01,2.862510240577799681e-01,2.833488860030491940e-01,2.804548219596466607e-01,2.775742379407046267e-01,2.747125619338144920e-01,2.718752114083478610e-01,2.690675973268146226e-01,2.662950851198142566e-01,2.635630118830422086e-01,2.608766474269377800e-01,2.582412084248791873e-01,2.556618254198723683e-01,2.531435513545188809e-01,2.506913203984826866e-01,2.483099646023506912e-01,2.460041941084537276e-01,2.437785814179144472e-01,2.416375500832480538e-01,2.395853721727890517e-01,2.376261478114290726e-01,2.357637988814769991e-01,2.340020739271911898e-01,2.323445150844860307e-01,2.307944567465522456e-01,2.293550408016833686e-01,2.280291668602965338e-01,2.268195183014375393e-01,2.257285369087130567e-01,2.247584318310139884e-01,2.239111616094955071e-01,2.231884306885907054e-01,2.225916891087858507e-01,2.221221329271317602e-01,2.217806638964540111e-01,2.215679676820003496e-01,2.214844165708857449e-01,2.215301172134222507e-01,2.217049188832299900e-01,2.220084001119173589e-01,2.224398394666605716e-01,2.229982709845617639e-01,2.236824415806185629e-01,2.244908370304572187e-01,2.254216631605953647e-01,2.264728983131417961e-01,2.276422138328281497e-01,2.289270572934989922e-01,2.303246143407788327e-01,2.318318473545278868e-01,2.334454510953115347e-01,2.351619070066919281e-01,2.369774783207489188e-01,2.388882052583317650e-01,2.408899218247390617e-01,2.429782653083530086e-01,2.451486857290657295e-01,2.473964636537713258e-01,2.497167004698850612e-01,2.521043464988482197e-01,2.545542034381682028e-01,2.570609516604950295e-01,2.596191360618748667e-01,2.622231991103327053e-01,2.648674831791281159e-01,2.675462546979897049e-01,2.702536973252447905e-01,2.729839581329452924e-01,2.757311229170552602e-01,2.784892421082016956e-01,2.812523641385111794e-01,2.840145498204920682e-01,2.867698243036944095e-01,2.895122780322432754e-01,2.922360342000260292e-01,2.949352542427077783e-01,2.976041782247491052e-01,3.002371216025389589e-01,3.028284977325596539e-01,3.053728122703466830e-01,3.078647093028465953e-01,3.102989578017326111e-01,3.126704683226375070e-01,3.149743082876010347e-01,3.172057095264103066e-01,3.193601053928988853e-01,3.214330903372825676e-01,3.234204896714703015e-01,3.253183089426328611e-01,3.271228132473072425e-01,3.288304612407358940e-01,3.304379772281628158e-01,3.319423188508466294e-01,3.333407089219160291e-01,3.346306130949223689e-01,3.358098031064148392e-01,3.368762762917660303e-01,3.378283607203914629e-01,3.386646228278499260e-01,3.393839456682903877e-01,3.399854953219457188e-01,3.404687315916071211e-01,3.408334028610293664e-01,3.410795729643424923e-01,3.412075767289720618e-01,3.412180666560229447e-01,3.411119916103112493e-01,3.408905860643586805e-01,3.405553678703930331e-01,3.401081703649838084e-01,3.395510915039835487e-01,3.388865145575624127e-01,3.381171054371109874e-01,3.372457913809357999e-01,3.362757784159354779e-01,3.352105223179250859e-01,3.340537224117753334e-01,3.328093294811131364e-01,3.314815278707836654e-01,3.300747295603106424e-01,3.285935545472437047e-01,3.270428294466323216e-01,3.254275741004431510e-01,3.237529998015096222e-01,3.220244725956546983e-01,3.202475384462987740e-01,3.184278717556378591e-01,3.165713030202981226e-01,3.146837610126780871e-01,3.127712937311180053e-01,3.108400474501797905e-01,3.088962540166236836e-01,3.069461882028310384e-01,3.049962149733048133e-01,3.030526925350518486e-01,3.011220469667948429e-01,2.992106924108028365e-01,2.973250301814419072e-01,2.954714663297308141e-01,2.936563535496643507e-01,2.918860215298376692e-01,2.901667001950832270e-01,2.885045728737448689e-01,2.869057280864041326e-01,2.853761470775086351e-01,2.839216882078881010e-01,2.825480895266342940e-01,2.812609422014319960e-01,2.800656796217079747e-01,2.789675827434885957e-01,2.779717099475364495e-01,2.770829988142194944e-01,2.763060897364040813e-01,2.756455027677901515e-01,2.751054888994638459e-01,2.746900603653156803e-01,2.744030060941511917e-01,2.742478602426876022e-01,2.742278915569006381e-01,2.743461071592576683e-01,2.746052488326149454e-01,2.750077684353180452e-01,2.755558299012338952e-01,2.762513322143630989e-01,2.770958493329702121e-01,2.780906809848047723e-01,2.792368284324771022e-01,2.805349574805554025e-01,2.819854722945499548e-01,2.835884457230069544e-01,2.853436572414184136e-01,2.872505655619868037e-01,2.893083534560720871e-01,2.915158771511849323e-01,2.938716910471190213e-01,2.963740740486961456e-01,2.990209923334878894e-01,3.018101427469999654e-01,3.047389065562330357e-01,3.078044174327070892e-01,3.110035307239295554e-01,3.143328172451955727e-01,3.177886038267341839e-01,3.213669680535919393e-01,3.250637490025675702e-01,3.288745455089172598e-01,3.327947057344403659e-01,3.368194236873135461e-01,3.409436253392176819e-01,3.451620870309310418e-01,3.494693857571957718e-01,3.538599312605685276e-01,3.583279414402741891e-01,3.628675374977215484e-01,3.674726716374735469e-01,3.721371820704847955e-01,3.768547880348648293e-01,3.816191211263462169e-01,3.864237282428577003e-01,3.912620669808785090e-01,3.961275426129896027e-01,4.010135320392115843e-01,4.059133588335926413e-01,4.108203277750099858e-01,4.157277457115243768e-01,4.206289209104940863e-01,4.255171816990357403e-01,4.303858904642555716e-01,4.352284648216827589e-01,4.400383455246496545e-01,4.448090900176218110e-01,4.495342925208310469e-01,4.542076818367662971e-01,4.588230684865508557e-01,4.633743767356297560e-01,4.678556767291793261e-01,4.722611577920353687e-01,4.765851800503537739e-01,4.808222321890045503e-01,4.849670028213612927e-01,4.890143272682836995e-01,4.929592604699413738e-01,4.967970048697742391e-01,5.005229901672759718e-01,5.041328699174036920e-01,5.076224777166838953e-01,5.109878906678139154e-01,5.142253946866346404e-01,5.173315098870522322e-01,5.203030047083772036e-01,5.231368718428328624e-01,5.258303585885790721e-01,5.283809290962380167e-01,5.307863317509617929e-01,5.330445290417180626e-01,5.351537461381391525e-01,5.371124670644431554e-01,5.389194140603738026e-01,5.405735499450409209e-01,5.420741115431989554e-01,5.434205464940974339e-01,5.446125744395585722e-01,5.456501399256431517e-01,5.465334472347799233e-01,5.472628920070425895e-01,5.478391496595610421e-01,5.482630650912032610e-01,5.485357650834647991e-01,5.486585292125870650e-01,5.486329053962964997e-01,5.484605976478157396e-01,5.481435249453645575e-01,5.476837995743593090e-01,5.470836998709043275e-01,5.463456883488816418e-01,5.454723829668171042e-01,5.444665765445920735e-01,5.433312093839866019e-01,5.420693503744073993e-01,5.406841952663816731e-01,5.391790800022636665e-01,5.375574706835949401e-01,5.358228880057405163e-01,5.339789910060102063e-01,5.320295249431389317e-01,5.299782734346526469e-01,5.278291316925109999e-01,5.255860566361956199e-01,5.232530051089290257e-01,5.208340368752916172e-01,5.183331825292567530e-01,5.157545579823420434e-01,5.131022417097523824e-01,5.103803452718017608e-01,5.075929671758818706e-01,5.047441983646254737e-01,5.018381271724455805e-01,4.988787614216381172e-01,4.958701294068770249e-01,4.928162143336314305e-01,4.897209003718229203e-01,4.865880772910711749e-01,4.834215302481339460e-01,4.802249885009307051e-01,4.770021190459313720e-01,4.737564943554075092e-01,4.704916050164611452e-01,4.672108668385954178e-01,4.639175619416154306e-01,4.606149244700163958e-01,4.573060538113503659e-01,4.539939747235240408e-01,4.506815575606800683e-01,4.473716135380045866e-01,4.440668210060123022e-01,4.407697415597026103e-01,4.374828088161369366e-01,4.342083791481538002e-01,4.309486530518661374e-01,4.277057465075395637e-01,4.244816357730238909e-01,4.212781963053224277e-01,4.180971928835457430e-01,4.149402606184112718e-01,4.118089413709826174e-01,4.087046501708496704e-01,4.056287100015930625e-01,4.025823272995792679e-01,3.995666220135137281e-01,3.965825866249600984e-01,3.936311647552219184e-01,3.907131602172677076e-01,3.878293170962065495e-01,3.849802966096478318e-01,3.821666475400345431e-01,3.793888892156179193e-01,3.766474592622756079e-01,3.739426869602560100e-01,3.712748835992037977e-01,3.686442883108498325e-01,3.660511038263568606e-01,3.634954585408454175e-01,3.609774630827434772e-01,3.584971684045679119e-01,3.560546023060929821e-01,3.536497765498722301e-01,3.512826815870014330e-01,3.489532654135462097e-01,3.466614704938159042e-01,3.444072582740095312e-01,3.421905429385431185e-01,3.400112806441926705e-01,3.378694222862482222e-01,3.357648797201588931e-01,3.336976610544781785e-01,3.316677103532386650e-01,3.296750438319517862e-01,3.277196752921602840e-01,3.258016704376957007e-01,3.239210853471574114e-01,3.220780361799528979e-01,3.202726700944314997e-01,3.185051519695210609e-01,3.167757054348157020e-01,3.150845790130546997e-01,3.134320539809565820e-01,3.118184820104749622e-01,3.102442229235695681e-01,3.087097018368496482e-01,3.072153671864707447e-01,3.057617169403730184e-01,3.043492770883005072e-01,3.029786485932286499e-01,3.016504247408880457e-01,3.003652545928521267e-01,2.991238343950957668e-01,2.979268759490155682e-01
7.413594573611567151e-01,7.418477024011957965e-01,7.424103098531026346e-01,7.430465675782857993e-01,7.437555695431902203e-01,7.445362773658718014e-01,7.453874780094857933e-01,7.463078168369631227e-01,7.472958130600005910e-01,7.483498061481259622e-01,7.494680316520627716e-01,7.506485554152446671e-01,7.518893341023124011e-01,7.531881863558030910e-01,7.545427643047574184e-01,7.559506497520200874e-01,7.574092964558161167e-01,7.589160257027532941e-01,7.604680670148937782e-01,7.620625312935550566e-01,7.636964393512039040e-01,7.653667206584894300e-01,7.670702285610003779e-01,7.688037126778860531e-01,7.705638633277441807e-01,7.723473070480778579e-01,7.741505820316783026e-01,7.759702282303270193e-01,7.778026579304211374e-01,7.796443258405875154e-01,7.814915799810424613e-01,7.833407747893875728e-01,7.851882741496418738e-01,7.870303787911221427e-01,7.888633787263722441e-01,7.906836077129492102e-01,7.924873803852540144e-01,7.942710528433090111e-01,7.960309414768136360e-01,7.977634608495040025e-01,7.994650232956129754e-01,8.011320975203158889e-01,8.027611930524810591e-01,8.043488718980168484e-01,8.058917782617192049e-01,8.073866253093782142e-01,8.088301572840935760e-01,8.102192613087195738e-01,8.115508605173488155e-01,8.128219962456906256e-01,8.140297993103660090e-01,8.151715239770382926e-01,8.162445216274525350e-01,8.172462385356391579e-01,8.181742796937453432e-01,8.190263309251492041e-01,8.198002205896645078e-01,8.204939331229025301e-01,8.211055295992198966e-01,8.216332814886631031e-01,8.220755418664122960e-01,8.224308679253724552e-01,8.226978889997296207e-01,8.228754507709002963e-01,8.229624901585813612e-01,8.229581706547297593e-01,8.228617206487279789e-01,8.226725869058586493e-01,8.223903868161127617e-01,8.220148137586947845e-01,8.215457909824486205e-01,8.209833757851794367e-01,8.203277610033116174e-01,8.195793512143356718e-01,8.187386042488075111e-01,8.178062196050103205e-01,8.167830180142376939e-01,8.156699794657097380e-01,8.144682073011463297e-01,8.131789516443701515e-01,8.118036547092373212e-01,8.103438135897965688e-01,8.088011119751215006e-01,8.071773710624552400e-01,8.054745081487011404e-01,8.036946030018889964e-01,8.018398096179055745e-01,7.999124352646799219e-01,7.979148790182276629e-01,7.958496274405121307e-01,7.937193159348810978e-01,7.915266484184664275e-01,7.892744021972961654e-01,7.869654886286872042e-01,7.846028259054008691e-01,7.821894696951952053e-01,7.797285195745167208e-01,7.772231218721760149e-01,7.746765281255665325e-01,7.720919736250226872e-01,7.694727764796363001e-01,7.668223161311047420e-01,7.641439413268373837e-01,7.614410724547650000e-01,7.587171305268938237e-01,7.559755638006755429e-01,7.532198166269337136e-01,7.504533494088510004e-01,7.476795863310821133e-01,7.449019690137917982e-01,7.421239170533655560e-01,7.393488287898597466e-01,7.365800494930795361e-01,7.338209449697677966e-01,7.310747682003150283e-01,7.283447885588799631e-01,7.256342020207299237e-01,7.229461592252924840e-01,7.202837336158186554e-01,7.176499454804863287e-01,7.150477421507512865e-01,7.124800052646232951e-01,7.099495234763889551e-01,7.074590102714617412e-01,7.050110991751669109e-01,7.026083362282173894e-01,7.002531659041444367e-01,6.979479308506608692e-01,6.956948854874552834e-01,6.934961964897603526e-01,6.913538859986906315e-01,6.892699038617010610e-01,6.872460904636733536e-01,6.852841423585905867e-01,6.833856921883010305e-01,6.815522038198511545e-01,6.797850879714869565e-01,6.780855977754532971e-01,6.764548730871979831e-01,6.748939499242488926e-01,6.734037401135267720e-01,6.719850337397614837e-01,6.706385342886274081e-01,6.693647832531317565e-01,6.681642433372144696e-01,6.670372416642841307e-01,6.659839880169999837e-01,6.650046049183754304e-01,6.640990788114931043e-01,6.632673210480232173e-01,6.625090789769531030e-01,6.618240379473148138e-01,6.612117710118623481e-01,6.606717577816497711e-01,6.602033678793884919e-01,6.598058617472295495e-01,6.594784495545542580e-01,6.592202020606364732e-01,6.590301305466111925e-01,6.589071697578120501e-01,6.588501477538849516e-01,6.588578409030784178e-01,6.589289307805563656e-01,6.590620570561667169e-01,6.592557356954300563e-01,6.595084942804150252e-01,6.598187487788002015e-01,6.601848719189048476e-01,6.606052021653571193e-01,6.610779957037423715e-01,6.616014931156385392e-01,6.621738836336444889e-01,6.627933359418798354e-01,6.634579384438913374e-01,6.641657847420548988e-01,6.649149712842817861e-01,6.657035262971716660e-01,6.665294566646218222e-01,6.673907923114253959e-01,6.682855214060207105e-01,6.692116422314967616e-01,6.701671311104626660e-01,6.711499775557919767e-01,6.721581956434280469e-01,6.731897306589536001e-01,6.742426026014084472e-01,6.753148504825994269e-01,6.764044723335106424e-01,6.775094978025731907e-01,6.786280417784170682e-01,6.797581655576712123e-01,6.808979615781589612e-01,6.820456013408520146e-01,6.831992152907778726e-01,6.843570371717142553e-01,6.855172808458891431e-01,6.866782019577667429e-01,6.878381386022737187e-01,6.889954024339220995e-01,6.901484003452044158e-01,6.912955366113804345e-01,6.924352837932710170e-01,6.935661505091722523e-01,6.946866965212974421e-01,6.957955270730125097e-01,6.968912805230839114e-01,6.979726116621526311e-01,6.990383338240024891e-01,7.000871969821451657e-01,7.011180215343267852e-01,7.021297323141820756e-01,7.031212108859088428e-01,7.040914794308850144e-01,7.050395678584484571e-01,7.059645239244338732e-01,7.068654954263533519e-01,7.077416483361890220e-01,7.085922194955369680e-01,7.094164581065200981e-01,7.102136763938043940e-01,7.109832443134246338e-01,7.117245697755525402e-01,7.124370834490189042e-01,7.131203022378795886e-01,7.137737503068168898e-01,7.143970074736764042e-01,7.149897126999575914e-01,7.155514940184108941e-01,7.160820821827025284e-01,7.165811946912958863e-01,7.170486235244092343e-01,7.174841606385550241e-01,7.178877041913245272e-01,7.182591132066005191e-01,7.185983006946861096e-01,7.189052430941057503e-01,7.191799021236897627e-01,7.194223266301246200e-01,7.196325657857748359e-01,7.198106756260557182e-01,7.199568052267838469e-01,7.200710773261249642e-01,7.201536588108069514e-01,7.202047511678409952e-01,7.202245772450686090e-01,7.202134043971193389e-01,7.201714977305195831e-01,7.200991679275051682e-01,7.199967307171357689e-01,7.198645465610431504e-01,7.197029850704051990e-01,7.195124840132109956e-01,7.192934176556019521e-01,7.190462595863782447e-01,7.187715051034733182e-01,7.184696079194344831e-01,7.181411101762606997e-01,7.177865462875823166e-01,7.174064778493243200e-01,7.170014951954190030e-01,7.165722088205570550e-01,7.161192373201510364e-01,7.156432396704101029e-01,7.151449148564401614e-01,7.146249325621988335e-01,7.140840334665956579e-01,7.135229336211872386e-01,7.129424418143169850e-01,7.123433297239886164e-01,7.117264103104530282e-01,7.110925057247814429e-01,7.104424983154664641e-01,7.097772673110290809e-01,7.090977252996014668e-01,7.084047877912008628e-01,7.076994130107325809e-01,7.069825776694144137e-01,7.062552795583495469e-01,7.055185638454400943e-01,7.047734503038967091e-01,7.040209966128994079e-01,7.032623335948631205e-01,7.024985493763525879e-01,7.017307892608337649e-01,7.009601986220809211e-01,7.001879651308310359e-01,6.994152754994490406e-01,6.986433752479470627e-01,6.978734740390615254e-01,6.971068440162478952e-01,6.963447313768688085e-01,6.955884673482305436e-01,6.948393290906426101e-01,6.940986487341822553e-01,6.933677455251059385e-01,6.926480024193684137e-01,6.919407399145464099e-01,6.912473262430915977e-01,6.905691578182211465e-01,6.899076114137071558e-01,6.892640682525790208e-01,6.886399322425303948e-01,6.880365766605988087e-01,6.874553869273080098e-01,6.868977923761778737e-01,6.863651351800479361e-01,6.858588372607629102e-01,6.853802437538827341e-01,6.849307096403870476e-01,6.845115933372434291e-01,6.841242431366764132e-01,6.837699517568859298e-01,6.834500201008887332e-01,6.831657142010163497e-01,6.829183030741332594e-01,6.827089971594331175e-01,6.825389691943165582e-01,6.824094170571831652e-01,6.823214247939697330e-01,6.822761068313241140e-01,6.822745019176886805e-01,6.823175898036808462e-01,6.824063589105527905e-01,6.825417179275757862e-01,6.827244942657334503e-01,6.829555318750786252e-01,6.832355444948399192e-01,6.835652514648330458e-01,6.839452778960298795e-01,6.843761898387412668e-01,6.848584853306853848e-01,6.853926011157542852e-01,6.859789131978542009e-01,6.866177230603267567e-01,6.873092269296702250e-01,6.880535997178626184e-01,6.888509045935259367e-01,6.897011318422263670e-01,6.906041913430703838e-01,6.915599085757530018e-01,6.925680579258708391e-01,6.936282708154919430e-01,6.947401329546175619e-01,6.959031534316290069e-01,6.971167451181795593e-01,6.983802254920309371e-01,6.996928231884678162e-01,7.010536802234170750e-01,7.024618808408793491e-01,7.039163789833845497e-01,7.054160640802615845e-01,7.069597461672606498e-01,7.085461378805861798e-01,7.101738850645011869e-01,7.118415115699886497e-01,7.135474931400987986e-01,7.152902473970758068e-01,7.170680423081701171e-01,7.188791341811626712e-01,7.207216554221294036e-01,7.225937139508614715e-01,7.244933121052707925e-01,7.264183792008119811e-01,7.283668223312047552e-01,7.303364483663636886e-01,7.323250269221631692e-01,7.343302372882510864e-01,7.363497430701332336e-01,7.383811449524741999e-01,7.404220072521403573e-01,7.424698315084805600e-01,7.445220948254802629e-01,7.465762687823825905e-01,7.486297304432923960e-01,7.506798826344703857e-01,7.527241165602837070e-01,7.547597683215185871e-01,7.567841753822683870e-01,7.587947093113524000e-01,7.607886567212154283e-01,7.627634146979102026e-01,7.647162860250162897e-01,7.666446494082802543e-01,7.685458899282062717e-01,7.704173992441960550e-01,7.722566426310822907e-01,7.740610538878861524e-01,7.758281439036542881e-01,7.775554665456523296e-01,7.792406193302983120e-01,7.808812351052648593e-01,7.824750654873428024e-01,7.840198478049427155e-01,7.855134343476656289e-01,7.869537418162947384e-01,7.883387504130311418e-01,7.896665424895918939e-01,7.909352800334821243e-01,7.921431857816991773e-01,7.932886482883523271e-01,7.943700762599235077e-01,7.953860086784487748e-01,7.963351108318054150e-01,7.972161389190054459e-01,7.980279533953410498e-01,7.987695582026634877e-01,7.994400499574872976e-01,8.000386399022406669e-01,8.005646882634647188e-01,8.010176471462190362e-01,8.013971457663938702e-01,8.017028856831953654e-01,8.019347383133902385e-01,8.020927016229125739e-01,8.021768679691679838e-01,8.021875067549760763e-01,8.021250071607434196e-01,8.019898848192968943e-01,8.017827899086207299e-01,8.015045335251546055e-01,8.011560060473073008e-01,8.007382530471639503e-01,8.002524682299599901e-01,7.996999669970952240e-01,7.990821647222829949e-01,7.984006141409011326e-01,7.976570058611300862e-01
9.323460150226077214e-01,9.313358493541431526e-01,9.303218542680083969e-01,9.293057717930841566e-01,9.282892940387345027e-01,9.272739801135782001e-01,9.262613469900498053e-01,9.252527237926213566e-01,9.242494309313131762e-01,9.232525799806705624e-01,9.222632574940652361e-01,9.212824136303028322e-01,9.203109128163711183e-01,9.193494453815276302e-01,9.183986599565574505e-01,9.174591032960455195e-01,9.165311710339164586e-01,9.156151774941609922e-01,9.147113612053813236e-01,9.138198110884161451e-01,9.129405666732510749e-01,9.120735535975922348e-01,9.112186016096334162e-01,9.103754813093712928e-01,9.095438576799584895e-01,9.087233078874453751e-01,9.079133843529735293e-01,9.071134966226549468e-01,9.063230732596463390e-01,9.055414085954767156e-01,9.047678072416567296e-01,9.040014721465413627e-01,9.032416104785931932e-01,9.024873368899952730e-01,9.017377854161088280e-01,9.009920758947431718e-01,9.002492200547991263e-01,8.995082997679628711e-01,8.987683910902630746e-01,8.980285201559532471e-01,8.972877344698130253e-01,8.965450825941269075e-01,8.957996920191264589e-01,8.950506269279601135e-01,8.942970316302003564e-01,8.935380524761958876e-01,8.927729025231018190e-01,8.920008357888394857e-01,8.912211252842273668e-01,8.904331483330820696e-01,8.896362825322537971e-01,8.888299960855633453e-01,8.880138606738647855e-01,8.871874364919503098e-01,8.863504645102310286e-01,8.855026597431790991e-01,8.846438836435396302e-01,8.837740703783814045e-01,8.828932072347436266e-01,8.820014070481544399e-01,8.810988827457145733e-01,8.801859136097064384e-01,8.792628577446639504e-01,8.783302169434308304e-01,8.773885376581657125e-01,8.764384812035853622e-01,8.754808147043866562e-01,8.745163545770193725e-01,8.735460958402042619e-01,8.725710147764687008e-01,8.715922828766611286e-01,8.706110525068646577e-01,8.696286757180470284e-01,8.686464632145322051e-01,8.676659053400774813e-01,8.666885305452844968e-01,8.657158925486366785e-01,8.647496914517981415e-01,8.637916535824166075e-01,8.628435590304078806e-01,8.619072167440426924e-01,8.609845397953688195e-01,8.600774428007261774e-01,8.591878765308911259e-01,8.583178217897560192e-01,8.574693344928183691e-01,8.566444086518351098e-01,8.558450942935195149e-01,8.550734379549967956e-01,8.543314751752605352e-01,8.536212612686767676e-01,8.529448044580308919e-01,8.523040757948006085e-01,8.517010910476403573e-01,8.511377381127148700e-01,8.506159346520337783e-01,8.501374663395803166e-01,8.497041395008199105e-01,8.493176611581663149e-01,8.489796571666800018e-01,8.486917265969415869e-01,8.484553031695896141e-01,8.482717938879773545e-01,8.481424689816123852e-01,8.480685189655298162e-01,8.480510234649648593e-01,8.480909586162233005e-01,8.481891519190257744e-01,8.483463249746716617e-01,8.485630496720701910e-01,8.488397941986343120e-01,8.491768850119857381e-01,8.495745106712646599e-01,8.500326787057328470e-01,8.505512697223267526e-01,8.511300453956874845e-01,8.517685876632310471e-01,8.524663194798801635e-01,8.532225168896520051e-01,8.540363021545053224e-01,8.549066507441273055e-01,8.558323600772231865e-01,8.568120774407038676e-01,8.578443078012136791e-01,8.589273945700053314e-01,8.600595403096050751e-01,8.612387830126926325e-01,8.624630094211761522e-01,8.637299745406226137e-01,8.650373205783078445e-01,8.663824620342193139e-01,8.677628064149284226e-01,8.691755209406405447e-01,8.706177378101570552e-01,8.720864049783727534e-01,8.735784090805919222e-01,8.750904923249086531e-01,8.766193391337334662e-01,8.781614975350686692e-01,8.797134975797346046e-01,8.812717099896663075e-01,8.828325382227072415e-01,8.843922166236901639e-01,8.859470244252846127e-01,8.874931201649238766e-01,8.890266935407531435e-01,8.905438727662668974e-01,8.920407933704801451e-01,8.935135653337935580e-01,8.949582971488306837e-01,8.963711536362004573e-01,8.977482976538027071e-01,8.990858684661919842e-01,9.003801494979154496e-01,9.016274154571916055e-01,9.028240370236403356e-01,9.039664151447560636e-01,9.050510511736042929e-01,9.060745621831780561e-01,9.070336271670632611e-01,9.079250556704181463e-01,9.087457966549651323e-01,9.094928717440839971e-01,9.101634751743591378e-01,9.107549434692705503e-01,9.112647703936481713e-01,9.116906039732866063e-01,9.120302372632245191e-01,9.122816762518434208e-01,9.124430536923668900e-01,9.125127697093696755e-01,9.124893410516646819e-01,9.123715261317628666e-01,9.121582717368050819e-01,9.118487285056527947e-01,9.114422764094902707e-01,9.109384930404498260e-01,9.103371721689410556e-01,9.096383408255402925e-01,9.088422641179154660e-01,9.079493856717758549e-01,9.069604080373090405e-01,9.058762559844286688e-01,9.046980855319478598e-01,9.034272427615692713e-01,9.020653554059652190e-01,9.006142069184839283e-01,8.990758594380990898e-01,8.974525288130291711e-01,8.957466915107786809e-01,8.939610668200979049e-01,8.920984583294125914e-01,8.901619795898182419e-01,8.881549059530027268e-01,8.860806749846051877e-01,8.839429208967115592e-01,8.817454833326098251e-01,8.794922946372085715e-01,8.771875276724688808e-01,8.748354272339475823e-01,8.724404362156126247e-01,8.700071144696757131e-01,8.675401360339881629e-01,8.650442565672606943e-01,8.625244114940813223e-01,8.599855679951364795e-01,8.574327453899873719e-01,8.548711050888460061e-01,8.523058256082456374e-01,8.497421349796658863e-01,8.471853016161765559e-01,8.446406172821078195e-01,8.421133343892250878e-01,8.396087894680042130e-01,8.371322350484678987e-01,8.346889369210250820e-01,8.322840809598031075e-01,8.299228722069409425e-01,8.276103360351276805e-01,8.253515638989610270e-01,8.231514329140213748e-01,8.210148080912712532e-01,8.189464152099111827e-01,8.169508331881979446e-01,8.150325103048260411e-01,8.131958216074360868e-01,8.114448618104761479e-01,8.097837087256735122e-01,8.082161349217094060e-01,8.067457980883190327e-01,8.053761219779163039e-01,8.041103566955285498e-01,8.029515724739942906e-01,8.019025269459407745e-01,8.009658018070525687e-01,8.001438067547471666e-01,7.994385849596820082e-01,7.988520376126443390e-01,7.983857687625305344e-01,7.980411216788086959e-01,7.978192222264510747e-01,7.977208751931635922e-01,7.977466585125259080e-01,7.978968590497734770e-01,7.981715348792303155e-01,7.985703990873473934e-01,7.990929653453683335e-01,7.997384182823675802e-01,8.005057232664750666e-01,8.013935253089363719e-01,8.024002547131753316e-01,8.035240233809615162e-01,8.047627165617705636e-01,8.061139590567748536e-01,8.075751040878329512e-01,8.091432698354352748e-01,8.108153527244367220e-01,8.125879576136197935e-01,8.144575391735833225e-01,8.164202383979379807e-01,8.184720705179422406e-01,8.206087785564204484e-01,8.228259700147073641e-01,8.251190192142463520e-01,8.274831408737390870e-01,8.299133897485725386e-01,8.324046341271901239e-01,8.349516583575855577e-01,8.375490633945491536e-01,8.401913592136895925e-01,8.428729106311265706e-01,8.455880192273533824e-01,8.483309155380769351e-01,8.510956998597718481e-01,8.538765090160077564e-01,8.566673445915017338e-01,8.594622096054131966e-01,8.622551356435909087e-01,8.650400646799587534e-01,8.678110416091352475e-01,8.705620424045668049e-01,8.732871682806029323e-01,8.759805136742321308e-01,8.786362290519685869e-01,8.812486145741453836e-01,8.838119690694309361e-01,8.863207537091229993e-01,8.887695436372859970e-01,8.911530131481765205e-01,8.934659866003832329e-01,8.957034665396218509e-01,8.978605884230533851e-01,8.999326526277573457e-01,9.019152086057072859e-01,9.038038914718078409e-01,9.055946584802504473e-01,9.072836270759842003e-01,9.088671318401870813e-01,9.103417324557480095e-01,9.117042494468191594e-01,9.129517751476720067e-01,9.140816006714742592e-01,9.150913249509676772e-01,9.159787512312759228e-01,9.167419951786942578e-01,9.173794844939225923e-01,9.178898346523844953e-01,9.182720212141979310e-01,9.185252579565045261e-01,9.186490757507512761e-01,9.186432543441855891e-01,9.185078828489452452e-01,9.182433326761796355e-01,9.178502944374929973e-01,9.173296514359547960e-01,9.166827020829461103e-01,9.159108606598462821e-01,9.150159802745725379e-01,9.140000743546723427e-01,9.128654494614322212e-01,9.116147276987937031e-01,9.102506976691983054e-01,9.087764437111013338e-01,9.071953268359049805e-01,9.055108512979452851e-01,9.037268228640499279e-01,9.018472549209712863e-01,8.998763364303448142e-01,8.978184768090649026e-01,8.956782474526899795e-01,8.934604669670284105e-01,8.911700388664552941e-01,8.888120685935512189e-01,8.863917919145072322e-01,8.839145737586875384e-01,8.813859201000517896e-01,8.788114252325468501e-01,8.761967775340963049e-01,8.735477574772306797e-01,8.708701962019570475e-01,8.681700112753464316e-01,8.654531659093135376e-01,8.627255971521929911e-01,8.599933257568824763e-01,8.572623447051848089e-01,8.545386223636995959e-01,8.518281391771219679e-01,8.491368212065916188e-01,8.464705184856914366e-01,8.438350826017293471e-01,8.412362490564810891e-01,8.386796626548600475e-01,8.361708722089528090e-01,8.337153300647301979e-01,8.313183520863364206e-01,8.289851244367324457e-01,8.267206952323752356e-01,8.245299559520239407e-01,8.224176102931309851e-01,8.203882145369277845e-01,8.184461037162646946e-01,8.165954720745567386e-01,8.148402811885100405e-01,8.131842779193990678e-01,8.116309748110748234e-01,8.101837208264961454e-01,8.088455573977145763e-01,8.076193866959918699e-01,8.065077537471797564e-01,8.055130217350051636e-01,8.046373178722082686e-01,8.038824981350823906e-01,8.032501182928507566e-01,8.027415728102524906e-01,8.023578991789803716e-01,8.020999117665518208e-01,8.019681823074725768e-01,8.019630089004252671e-01,8.020843909542079153e-01,8.023321351061309947e-01,8.027057339774060774e-01,8.032044697012097334e-01,8.038273149621821823e-01,8.045730884181772069e-01,8.054402678664576154e-01,8.064271287030889690e-01,8.075317465558435881e-01,8.087519274347851894e-01,8.100852573737722384e-01,8.115291329080424054e-01,8.130807145302609840e-01,8.147370088994742021e-01,8.164947792685347538e-01,8.183506374434802444e-01,8.203009941136109040e-01,8.223421461131971144e-01,8.244701932674582956e-01,8.266810727898479261e-01,8.289706315450848795e-01,8.313345856772731413e-01,8.337684864658158057e-01,8.362678483115293382e-01,8.388280592888429643e-01,8.414444323397267667e-01,8.441121613569173565e-01,8.468264806497569630e-01,8.495825135067590628e-01,8.523752923399883219e-01,8.551999552395369575e-01,8.580515050631631890e-01,8.609250185297747660e-01,8.638155164203606962e-01,8.667181139263258061e-01,8.696278597171412938e-01,8.725399211676942990e-01,8.754494901531280071e-01,8.783518158112503249e-01,8.812421825398942810e-01,8.841160377963419581e-01,8.869688318489559187e-01,8.897961751486417326e-01,8.925937102671465118e-01,8.953572909738833907e-01,8.980828390057871147e-01,9.007663767209066474e-01,9.034041298357941008e-01,9.059924388804748707e-01
1.066318305951509532e-01,1.068298045971112498e-01,1.070286777550598922e-01,1.072281117523613825e-01,1.074277705359172747e-01,1.076273256316940957e-01,1.078264480404083625e-01,1.080248264875859482e-01,1.082221413685510447e-01,1.084180871098985866e-01,1.086123709362217388e-01,1.088046989528015790e-01,1.089947996978785499e-01,1.091823993586888975e-01,1.093672454820627526e-01,1.095490903773616298e-01,1.097277042452346751e-01,1.099028657678806503e-01,1.100743692632016740e-01,1.102420262767714598e-01,1.104056602422282957e-01,1.105651067454101327e-01,1.107202224133630036e-01,1.108708764051392487e-01,1.110169556648582662e-01,1.111583610028243629e-01,1.112950154372316924e-01,1.114268519461146245e-01,1.115538226249900983e-01,1.116759005636719232e-01,1.117930666127560368e-01,1.119053324193563098e-01,1.120127114900334314e-01,1.121152432327896104e-01,1.122129806727363288e-01,1.123059920863578448e-01,1.123943607611928575e-01,1.124781914935819860e-01,1.125575965691037461e-01,1.126327043404061062e-01,1.127036619456994182e-01,1.127706229003198474e-01,1.128337573054128407e-01,1.128932474893207666e-01,1.129492879691268437e-01,1.130020802394165053e-01,1.130518432873830886e-01,1.130987920936273317e-01,1.131431633470429132e-01,1.131851902354787109e-01,1.132251229433990508e-01,1.132632079292438115e-01,1.132996992018147214e-01,1.133348579144907858e-01,1.133689413713350608e-01,1.134022134675654464e-01,1.134349346069000869e-01,1.134673670255041539e-01,1.134997691680738330e-01,1.135323995890077375e-01,1.135655086824179649e-01,1.135993431152122757e-01,1.136341474049647332e-01,1.136701548295760145e-01,1.137075910439705601e-01,1.137466743378870021e-01,1.137876065399822251e-01,1.138305855810382849e-01,1.138757923350111750e-01,1.139234005001231453e-01,1.139735578399219962e-01,1.140264065945885003e-01,1.140820721541292576e-01,1.141406564857543049e-01,1.142022526267093968e-01,1.142669255102774645e-01,1.143347304460819586e-01,1.144056937300204496e-01,1.144798279638334637e-01,1.145571205788306207e-01,1.146375416998678121e-01,1.147210295236695959e-01,1.148075102342786674e-01,1.148968852333647067e-01,1.149890256164465135e-01,1.150837852569520092e-01,1.151809920181797453e-01,1.152804489765381218e-01,1.153819439935394320e-01,1.154852237481225202e-01,1.155900278533637804e-01,1.156960614407200050e-01,1.158030148680290056e-01,1.159105461436662488e-01,1.160182991406490394e-01,1.161258910113779630e-01,1.162329132844470148e-01,1.163389427648552077e-01,1.164435330707794120e-01,1.165462190231081330e-01,1.166465110009760747e-01,1.167439064143315636e-01,1.168378822429965019e-01,1.169279027985015568e-01,1.170134068690168033e-01,1.170938305946639113e-01,1.171685879028152161e-01,1.172370876503374543e-01,1.172987170342441876e-01,1.173528593561136008e-01,1.173988969038341768e-01,1.174361838887278964e-01,1.174640898058505190e-01,1.174819696828827281e-01,1.174891743813443051e-01,1.174850525660194878e-01,1.174689596879890247e-01,1.174402428749967281e-01,1.173982591512398310e-01,1.173423662652397642e-01,1.172719277791032522e-01,1.171863151989912533e-01,1.170849100654094005e-01,1.169671038058177071e-01,1.168322962085443645e-01,1.166799098040336713e-01,1.165093706567469356e-01,1.163201319939900086e-01,1.161116545398874489e-01,1.158834300455822558e-01,1.156349648339340119e-01,1.153657898075754890e-01,1.150754555834803544e-01,1.147635479927782282e-01,1.144296689535535122e-01,1.140734552257559320e-01,1.136945686176421694e-01,1.132927052022592029e-01,1.128675901790891639e-01,1.124189857979204649e-01,1.119466827611132198e-01,1.114505045313228110e-01,1.109303165671299829e-01,1.103860237828157981e-01,1.098175552855327891e-01,1.092248950117721412e-01,1.086080479255851772e-01,1.079670717087727327e-01,1.073020583036375375e-01,1.066131414811942457e-01,1.059004917290760350e-01,1.051643273802932294e-01,1.044049008457921812e-01,1.036225076046491944e-01,1.028174845401082782e-01,1.019902122045502346e-01,1.011411041898521851e-01,1.002706241565235190e-01,9.937926789203106737e-02,9.846757604726329161e-02,9.753612400685146566e-02,9.658553363320837581e-02,9.561645431596364764e-02,9.462957829714768732e-02,9.362563621598750385e-02,9.260539245266244390e-02,9.156964088459546014e-02,9.051921699621645612e-02,8.945498009287067287e-02,8.837783394083356669e-02,8.728869371402390998e-02,8.618851974265130667e-02,8.507828858866510469e-02,8.395900874244283107e-02,8.283170679354469323e-02,8.169744364887106258e-02,8.055728790166774567e-02,7.941233201900886607e-02,7.826368742641370835e-02,7.711248473968748685e-02,7.595986005303961841e-02,7.480696815362923580e-02,7.365497436951300159e-02,7.250504681261334128e-02,7.135836676880247254e-02,7.021611757045566338e-02,6.907948142416836523e-02,6.794965168600318461e-02,6.682780665934658082e-02,6.571513336664200344e-02,6.461280560013892005e-02,6.352199534535948877e-02,6.244386304160911422e-02,6.137956169812024826e-02,6.033022309313918613e-02,5.929697493251816914e-02,5.828091840521370387e-02,5.728314704489576026e-02,5.630472321017241516e-02,5.534669448512775231e-02,5.441008151618724475e-02,5.349588129776543938e-02,5.260506288229475219e-02,5.173856894057886346e-02,5.089730498143500703e-02,5.008215589416400298e-02,4.929396445135058452e-02,4.853354184565034785e-02,4.780166582463772629e-02,4.709907458121056351e-02,4.642646700311178071e-02,4.578450969753457972e-02,4.517382393570545246e-02,4.459499058824167861e-02,4.404854580379551077e-02,4.353499010081932769e-02,4.305477634347165683e-02,4.260831344481563060e-02,4.219597006855969196e-02,4.181806386994980224e-02,4.147487278800274929e-02,4.116662556266151296e-02,4.089350700207183137e-02,4.065566195028957192e-02,4.045317627496790996e-02,4.028610367291121652e-02,4.015444469001087230e-02,4.005815990594878417e-02,3.999716080947881419e-02,3.997131552220455769e-02,3.998045125664125704e-02,4.002435193457287710e-02,4.010274953579332641e-02,4.021534836907722510e-02,4.036180227334856818e-02,4.054172796318065985e-02,4.075470265439665174e-02,4.100026648855226857e-02,4.127791814577903839e-02,4.158712577787917336e-02,4.192731916493550037e-02,4.229789783353836430e-02,4.269822274262125711e-02,4.312763046107546266e-02,4.358542666611889271e-02,4.407088576249713896e-02,4.458325778990799432e-02,4.512176863001479687e-02,4.568562160357420021e-02,4.627399092339587461e-02,4.688603971087271227e-02,4.752090682540457273e-02,4.817771434178105827e-02,4.885557152235413952e-02,4.955357065523138121e-02,5.027079497637360062e-02,5.100631534228485670e-02,5.175919195933406658e-02,5.252848696949689172e-02,5.331324257058908667e-02,5.411250804120424501e-02,5.492532872212643746e-02,5.575074700517113763e-02,5.658780690972469579e-02,5.743555726533415562e-02,5.829304897105604816e-02,5.915933619444713187e-02,6.003348950050708954e-02,6.091457416723398965e-02,6.180168257215939293e-02,6.269390171580062343e-02,6.359033957969023598e-02,6.449012021381182735e-02,6.539237859553807819e-02,6.629626766054816378e-02,6.720095378802889985e-02,6.810562928916664982e-02,6.900950283638788985e-02,6.991179926195212335e-02,7.081177150559012090e-02,7.170869114775590969e-02,7.260185367498117603e-02,7.349057647570270135e-02,7.437419865946059971e-02,7.525209224005938169e-02,7.612365154055403260e-02,7.698829206543038317e-02,7.784545736677998817e-02,7.869462459710345470e-02,7.953528364693700226e-02,8.036696217854188973e-02,8.118921207302758070e-02,8.200161382937663779e-02,8.280376813024244165e-02,8.359530939678312678e-02,8.437589682031752802e-02,8.514521773625081946e-02,8.590297998889143138e-02,8.664892126370499215e-02,8.738281205676652619e-02,8.810443421868523195e-02,8.881359936396265864e-02,8.951015100581567741e-02,9.019394889360445033e-02,9.086487553939157080e-02,9.152284141692121344e-02,9.216777101421558260e-02,9.279961775632619703e-02,9.341834562239847983e-02,9.402395249864152482e-02,9.461644143663759665e-02,9.519584090964766654e-02,9.576219126056173536e-02,9.631555502591401807e-02,9.685600260615215285e-02,9.738362859272278738e-02,9.789853390096159291e-02,9.840083266847862720e-02,9.889065035708732854e-02,9.936812542808955151e-02,9.983340450723514337e-02,1.002866464199771435e-01,1.007280122704809211e-01,1.011576685566326350e-01,1.015758003451923547e-01,1.019825843400871956e-01,1.023782054610773429e-01,1.027628558840483070e-01,1.031367266617665424e-01,1.035000135445265784e-01,1.038529058220709761e-01,1.041956057096936894e-01,1.045283014656291642e-01,1.048511895123230842e-01,1.051644560205333978e-01,1.054682957482049599e-01,1.057628921071860906e-01,1.060484217576983246e-01,1.063250658832134432e-01,1.065929954485519138e-01,1.068523785583223307e-01,1.071033741261781802e-01,1.073461379381018127e-01,1.075808246327972229e-01,1.078075652183216881e-01,1.080265035601857826e-01,1.082377608892022836e-01,1.084414644973138442e-01,1.086377237269752494e-01,1.088266413499030666e-01,1.090083204122714866e-01,1.091828487689492228e-01,1.093503093771293483e-01,1.095107755594915827e-01,1.096643227258249503e-01,1.098110004719662636e-01,1.099508692582260305e-01,1.100839787018184357e-01,1.102103654071488331e-01,1.103300628698555691e-01,1.104431006315444858e-01,1.105495047915511508e-01,1.106492909700663441e-01,1.107424699830407838e-01,1.108290581081017717e-01,1.109090534592709065e-01,1.109824629252526701e-01,1.110492783543155920e-01,1.111095073649547571e-01,1.111631377849593982e-01,1.112101671564439398e-01,1.112505856046614588e-01,1.112843895308468084e-01,1.113115702375920141e-01,1.113321234402919330e-01,1.113460433770208924e-01,1.113533328704305464e-01,1.113539883013283938e-01,1.113480174085843960e-01,1.113354292012900953e-01,1.113162332352403416e-01,1.112904502022916409e-01,1.112580994607762358e-01,1.112192131464643935e-01,1.111738262916601577e-01,1.111219794750145096e-01,1.110637259978076163e-01,1.109991166623595371e-01,1.109282249450130597e-01,1.108511171126198153e-01,1.107678782209184504e-01,1.106786032214937682e-01,1.105833867445509405e-01,1.104823448466822761e-01,1.103755967029918655e-01,1.102632706634356363e-01,1.101455096314306326e-01,1.100224595276773354e-01,1.098942870368472824e-01,1.097611602251495760e-01,1.096232581966927466e-01,1.094807777584843461e-01,1.093339216392714280e-01,1.091828943032128185e-01,1.090279168034232193e-01,1.088692292314105137e-01,1.087070695621132066e-01,1.085416824154742943e-01,1.083733320500799707e-01,1.082022809795877005e-01,1.080288083809017863e-01,1.078531944011043436e-01,1.076757263786027319e-01,1.074967067497042128e-01,1.073164391429638070e-01,1.071352261008002987e-01,1.069533826687320416e-01,1.067712328039293751e-01,1.065890935654247029e-01,1.064072896397963153e-01,1.062261571362891066e-01,1.060460171961081777e-01,1.058672065405157903e-01,1.056900568288671183e-01,1.055148966789286463e-01,1.053420604857694398e-01,1.051718765140994410e-01
5.385126873060736008e-01,5.395691794564189125e-01,5.406081296274763970e-01,5.416306846076587300e-01,5.426380685261159575e-01,5.436316412728569025e-01,5.446128624306126875e-01,5.455832850178068405e-01,5.465444997399617755e-01,5.474982548009866834e-01,5.484463211533661120e-01,5.493905244584000869e-01,5.503327532770778685e-01,5.512749559031732138e-01,5.522190821417679585e-01,5.531671591659695908e-01,5.541211876029409344e-01,5.550831917208791655e-01,5.560551958046198173e-01,5.570392050334433964e-01,5.580372267313264967e-01,5.590512352589236400e-01,5.600831400857338993e-01,5.611348547727347258e-01,5.622081926926683071e-01,5.633049216579216756e-01,5.644267497170857295e-01,5.655752877547700619e-01,5.667520719730887446e-01,5.679585383462647519e-01,5.691960058024793101e-01,5.704657036163850448e-01,5.717687450179802511e-01,5.731061048705318184e-01,5.744786224268954022e-01,5.758870326867256972e-01,5.773319042415965274e-01,5.788136699731530888e-01,5.803326035001711292e-01,5.818888374735928792e-01,5.834823277591190127e-01,5.851128922887290917e-01,5.867801815574517077e-01,5.884836468161354084e-01,5.902226344194910768e-01,5.919962650635959278e-01,5.938035294351569071e-01,5.956432314734216860e-01,5.975140048883438304e-01,5.994143270651222100e-01,6.013425178033401375e-01,6.032967091212976252e-01,6.052749017313813207e-01,6.072749178967529193e-01,6.092944428061515261e-01,6.113310109727175812e-01,6.133820159484009160e-01,6.154446777064679353e-01,6.175161520217447020e-01,6.195934108858733858e-01,6.216733475073832338e-01,6.237527187575789833e-01,6.258281761980490909e-01,6.278962950859294789e-01,6.299535379692057235e-01,6.319963144461199223e-01,6.340209543714216966e-01,6.360237231331461460e-01,6.380008482993655416e-01,6.399485065876813206e-01,6.418628208404778546e-01,6.437399479378802525e-01,6.455759961966580640e-01,6.473670892461015347e-01,6.491093763935111838e-01,6.507990030674380977e-01,6.524321608089007629e-01,6.540050842191831304e-01,6.555140876050069565e-01,6.569555085505374148e-01,6.583258073792204179e-01,6.596215168820104280e-01,6.608392466965625767e-01,6.619757920785026561e-01,6.630279629809003872e-01,6.639927814669033257e-01,6.648673819672277219e-01,6.656490537609037750e-01,6.663352464897801530e-01,6.669235960455318635e-01,6.674118732739450222e-01,6.677980963407779136e-01,6.680804241772893004e-01,6.682572422106987098e-01,6.683271347885895164e-01,6.682889380231127330e-01,6.681416642177459009e-01,6.678845629358053371e-01,6.675171492489301306e-01,6.670391245938952496e-01,6.664504569918457966e-01,6.657513770699347022e-01,6.649423175398803121e-01,6.640240163748459823e-01,6.629974113068252128e-01,6.618637101308266768e-01,6.606243825468292030e-01,6.592811223172355684e-01,6.578358848060819053e-01,6.562909037837468818e-01,6.546486250844616439e-01,6.529117349166381201e-01,6.510831606383322701e-01,6.491660863869812559e-01,6.471639164505266217e-01,6.450802613480850489e-01,6.429189694849070102e-01,6.406840953585575260e-01,6.383798828041640228e-01,6.360107960486837131e-01,6.335814833553891079e-01,6.310967617355136561e-01,6.285616263730426923e-01,6.259812075119579600e-01,6.233608199551085027e-01,6.207058919271930542e-01,6.180220176110787778e-01,6.153148491403542808e-01,6.125901822179566913e-01,6.098538704234798269e-01,6.071119089217991149e-01,6.043702796488953366e-01,6.016350782097070748e-01,5.989124083222859829e-01,5.962083945340139746e-01,5.935292108952333612e-01,5.908809746911177774e-01,5.882698431337319844e-01,5.857019009612507432e-01,5.831832150435282136e-01,5.807197646323600804e-01,5.783174902252237182e-01,5.759822452673039050e-01,5.737197583778373966e-01,5.715356499303014814e-01,5.694354460460081535e-01,5.674245025511915896e-01,5.655080248765353979e-01,5.636910574777685978e-01,5.619784783063038747e-01,5.603749825244377369e-01,5.588850327997452183e-01,5.575129196275223631e-01,5.562626825176595347e-01,5.551381374487912579e-01,5.541428624762408939e-01,5.532801830982774227e-01,5.525531753260422008e-01,5.519646343776822839e-01,5.515170854977125003e-01,5.512127786086358228e-01,5.510536711647030517e-01,5.510414275543875640e-01,5.511774201117815020e-01,5.514627008695870414e-01,5.518980390933255764e-01,5.524838938630370899e-01,5.532204061438643627e-01,5.541074043987784803e-01,5.551444077934383214e-01,5.563306399375174127e-01,5.576649799981122646e-01,5.591460414778998134e-01,5.607720741528233743e-01,5.625410942404259762e-01,5.644507376431430190e-01,5.664984446186289713e-01,5.686812507773872927e-01,5.709960048493722962e-01,5.734392170147682988e-01,5.760071592969285836e-01,5.786958052495547733e-01,5.815009180582325632e-01,5.844179895956722604e-01,5.874422808951659247e-01,5.905688028594662242e-01,5.937924076539990992e-01,5.971076746363379595e-01,6.005090730853922532e-01,6.039907988924566595e-01,6.075469493531899801e-01,6.111714518841941945e-01,6.148580657459546961e-01,6.186004565575815572e-01,6.223921599102043567e-01,6.262266134082493663e-01,6.300971592466461102e-01,6.339971044595940075e-01,6.379196638496419380e-01,6.418580270932489062e-01,6.458053674491460727e-01,6.497548084384283662e-01,6.536995665057898641e-01,6.576327602336357048e-01,6.615476339424400942e-01,6.654374596997092439e-01,6.692955525746117074e-01,6.731153144778911912e-01,6.768902781195490492e-01,6.806140481520581709e-01,6.842803484993208452e-01,6.878830432293764341e-01,6.914161855381962818e-01,6.948739448364643634e-01,6.982506643723800366e-01,7.015409080676630049e-01,7.047394491430210017e-01,7.078411787744566253e-01,7.108413311905025234e-01,7.137352731877770751e-01,7.165186915025603120e-01,7.191874542312932661e-01,7.217377434193332775e-01,7.241659694555524496e-01,7.264688179387089884e-01,7.286432681178758308e-01,7.306865956264613216e-01,7.325963226830839448e-01,7.343703080926701210e-01,7.360066816633671349e-01,7.375039120285888927e-01,7.388607129033115672e-01,7.400761379675319107e-01,7.411495778163249559e-01,7.420806455077700869e-01,7.428693360391983580e-01,7.435158901551622845e-01,7.440209087085745132e-01,7.443852306642994021e-01,7.446100380286120313e-01,7.446967450038002312e-01,7.446471281495488093e-01,7.444631740545020193e-01,7.441471745725593001e-01,7.437016758328721666e-01,7.431295079398358983e-01,7.424337271531084026e-01,7.416176034620426405e-01,7.406846900455016369e-01,7.396387448432186762e-01,7.384837378924922202e-01,7.372237956161407091e-01,7.358633122732576304e-01,7.344068136750071529e-01,7.328589707945935006e-01,7.312246528098634846e-01,7.295088323658217577e-01,7.277166416017761819e-01,7.258533050795270558e-01,7.239241173711121746e-01,7.219345196632854789e-01,7.198900016669352864e-01,7.177960811296562049e-01,7.156583407647053585e-01,7.134823973433042088e-01,7.112738706887165030e-01,7.090383973820556518e-01,7.067815814866440505e-01,7.045090031582248447e-01,7.022262124344587075e-01,6.999386797484392631e-01,6.976518262805830872e-01,6.953709909272091094e-01,6.931014025007218304e-01,6.908481814389944020e-01,6.886163346499302174e-01,6.864107388639911767e-01,6.842361233985824187e-01,6.820970370361458812e-01,6.799978972962736901e-01,6.779429215442224210e-01,6.759361440429135781e-01,6.739813995899599508e-01,6.720823069908958836e-01,6.702423053635458983e-01,6.684645831183402276e-01,6.667520999541304283e-01,6.651075796487567748e-01,6.635335065278592515e-01,6.620321309396581810e-01,6.606054353494795750e-01,6.592551542224599492e-01,6.579827729808687131e-01,6.567894858578406936e-01,6.556762602651167171e-01,6.546437784876616428e-01,6.536924458286396122e-01,6.528224690637850491e-01,6.520336994151262333e-01,6.513257810852709495e-01,6.506981237185166522e-01,6.501497966342090207e-01,6.496797061125110240e-01,6.492864650686328565e-01,6.489684378602746939e-01,6.487237809078715278e-01,6.485503936482206466e-01,6.484459719073845108e-01,6.484079593890669235e-01,6.484336511875861131e-01,6.485200611958784611e-01,6.486640805088103034e-01,6.488624115119095981e-01,6.491115156445340650e-01,6.494077886560225554e-01,6.497473926521835086e-01,6.501263967380462860e-01,6.505407370114238974e-01,6.509862058391441275e-01,6.514584988735023785e-01,6.519532465520114783e-01,6.524659836229080856e-01,6.529921483572427299e-01,6.535271426683370022e-01,6.540663467954047627e-01,6.546050687945862423e-01,6.551386440339662665e-01,6.556623795575007296e-01,6.561715956738451982e-01,6.566616136745649923e-01,6.571278232123518581e-01,6.575656493271030412e-01,6.579705718143088466e-01,6.583381485591220939e-01,6.586640063531434830e-01,6.589439042688809423e-01,6.591736514509496381e-01,6.593492524754739348e-01,6.594667680007663124e-01,6.595224320100757653e-01,6.595126398733462958e-01,6.594339444942295403e-01,6.592830245937784106e-01,6.590567971770778799e-01,6.587523584967249768e-01,6.583669469168398347e-01,6.578980508506745428e-01,6.573433538433691714e-01,6.567007630856287470e-01,6.559683869908914389e-01,6.551445895872879399e-01,6.542279290999644115e-01,6.532172112459602165e-01,6.521114965411638487e-01,6.509100653218981014e-01,6.496124508391712959e-01,6.482184100018778539e-01,6.467279662281939512e-01,6.451413677058471796e-01,6.434591243896793378e-01,6.416819762899151902e-01,6.398108913837819989e-01,6.378471101799465526e-01,6.357920654767280633e-01,6.336474614774396663e-01,6.314151754251813298e-01,6.290973634799000846e-01,6.266963781533685385e-01,6.242147413973753167e-01,6.216552448180079349e-01,6.190208242955627105e-01,6.163146295529102758e-01,6.135400025103980859e-01,6.107004156130598771e-01,6.077995496469446035e-01,6.048412133748425346e-01,6.018293649046974059e-01,5.987681101662942762e-01,5.956616610216964869e-01,5.925143743108836070e-01,5.893306650429785964e-01,5.861150789025447727e-01,5.828722185192064531e-01,5.796067712854265919e-01,5.763234865355272296e-01,5.730271263585716701e-01,5.697225569012889235e-01,5.664145795264478034e-01,5.631080947889628430e-01,5.598079262677513324e-01,5.565189477824158404e-01,5.532459719381239704e-01,5.499937735618529722e-01,5.467671152455149119e-01,5.435706579387621362e-01,5.404090501218449250e-01,5.372868070831107179e-01,5.342083809293164398e-01,5.311781162329619610e-01,5.282002668509580001e-01,5.252789268360615882e-01,5.224181116675424841e-01,5.196216634693068270e-01,5.168932855451785491e-01,5.142365384380562787e-01,5.116548318503411075e-01,5.091513528015977341e-01,5.067291936622939641e-01,5.043911765820091597e-01,5.021400368554516103e-01,4.999782359002013510e-01,4.979080771074711476e-01,4.959316530425453284e-01,4.940508755744885683e-01,4.922673934868777024e-01,4.905827118568588108e-01,4.889980921960008775e-01,4.875145900810994859e-01,4.861330351383659765e-01,4.848540939582011156e-01,4.836781595381347554e-01,4.826054451263932510e-01,4.816359504818561454e-01,4.807694752268112937e-01,4.800056136865382128e-01,4.793437549960768429e-01,4.787830742655675431e-01
1.227762149870052222e-01,1.223208001703121883e-01,1.219445309593228249e-01,1.216487238474109889e-01,1.214346030274828792e-01,1.213032749702993851e-01,1.212557539308137672e-01,1.212929248385539449e-01,1.214155646980055875e-01,1.216243387066358456e-01,1.219197864848157176e-01,1.223023283610804035e-01,1.227722647628428920e-01,1.233297636837419053e-01,1.239748708148967343e-01,1.247075014538501503e-01,1.255274503719222001e-01,1.264343693491157272e-01,1.274277953330198720e-01,1.285071216380563042e-01,1.296716204161156849e-01,1.309204257792759007e-01,1.322525440152675091e-01,1.336668637088391787e-01,1.351621309034431451e-01,1.367369726734841973e-01,1.383898834957816848e-01,1.401192379874080240e-01,1.419232979635419167e-01,1.438001863251521795e-01,1.457479253311735057e-01,1.477644182215683277e-01,1.498474523226771549e-01,1.519947051480142197e-01,1.542037542538989559e-01,1.564720749533963784e-01,1.587970461009243772e-01,1.611759458813899482e-01,1.636059616432845587e-01,1.660842006113442404e-01,1.686076827733602179e-01,1.711733620637524989e-01,1.737781115939184551e-01,1.764187409650408711e-01,1.790919932694743366e-01,1.817945566028175142e-01,1.845230788893352791e-01,1.872741434227087609e-01,1.900443136550013790e-01,1.928300999295836371e-01,1.956279965905437512e-01,1.984344665116623829e-01,2.012459667244068384e-01,2.040589366485712486e-01,2.068698093812246230e-01,2.096750240803018639e-01,2.124710214313058065e-01,2.152542603542655641e-01,2.180212145210401464e-01,2.207683919711460885e-01,2.234923180229659578e-01,2.261895677582630437e-01,2.288567548673031415e-01,2.314905393294305891e-01,2.340876395247857011e-01,2.366448298975132036e-01,2.391589551937750024e-01,2.416269422048767379e-01,2.440457608138879575e-01,2.464124981112761903e-01,2.487243078582141442e-01,2.509784387353806712e-01,2.531722414840992252e-01,2.553031677013554157e-01,2.573687624019707076e-01,2.593667004632070894e-01,2.612947419859619758e-01,2.631508012490790804e-01,2.649328686857739812e-01,2.666390950443055519e-01,2.682677386765052185e-01,2.698172027880114121e-01,2.712860090933641999e-01,2.726728150944924267e-01,2.739764163457764079e-01,2.751957744471469347e-01,2.763299355555538517e-01,2.773781350108665555e-01,2.783397284883706857e-01,2.792142318757647734e-01,2.800012860498244383e-01,2.807006887486455660e-01,2.813123837140293904e-01,2.818364512298734414e-01,2.822731192540265943e-01,2.826227634585952164e-01,2.828858815814500605e-01,2.830631389622170202e-01,2.831553355175910336e-01,2.831633916616504432e-01,2.830883815916049873e-01,2.829315029044134899e-01,2.826940807714820036e-01,2.823775850854788882e-01,2.819835892384454645e-01,2.815138097311103982e-01,2.809700697221870769e-01,2.803542930217661766e-01,2.796685555070145268e-01,2.789149987635335393e-01,2.780958886294803700e-01,2.772135920845270052e-01,2.762705476170660424e-01,2.752693283676997948e-01,2.742125290408878313e-01,2.731028834937263561e-01,2.719431639757013963e-01,2.707362323562467199e-01,2.694849961513422487e-01,2.681924517851160261e-01,2.668615991374821417e-01,2.654955522518147037e-01,2.640974127457553777e-01,2.626703455418341604e-01,2.612175368419622501e-01,2.597422075817178433e-01,2.582475934613142066e-01,2.567369353701108858e-01,2.552135016324442174e-01,2.536805530940904330e-01,2.521413504056430055e-01,2.505991410587057322e-01,2.490571638917795649e-01,2.475186258591152155e-01,2.459867406726408412e-01,2.444646476521531164e-01,2.429554854577457845e-01,2.414623433770591021e-01,2.399882558321537740e-01,2.385362147107795983e-01,2.371091607591732375e-01,2.357099633751789380e-01,2.343414345965117718e-01,2.330063189022689718e-01,2.317072859915108307e-01,2.304469315118390371e-01,2.292277476972567618e-01,2.280521836267449531e-01,2.269225718307901207e-01,2.258411577315198593e-01,2.248100985250835737e-01,2.238314505858801373e-01,2.229071639996221543e-01,2.220390962973013416e-01,2.212289918380083986e-01,2.204784981205395733e-01,2.197891462415723085e-01,2.191623586804246904e-01,2.185994539902198497e-01,2.181016144875568552e-01,2.176699388170907079e-01,2.173053937792641110e-01,2.170088264100959452e-01,2.167809834240862765e-01,2.166224801645533771e-01,2.165338270395247844e-01,2.165154212534824985e-01,2.165675296377670977e-01,2.166903200766978066e-01,2.168838483173480824e-01,2.171480362547637821e-01,2.174827195940638447e-01,2.178876136458872403e-01,2.183623286378532646e-01,2.189063673616153116e-01,2.195191227148368673e-01,2.201998966599915397e-01,2.209478890337966683e-01,2.217621951464960328e-01,2.226418264019855431e-01,2.235856906183269766e-01,2.245926235365698909e-01,2.256613563578390158e-01,2.267905514788071397e-01,2.279787816788082788e-01,2.292245440481341379e-01,2.305262861537844821e-01,2.318823532766816076e-01,2.332910374460939185e-01,2.347505814298518345e-01,2.362591487663041334e-01,2.378148660589101127e-01,2.394157880807568917e-01,2.410599564220675117e-01,2.427453246871658643e-01,2.444698468381888423e-01,2.462314268175506971e-01,2.480279290115366686e-01,2.498571928869856018e-01,2.517170492686537364e-01,2.536052822346773761e-01,2.555196840170591566e-01,2.574580157630979027e-01,2.594180517297637878e-01,2.613975326885431549e-01,2.633942235416448230e-01,2.654058651062855545e-01,2.674302252899565802e-01,2.694650829376799006e-01,2.715081969251698091e-01,2.735573761768395618e-01,2.756104360247773055e-01,2.776651965282087575e-01,2.797195355617993484e-01,2.817713236195960591e-01,2.838184850683643790e-01,2.858589630744605703e-01,2.878907454005213418e-01,2.899118421699288239e-01,2.919203131148779828e-01,2.939142697550463090e-01,2.958918353519579547e-01,2.978512161108724521e-01,2.997906411405831806e-01,3.017083987178547644e-01,3.036028188401138084e-01,3.054722869925752260e-01,3.073152468947089044e-01,3.091301795211401360e-01,3.109156551210069952e-01,3.126702581158408711e-01,3.143926578732347821e-01,3.160815717674446690e-01,3.177357675599724041e-01,3.193540974071273353e-01,3.209354337243870425e-01,3.224787314279130568e-01,3.239830115281562839e-01,3.254473273870802652e-01,3.268708269389563048e-01,3.282526756462489925e-01,3.295921189906392823e-01,3.308884674129590753e-01,3.321410730917061516e-01,3.333493560850221971e-01,3.345127845371735908e-01,3.356308727293050853e-01,3.367032169103519879e-01,3.377294345398164088e-01,3.387092343294934027e-01,3.396423226038647325e-01,3.405285189546691793e-01,3.413676319370863022e-01,3.421595688408880509e-01,3.429042477391927024e-01,3.436016576203897444e-01,3.442518132007177933e-01,3.448547777063089570e-01,3.454106607765654591e-01,3.459196151565375188e-01,3.463818315524274105e-01,3.467975282034170270e-01,3.471669777276914504e-01,3.474904590163973017e-01,3.477683179998953822e-01,3.480009223031697574e-01,3.481886589345976613e-01,3.483319510313183098e-01,3.484312655507409429e-01,3.484870768849799294e-01,3.484998882022891653e-01,3.484702461342737978e-01,3.483986928710366970e-01,3.482858129047557427e-01,3.481322089221468574e-01,3.479385021894972896e-01,3.477053302450981431e-01,3.474333427830562648e-01,3.471232398382408935e-01,3.467756803735195792e-01,3.463913914915380809e-01,3.459710885376213185e-01,3.455155016013250480e-01,3.450253817276369706e-01,3.445014783836017891e-01,3.439445678904100578e-01,3.433554174012664606e-01,3.427348232420764917e-01,3.420835786036670600e-01,3.414024892687897994e-01,3.406923621307209604e-01,3.399540198006777425e-01,3.391882768108460677e-01,3.383959781236755560e-01,3.375779488665642258e-01,3.367350204197963603e-01,3.358680613594697273e-01,3.349778896263685968e-01,3.340653778926201967e-01,3.331313673370621675e-01,3.321767243149346127e-01,3.312022976231686622e-01,3.302089524405357190e-01,3.291975501104925650e-01,3.281689478718401998e-01,3.271240242411340704e-01,3.260636249982979407e-01,3.249886230140100474e-01,3.238998773814179555e-01,3.227982578549121184e-01,3.216846305142426199e-01,3.205598336371451862e-01,3.194247523643873876e-01,3.182802077882662117e-01,3.171270913327783880e-01,3.159662227224718234e-01,3.147984634531840187e-01,3.136246605968587287e-01,3.124456365812957048e-01,3.112622277684413130e-01,3.100752670691859780e-01,3.088855690373479845e-01,3.076939437342404160e-01,3.065012022298426175e-01,3.053081361530299853e-01,3.041155442118650964e-01,3.029241879148897310e-01,3.017348502611751915e-01,3.005482791891999628e-01,2.993652156046505142e-01,2.981864068268565982e-01,2.970125519759600485e-01,2.958443767036801342e-01,2.946825462398313111e-01,2.935277483854816238e-01,2.923806252191580857e-01,2.912418282205848086e-01,2.901119555940833150e-01,2.889916240814484061e-01,2.878813983395216991e-01,2.867818349561426228e-01,2.856934526248476880e-01,2.846167831335129073e-01,2.835522845426457494e-01,2.825004147818520051e-01,2.814616115193780965e-01,2.804362712924687306e-01,2.794247560376336148e-01,2.784274125027417779e-01,2.774445491739268022e-01,2.764764444209950600e-01,2.755233386774011972e-01,2.745854493954151265e-01,2.736629408599975943e-01,2.727559660238801365e-01,2.718646189611496067e-01,2.709889738066003084e-01,2.701290595327743849e-01,2.692848644135309999e-01,2.684563401978099506e-01,2.676434148444339356e-01,2.668459419728008708e-01,2.660637770108564837e-01,2.652966962614238811e-01,2.645444649416677230e-01,2.638067869336198079e-01,2.630833416178411377e-01,2.623737570797374796e-01,2.616776327763311594e-01,2.609944996832813113e-01,2.603238877265553475e-01,2.596652615234184003e-01,2.590180497157766881e-01,2.583816405575768971e-01,2.577553970652469162e-01,2.571386332331869751e-01,2.565306297190236284e-01,2.559306255499200766e-01,2.553378389211450883e-01,2.547514290620120914e-01,2.541705655035512712e-01,2.535943337697321720e-01,2.530218486991996363e-01,2.524521236469904339e-01,2.518842264651863783e-01,2.513171454928280757e-01,2.507498567583141269e-01,2.501813257737422469e-01,2.496104949158951258e-01,2.490362844208613147e-01,2.484576082403425201e-01,2.478733551352086673e-01,2.472824166216414932e-01,2.466836770684041336e-01,2.460759994517603688e-01,2.454582538668335367e-01,2.448293246018049540e-01,2.441880596827456229e-01,2.435333493384626291e-01,2.428640718097489770e-01,2.421791386458956863e-01,2.414774357675630867e-01,2.407579019340742033e-01,2.400194655405196997e-01,2.392611127615441591e-01,2.384818034138520837e-01,2.376805808022439126e-01,2.368564758574024098e-01,2.360085744730751056e-01,2.351359883519416882e-01,2.342378717796651244e-01,2.333134225085442548e-01,2.323618896451407068e-01,2.313825516913355917e-01,2.303747435849876901e-01,2.293378540622985629e-01,2.282713482133904015e-01,2.271747076016316924e-01,2.260474990164552667e-01,2.248893404152319531e-01,2.236999335793122823e-01,2.224790276115874432e-01,2.212264374716549353e-01,2.199420711255779814e-01,2.186258809467831188e-01,2.172779144786544936e-01,2.158982808108571294e-01
2.192284007496449749e-01,2.169668311585167819e-01,2.148051268323121488e-01,2.127467263357132043e-01,2.107949366060141161e-01,2.089529329290242265e-01,2.072237268876390426e-01,2.056101910464374349e-01,2.041150237458557448e-01,2.027407716252755399e-01,2.014897849409499619e-01,2.003642600608804836e-01,1.993661979264381712e-01,1.984974110634951106e-01,1.977595177242427726e-01,1.971539496554446103e-01,1.966819191432824243e-01,1.963444615103543955e-01,1.961423793479907252e-01,1.960762840707784838e-01,1.961465629698676549e-01,1.963534096331841228e-01,1.966967772226964062e-01,1.971764339111290454e-01,1.977919121801240132e-01,1.985425388747064923e-01,1.994274233980349031e-01,2.004454781901987559e-01,2.015953726943615631e-01,2.028755992987516243e-01,2.042844316074970967e-01,2.058199345471083963e-01,2.074799746899276542e-01,2.092622199399887251e-01,2.111641568729451524e-01,2.131830737604919201e-01,2.153160742797933236e-01,2.175600831127603441e-01,2.199118570271377804e-01,2.223679856833084278e-01,2.249248904986745623e-01,2.275788493069989815e-01,2.303259779250672323e-01,2.331622659339740999e-01,2.360835630103489402e-01,2.390855970671316166e-01,2.421639734177281900e-01,2.453141915967239350e-01,2.485316585646950294e-01,2.518116814796014791e-01,2.551494783483345685e-01,2.585402033785538789e-01,2.619789393918594556e-01,2.654607124522462280e-01,2.689805195315143616e-01,2.725332939889173467e-01,2.761139584310814410e-01,2.797174068374216338e-01,2.833385386582588095e-01,2.869722389106390548e-01,2.906134056607754257e-01,2.942569544906130652e-01,2.978978379461732495e-01,3.015310574598523141e-01,3.051516200697280690e-01,3.087546271091936023e-01,3.123352341980553670e-01,3.158886549058730342e-01,3.194102092600694109e-01,3.228952910207826266e-01,3.263393880413766879e-01,3.297381150808712524e-01,3.330871681648870930e-01,3.363824052869984760e-01,3.396197696768057939e-01,3.427953659488996996e-01,3.459054261797988028e-01,3.489463435081345266e-01,3.519146415750777357e-01,3.548070227316199587e-01,3.576203392113739277e-01,3.603516183236895598e-01,3.629980598442539841e-01,3.655570207843705233e-01,3.680260497037556311e-01,3.704028961454302049e-01,3.726854629825611109e-01,3.748718602474725992e-01,3.769603782274650317e-01,3.789494960070255991e-01,3.808378827684471557e-01,3.826244274038115845e-01,3.843081708356403947e-01,3.858883654011057707e-01,3.873644529296078609e-01,3.887360673034979675e-01,3.900030408317503583e-01,3.911653782701607351e-01,3.922232708863298001e-01,3.931771080101035820e-01,3.940274331538144437e-01,3.947749963925152872e-01,3.954207037716376827e-01,3.959656250365351515e-01,3.964110250142583447e-01,3.967583012875276482e-01,3.970090017481223144e-01,3.971648476189308385e-01,3.972277056258116668e-01,3.971995556752876966e-01,3.970825473055499821e-01,3.968789302079894776e-01,3.965910889653159743e-01,3.962215057478005176e-01,3.957728133099886469e-01,3.952476978995447809e-01,3.946489520595256040e-01,3.939794890198122235e-01,3.932422605614566136e-01,3.924403144280013689e-01,3.915767470523030536e-01,3.906547441580024427e-01,3.896775055382488695e-01,3.886482856342726722e-01,3.875703974710340560e-01,3.864471564796485570e-01,3.852819094915668208e-01,3.840780037418623505e-01,3.828388184750306511e-01,3.815677097336532819e-01,3.802680332598613600e-01,3.789431304895532482e-01,3.775963342361300934e-01,3.762309094807699261e-01,3.748501318985810182e-01,3.734572070881900241e-01,3.720553077087663252e-01,3.706475433954881105e-01,3.692369830752578741e-01,3.678265943322109877e-01,3.664193235726492248e-01,3.650180003670049911e-01,3.636253969606264014e-01,3.622441999851827021e-01,3.608769970964774143e-01,3.595263067922991329e-01,3.581945245926953514e-01,3.568839657403342080e-01,3.555968341354580065e-01,3.543352370906542870e-01,3.531011735426232701e-01,3.518965313050833044e-01,3.507230762586088790e-01,3.495824795529818285e-01,3.484763075063419535e-01,3.474059808756585488e-01,3.463728280772004897e-01,3.453780627516587765e-01,3.444227746064711382e-01,3.435079356065068867e-01,3.426344266247627335e-01,3.418030004743572436e-01,3.410142870390682202e-01,3.402688260548712984e-01,3.395670453584857529e-01,3.389092510224180899e-01,3.382956695728551733e-01,3.377264159927210740e-01,3.372014920028681417e-01,3.367208241046587003e-01,3.362842463322270881e-01,3.358914822689750834e-01,3.355422000715784225e-01,3.352359614630279205e-01,3.349722535450127547e-01,3.347505099842290055e-01,3.345700768082785492e-01,3.344302356600836190e-01,3.343302108165361886e-01,3.342691646346935275e-01,3.342462202955760464e-01,3.342604359967782379e-01,3.343108391081550113e-01,3.343964210448164831e-01,3.345161329962150765e-01,3.346688934795018500e-01,3.348536058536445981e-01,3.350691509098643328e-01,3.353143883199741770e-01,3.355881694180553043e-01,3.358893524883467263e-01,3.362167721218765060e-01,3.365692896762655373e-01,3.369457544500265578e-01,3.373450346063329164e-01,3.377660030351898879e-01,3.382075682650619863e-01,3.386686484410357245e-01,3.391481896228249471e-01,3.396451750679074788e-01,3.401586036982826022e-01,3.406875147368900736e-01,3.412310049314888905e-01,3.417881899854772754e-01,3.423582234195401419e-01,3.429403291135796894e-01,3.435337508556468578e-01,3.441378013020121585e-01,3.447518292620067593e-01,3.453752320063948611e-01,3.460074932598739550e-01,3.466480968548616426e-01,3.472966304133832671e-01,3.479526840755383654e-01,3.486159635379555977e-01,3.492861778181934329e-01,3.499630971543655766e-01,3.506465637524874279e-01,3.513364759015449312e-01,3.520327591140411938e-01,3.527354107278865558e-01,3.534444579183573798e-01,3.541599876481157372e-01,3.548821335282607015e-01,3.556110646772410178e-01,3.563470040283816531e-01,3.570902088189592538e-01,3.578409506055143519e-01,3.585995744957546361e-01,3.593664193615379032e-01,3.601418994532476492e-01,3.609264073857364474e-01,3.617203741864057909e-01,3.625242716936882825e-01,3.633385569788678549e-01,3.641637106912335997e-01,3.650002467713151511e-01,3.658486395843772443e-01,3.667094139596082658e-01,3.675830491225434704e-01,3.684700742360874637e-01,3.693709488323271839e-01,3.702861644383054207e-01,3.712161931349584609e-01,3.721614804099390716e-01,3.731224395449119213e-01,3.740994873302142532e-01,3.750929826721611238e-01,3.761032877643127881e-01,3.771306899328422668e-01,3.781754836329795921e-01,3.792378929880166338e-01,3.803181044137006750e-01,3.814162786317988330e-01,3.825324948930141078e-01,3.836668160256529458e-01,3.848192506087315667e-01,3.859897185209601456e-01,3.871781272645047345e-01,3.883843046458545500e-01,3.896080416588796891e-01,3.908490311475083523e-01,3.921069450450286875e-01,3.933813791360367684e-01,3.946718778871026179e-01,3.959778927477665134e-01,3.972988444059947777e-01,3.986340797661974689e-01,3.999828947854808248e-01,4.013445044512313764e-01,4.027181024355798167e-01,4.041027618640349317e-01,4.054975566777971885e-01,4.069014710249724831e-01,4.083134424982193811e-01,4.097323630965934993e-01,4.111570605804895640e-01,4.125863190906335354e-01,4.140188715861627400e-01,4.154534179495628643e-01,4.168885975306631519e-01,4.183230417136232226e-01,4.197553078625794742e-01,4.211839507599694499e-01,4.226074814597440277e-01,4.240243766045866392e-01,4.254331214128693195e-01,4.268321465732583531e-01,4.282198872039940096e-01,4.295947638810425073e-01,4.309551969161249385e-01,4.322995818644930766e-01,4.336263393272756228e-01,4.349338675752382755e-01,4.362206160453454551e-01,4.374850017739073671e-01,4.387254820948720546e-01,4.399405318001367027e-01,4.411286566709405332e-01,4.422883769074457128e-01,4.434182518818805541e-01,4.445168933595270988e-01,4.455829327435286147e-01,4.466150606805169287e-01,4.476119968719677322e-01,4.485725417627232092e-01,4.494955282566202026e-01,4.503798616969303947e-01,4.512245112580727247e-01,4.520284810838152145e-01,4.527908773015612565e-01,4.535108799733436058e-01,4.541877000324969216e-01,4.548206677407185539e-01,4.554091800460395301e-01,4.559526869378732750e-01,4.564507635997665513e-01,4.569030317716153977e-01,4.573091997173321377e-01,4.576691002980917689e-01,4.579825908304478443e-01,4.582496635939938834e-01,4.584703747176159805e-01,4.586448703147955608e-01,4.587733934995859020e-01,4.588562528234572668e-01,4.588938639844018508e-01,4.588867094760902821e-01,4.588353664203741467e-01,4.587404948825140605e-01,4.586028061005438805e-01,4.584231375880669090e-01,4.582023756889792576e-01,4.579414653374701549e-01,4.576414636023022897e-01,4.573034451500039843e-01,4.569286001614088488e-01,4.565181445153548845e-01,4.560733635487885240e-01,4.555956102847388833e-01,4.550862603340967705e-01,4.545467632705644800e-01,4.539786007189093309e-01,4.533832968003392860e-01,4.527623968286939027e-01,4.521174899866134411e-01,4.514501824804525443e-01,4.507621134597663004e-01,4.500549146738599404e-01,4.493302523507252122e-01,4.485897778143001502e-01,4.478351472812926448e-01,4.470680347970151791e-01,4.462900726618510561e-01,4.455028889044945206e-01,4.447081011751350954e-01,4.439072874763339005e-01,4.431020161167977256e-01,4.422937932433083641e-01,4.414840975933104761e-01,4.406743693282150764e-01,4.398660021969355571e-01,4.390603072874011970e-01,4.382585813069089786e-01,4.374620068301100506e-01,4.366717494698781343e-01,4.358888564343995631e-01,4.351143412232725827e-01,4.343491128571774773e-01,4.335940028383102329e-01,4.328497745774978478e-01,4.321170735937892027e-01,4.313964687527882536e-01,4.306884427969258633e-01,4.299933683886882907e-01,4.293115238767074016e-01,4.286431001848461375e-01,4.279881738169417638e-01,4.273467139388425484e-01,4.267185860729499347e-01,4.261035806467975973e-01,4.255013512285048538e-01,4.249114636065474127e-01,4.243333627662969065e-01,4.237664201814976828e-01,4.232098721049440959e-01,4.226628627094604629e-01,4.221244481755559441e-01,4.215935887703669005e-01,4.210691226974415668e-01,4.205498251638311036e-01,4.200343543734574858e-01,4.195213054175836453e-01,4.190091665232742457e-01,4.184963753243129969e-01,4.179812518762648366e-01,4.174620693560226470e-01,4.169370385963052650e-01,4.164042884219338880e-01,4.158618948359059653e-01,4.153078824140188363e-01,4.147402313501000748e-01,4.141568644160973367e-01,4.135556856561020123e-01,4.129345541304660916e-01,4.122913022886228185e-01,4.116237556155026289e-01,4.109297163324670543e-01,4.102069725749774576e-01,4.094533482566795057e-01,4.086666155534441902e-01,4.078446164457243395e-01,4.069851802601345825e-01,4.060861673629945767e-01,4.051454818164091365e-01,4.041610544371409541e-01,4.031308719032998811e-01,4.020529591830084848e-01,4.009254370973973081e-01,3.997464479420327899e-01,3.985142411119129147e-01,3.972271168388546436e-01,3.958834980436314877e-01,3.944818599511188406e-01,3.930207975197639314e-01,3.914990151368414883e-01,3.899152993428016134e-01
1.149451042193435774e-01,1.145786042344965616e-01,1.142267240483913204e-01,1.138902727431473361e-01,1.135700433884572341e-01,1.132667910940250849e-01,1.129812571213673761e-01,1.127141556451974197e-01,1.124661621448878046e-01,1.122379335530010458e-01,1.120300932629424290e-01,1.118432327988849867e-01,1.116779126029200792e-01,1.115346634891358768e-01,1.114139735686422994e-01,1.113163087685328650e-01,1.112420872921754816e-01,1.111917027763983101e-01,1.111655054128580372e-01,1.111638110292270248e-01,1.111868965785902524e-01,1.112350017818691944e-01,1.113083288744849547e-01,1.114070388602508149e-01,1.115312583483471093e-01,1.116810694894684597e-01,1.118565164356152969e-01,1.120576076571441759e-01,1.122843063955982906e-01,1.125365388316979659e-01,1.128141964727627788e-01,1.131171219756997581e-01,1.134451236980735939e-01,1.137979740450092703e-01,1.141754002332302786e-01,1.145770963198885356e-01,1.150027180440736513e-01,1.154518771381253806e-01,1.159241587223095726e-01,1.164191014625832882e-01,1.169362134400109970e-01,1.174749666731415981e-01,1.180347982194315665e-01,1.186151102579787037e-01,1.192152767058160950e-01,1.198346264138541589e-01,1.204724731584316533e-01,1.211280956530591674e-01,1.218007317526096089e-01,1.224896056027089813e-01,1.231939054768889652e-01,1.239127943288844541e-01,1.246454136420332565e-01,1.253908786710936640e-01,1.261482803788789853e-01,1.269166854350597951e-01,1.276951505582734070e-01,1.284826999442127138e-01,1.292783524885588176e-01,1.300811008350678810e-01,1.308899279394903914e-01,1.317037995417487395e-01,1.325216762560860462e-01,1.333424896755056877e-01,1.341651894883885143e-01,1.349886969347719734e-01,1.358119309202360792e-01,1.366338076829330395e-01,1.374532381003371051e-01,1.382691337916323315e-01,1.390803998213459014e-01,1.398859502502969865e-01,1.406847012541832254e-01,1.414755591310277727e-01,1.422574552771539713e-01,1.430293110524647471e-01,1.437900707299323566e-01,1.445386767164036634e-01,1.452740919826086274e-01,1.459952868513712809e-01,1.467012474907386788e-01,1.473909765134681638e-01,1.480634977680968523e-01,1.487178409470195917e-01,1.493530761622203218e-01,1.499682761467418246e-01,1.505625480621228807e-01,1.511350147710215641e-01,1.516848351531424333e-01,1.522111878263026075e-01,1.527132825297242980e-01,1.531903557840540442e-01,1.536416711597544393e-01,1.540665322081305466e-01,1.544642739617097804e-01,1.548342602532936929e-01,1.551758900514118578e-01,1.554886046173763192e-01,1.557718803200277280e-01,1.560252200662294864e-01,1.562481813979916534e-01,1.564403529599997233e-01,1.566013588261690737e-01,1.567308787945890514e-01,1.568286184753126811e-01,1.568943358543649358e-01,1.569278248340288950e-01,1.569289313659897322e-01,1.568975338976065781e-01,1.568335617604416365e-01,1.567369884656351353e-01,1.566078313222136198e-01,1.564461490614115213e-01,1.562520546245540487e-01,1.560256991991787745e-01,1.557672736041323669e-01,1.554770289193808941e-01,1.551552475098541828e-01,1.548022603649771844e-01,1.544184536891591852e-01,1.540042413317562475e-01,1.535600913467853601e-01,1.530865145945963235e-01,1.525840656481119995e-01,1.520533362750975670e-01,1.514949683669156721e-01,1.509096456307251199e-01,1.502980824291398065e-01,1.496610434857085781e-01,1.489993256655485487e-01,1.483137744319124596e-01,1.476052573309151461e-01,1.468746957488782090e-01,1.461230390950392366e-01,1.453512621201534516e-01,1.445603873393833949e-01,1.437514696960587313e-01,1.429255741167553273e-01,1.420838234640096065e-01,1.412273451340159136e-01,1.403573098543456910e-01,1.394749050674704838e-01,1.385813418778663875e-01,1.376778610047102169e-01,1.367657131311336982e-01,1.358461779792584923e-01,1.349205483477675938e-01,1.339901289663222583e-01,1.330562472577430377e-01,1.321202375391042905e-01,1.311834436741273757e-01,1.302472224512958021e-01,1.293129331448864827e-01,1.283819430237315151e-01,1.274556221417590396e-01,1.265353423696984336e-01,1.256224684400535918e-01,1.247183768403464649e-01,1.238244242783461541e-01,1.229419708805925965e-01,1.220723608178038710e-01,1.212169389434268052e-01,1.203770244212457596e-01,1.195539370300612719e-01,1.187489668031558449e-01,1.179633935433581915e-01,1.171984745361758645e-01,1.164554487309339970e-01,1.157355308261471261e-01,1.150399042751368145e-01,1.143697307677892239e-01,1.137261455812076244e-01,1.131102420155072757e-01,1.125230956349957956e-01,1.119657359691400289e-01,1.114391665756425120e-01,1.109443414293039970e-01,1.104821873497173756e-01,1.100535871416022243e-01,1.096593761113258958e-01,1.093003528995146190e-01,1.089772705768396466e-01,1.086908337122612644e-01,1.084417002733784191e-01,1.082304846376758029e-01,1.080577368532755905e-01,1.079239781322488823e-01,1.078296608530730644e-01,1.077751902911834453e-01,1.077609236905705398e-01,1.077871540284779106e-01,1.078541298304032253e-01,1.079620365890933825e-01,1.081110073917633391e-01,1.083011174750212885e-01,1.085323866295212630e-01,1.088047751269517610e-01,1.091181916569821386e-01,1.094724774959624225e-01,1.098674264543869766e-01,1.103027697540477081e-01,1.107781811125181926e-01,1.112932799918111421e-01,1.118476255819887966e-01,1.124407222052868222e-01,1.130720183720995420e-01,1.137409053875986092e-01,1.144467275346393031e-01,1.151887612782805242e-01,1.159662313898405794e-01,1.167783306807959609e-01,1.176241729901741501e-01,1.185028406919692717e-01,1.194133578195787637e-01,1.203547013041516983e-01,1.213258024348300157e-01,1.223255473164046730e-01,1.233527792719183169e-01,1.244062948192793949e-01,1.254848508886153846e-01,1.265871723421421458e-01,1.277119283135312588e-01,1.288577731897325163e-01,1.300233128066835553e-01,1.312071261777484898e-01,1.324077642017294221e-01,1.336237413942174268e-01,1.348535511930526176e-01,1.360956665803959575e-01,1.373485285947919077e-01,1.386105733485576696e-01,1.398802000175359272e-01,1.411558097387252964e-01,1.424357799767763944e-01,1.437184797418501192e-01,1.450022688807784677e-01,1.462855065861550508e-01,1.475665428916813349e-01,1.488437220865339583e-01,1.501153985174691063e-01,1.513799283679651553e-01,1.526356661116964886e-01,1.538809798400962159e-01,1.551142519904670225e-01,1.563338701003519071e-01,1.575382337781248143e-01,1.587257768596376795e-01,1.598949323012868462e-01,1.610441744283945542e-01,1.621719852252547778e-01,1.632768870547416651e-01,1.643574177744111242e-01,1.654121572113157190e-01,1.664397174653713674e-01,1.674387333832453029e-01,1.684078925378801606e-01,1.693459156066975113e-01,1.702515621053853345e-01,1.711236355920121022e-01,1.719609849708287896e-01,1.727625090445469858e-01,1.735271435045373789e-01,1.742538863975246211e-01,1.749417765283501625e-01,1.755899182498504296e-01,1.761974583745188616e-01,1.767635960542700835e-01,1.772875994774886221e-01,1.777687921853311204e-01,1.782065327320204451e-01,1.786002800566715287e-01,1.789495200033063005e-01,1.792538088675733055e-01,1.795127718302438058e-01,1.797260840289112704e-01,1.798934936043558031e-01,1.800148065418946397e-01,1.800898906439717118e-01,1.801186785762082521e-01,1.801011736095372018e-01,1.800374243034287558e-01,1.799275635055576639e-01,1.797717724605709666e-01,1.795702999805374178e-01,1.793234564778266038e-01,1.790316134549867766e-01,1.786952084878493663e-01,1.783147301896407522e-01,1.778907376375668259e-01,1.774238323100183201e-01,1.769146920839939074e-01,1.763640384533714800e-01,1.757726570888855089e-01,1.751413723579368642e-01,1.744710827678409293e-01,1.737627260664276474e-01,1.730172841553263285e-01,1.722357985396777147e-01,1.714193536692947273e-01,1.705690744940031311e-01,1.696861372175439420e-01,1.687717470542565157e-01,1.678271653105393169e-01,1.668536759072022646e-01,1.658525966616149760e-01,1.648252927331751994e-01,1.637731536406109578e-01,1.626975940408030841e-01,1.616000601617375299e-01,1.604820146466597874e-01,1.593449504784544279e-01,1.581903822873188259e-01,1.570198309967562877e-01,1.558348417173600342e-01,1.546369695666340860e-01,1.534277805778892223e-01,1.522088487946056667e-01,1.509817493235303398e-01,1.497480694702998938e-01,1.485093834264875901e-01,1.472672767133438865e-01,1.460233311006629009e-01,1.447791008339809060e-01,1.435361588117534670e-01,1.422960519323906992e-01,1.410603139862097455e-01,1.398304610368416578e-01,1.386080025229060597e-01,1.373944114412646855e-01,1.361911481284938108e-01,1.349996449778951280e-01,1.338213127477156372e-01,1.326575228638052772e-01,1.315096242799836945e-01,1.303789317928248370e-01,1.292667239832510639e-01,1.281742419188893478e-01,1.271026897743213202e-01,1.260532309510219717e-01,1.250269934171908404e-01,1.240250490442653813e-01,1.230484335037023425e-01,1.220981416973489081e-01,1.211751147706983250e-01,1.202802394627366378e-01,1.194143666480769611e-01,1.185782848444810189e-01,1.177727384918176579e-01,1.169984150140988832e-01,1.162559522788198102e-01,1.155459327014352749e-01,1.148688835868816732e-01,1.142252786619780552e-01,1.136155348278473087e-01,1.130400126759404933e-01,1.124990229539551412e-01,1.119928072069833330e-01,1.115215662325577395e-01,1.110854353865404487e-01,1.106844949163465902e-01,1.103187752170031316e-01,1.099882435392444402e-01,1.096928186243251724e-01,1.094323573729280574e-01,1.092066774321835132e-01,1.090155213140763246e-01,1.088585957049110348e-01,1.087355535072798002e-01,1.086459953662918809e-01,1.085894659208558322e-01,1.085654758693471722e-01,1.085734671737707685e-01,1.086128629784406802e-01,1.086830145488988791e-01,1.087832474830857654e-01,1.089128410811737169e-01,1.090710288498867864e-01,1.092570103546370436e-01,1.094699462026831188e-01,1.097089607591357208e-01,1.099731497597554175e-01,1.102615650153952465e-01,1.105732404839553651e-01,1.109071703496520150e-01,1.112623298055419180e-01,1.116376663988520174e-01,1.120321117026017027e-01,1.124445556768030180e-01,1.128738925534531062e-01,1.133189896388294010e-01,1.137786963853882199e-01,1.142518550920276210e-01,1.147372957261031667e-01,1.152338342731032278e-01,1.157402921546067109e-01,1.162554684886086542e-01,1.167781788369591928e-01,1.173072195713918964e-01,1.178414051816290414e-01,1.183795413491833814e-01,1.189204453186911287e-01,1.194629414906137610e-01,1.200058621087578270e-01,1.205480474936722474e-01,1.210883586333783984e-01,1.216256680777644539e-01,1.221588625150497598e-01,1.226868492731885557e-01,1.232085598707981372e-01,1.237229391932913036e-01,1.242289707333181226e-01,1.247256397964950497e-01,1.252119870628860543e-01,1.256870555911488996e-01,1.261499362758436160e-01,1.265997459330328312e-01,1.270356251994288477e-01,1.274567614582371444e-01,1.278623731105174854e-01,1.282517117117099870e-01,1.286240650356182125e-01,1.289787672584420120e-01,1.293151808600379871e-01,1.296327131328101623e-01,1.299308180516279554e-01,1.302089771563749165e-01,1.304667294229684693e-01
3.490153301854224954e-02,3.454198794115628801e-02,3.419541621265491382e-02,3.386292806496636609e-02,3.354560253520264684e-02,3.324447886852669592e-02,3.296056048690607782e-02,3.269480948806020165e-02,3.244814380169229462e-02,3.222143830042636242e-02,3.201551859075035117e-02,3.183116329411423556e-02,3.166909983088659480e-02,3.153000374964658875e-02,3.141449552389369293e-02,3.132314445717347684e-02,3.125646013279825136e-02,3.121489610878023374e-02,3.119884620107322634e-02,3.120865050563237375e-02,3.124458341799772956e-02,3.130686407931029119e-02,3.139564771552325051e-02,3.151103404148083986e-02,3.165305408152861016e-02,3.182168732217209584e-02,3.201684762653147359e-02,3.223839200908849151e-02,3.248611426607699026e-02,3.275975469439156712e-02,3.305899180506585017e-02,3.338344996136122927e-02,3.373269493409300490e-02,3.410624145089678066e-02,3.450354795358683696e-02,3.492402502710076351e-02,3.536702875066671803e-02,3.583186937947090839e-02,3.631780934483020556e-02,3.682406822207862085e-02,3.734982108522528349e-02,3.789420508433254120e-02,3.845631470526204854e-02,3.903521184532587202e-02,3.962992515464544563e-02,4.023944929841016815e-02,4.086275174980793373e-02,4.149877555624885417e-02,4.214643577995962759e-02,4.280463184930108356e-02,4.347224132108535449e-02,4.414812853981445184e-02,4.483114423396877130e-02,4.552012803811468500e-02,4.621391583801523484e-02,4.691133401300742051e-02,4.761121440575438735e-02,4.831238120544759096e-02,4.901367236232151425e-02,4.971392484861792554e-02,5.041199044376458438e-02,5.110672812823462835e-02,5.179701421947590506e-02,5.248174443152340413e-02,5.315982914831244438e-02,5.383020657726761415e-02,5.449183429645430843e-02,5.514370138786979514e-02,5.578482285315804201e-02,5.641424672499747300e-02,5.703105255119134825e-02,5.763435765490253909e-02,5.822331335491650467e-02,5.879711401490946010e-02,5.935499019237407137e-02,5.989621631556184961e-02,6.042011180834745698e-02,6.092603633692378340e-02,6.141340091399152823e-02,6.188166133823076731e-02,6.233031669800188912e-02,6.275892128109974988e-02,6.316707557406560369e-02,6.355443212052792890e-02,6.392068571493805806e-02,6.426559519354303751e-02,6.458895794439879767e-02,6.489062664278369419e-02,6.517050486935600795e-02,6.542854433017331051e-02,6.566475016477703319e-02,6.587917143808526277e-02,6.607191103631385176e-02,6.624311710992286661e-02,6.639298454548826778e-02,6.652175427811954367e-02,6.662971520343222154e-02,6.671719572536041754e-02,6.678456750328415348e-02,6.683224548601517101e-02,6.686068079185797375e-02,6.687036663595932739e-02,6.686182881121699451e-02,6.683562534820952639e-02,6.679235303344625840e-02,6.673263643541163526e-02,6.665712511664860507e-02,6.656649924994330336e-02,6.646146312971593084e-02,6.634274072500911945e-02,6.621107840903640851e-02,6.606724045857075012e-02,6.591200180743195247e-02,6.574615763400121216e-02,6.557050703727884677e-02,6.538586471026519575e-02,6.519304509711978945e-02,6.499287007495445356e-02,6.478616126924531538e-02,6.457374071611825250e-02,6.435642783251110943e-02,6.413503417997749867e-02,6.391036571621346030e-02,6.368321808328142319e-02,6.345437480759025251e-02,6.322460653865544233e-02,6.299466604817205440e-02,6.276528790917451639e-02,6.253718903890019554e-02,6.231106265924558213e-02,6.208757989638767627e-02,6.186738294092901380e-02,6.165109153754030208e-02,6.143929562497357083e-02,6.123255265467680147e-02,6.103139323987300663e-02,6.083631285642630837e-02,6.064777331526473997e-02,6.046620527154088209e-02,6.029199855849563805e-02,6.012551086657449972e-02,5.996706085635032657e-02,5.981693002660679742e-02,5.967536556916926832e-02,5.954256983066674030e-02,5.941871037153594742e-02,5.930391564816251543e-02,5.919827750592477483e-02,5.910184297876508452e-02,5.901462817806289729e-02,5.893660593833915939e-02,5.886771434400950992e-02,5.880785249621788696e-02,5.875688324354241820e-02,5.871463612145269573e-02,5.868090139180212605e-02,5.865544153748457334e-02,5.863798143413766206e-02,5.862821288414719889e-02,5.862580547092796635e-02,5.863039077326225035e-02,5.864157634224957671e-02,5.865894461644294983e-02,5.868205362072737019e-02,5.871043295310651028e-02,5.874359826167628584e-02,5.878104038991058267e-02,5.882223431331023294e-02,5.886663877564858594e-02,5.891369739404007239e-02,5.896284333967237445e-02,5.901349884187571948e-02,5.906507535363932082e-02,5.911698111812117157e-02,5.916861809848857068e-02,5.921938663869986269e-02,5.926868480459340782e-02,5.931591635722769512e-02,5.936048534820999312e-02,5.940179937085307560e-02,5.943927704820741592e-02,5.947234619874182393e-02,5.950044370177946101e-02,5.952301851058423854e-02,5.953953721921942388e-02,5.954948208019650302e-02,5.955235370263101818e-02,5.954766977598621724e-02,5.953497299327699388e-02,5.951382578607943702e-02,5.948381796169337904e-02,5.944456134323181096e-02,5.939569560169253443e-02,5.933688998203767023e-02,5.926783865723928707e-02,5.918827293403038092e-02,5.909794866717545808e-02,5.899665352868142115e-02,5.888421017163657928e-02,5.876047455808489084e-02,5.862533252274338552e-02,5.847870693022489547e-02,5.832055299118255043e-02,5.815086148908538838e-02,5.796965461724262747e-02,5.777699276648627646e-02,5.757296938157512728e-02,5.735770766339412519e-02,5.713136807471594358e-02,5.689414448909212857e-02,5.664626182318120706e-02,5.638797641080810913e-02,5.611957808234852713e-02,5.584138253104776323e-02,5.555373941801670934e-02,5.525702219030458745e-02,5.495163422452803426e-02,5.463800605917794317e-02,5.431658622159948879e-02,5.398785344392879881e-02,5.365230650150577124e-02,5.331046041718678907e-02,5.296285354604617773e-02,5.261003872445142726e-02,5.225258693357164030e-02,5.189107628331612182e-02,5.152610422797160306e-02,5.115827415439674897e-02,5.078819770890521251e-02,5.041649142898381453e-02,5.004378211984837621e-02,4.967069052859989647e-02,4.929784314231245440e-02,4.892586435182284810e-02,4.855537480039948811e-02,4.818698893050040594e-02,4.782131300422957226e-02,4.745894597880979948e-02,4.710047680545326187e-02,4.674647724234393814e-02,4.639750745494412160e-02,4.605411149583180791e-02,4.571681228168092415e-02,4.538611503364917144e-02,4.506250270561379390e-02,4.474643525032686447e-02,4.443834685584953370e-02,4.413864716010787448e-02,4.384771636049720339e-02,4.356591041914058965e-02,4.329354881290764512e-02,4.303092460507473155e-02,4.277829671043617554e-02,4.253589477711156031e-02,4.230390664867968858e-02,4.208249335024549093e-02,4.187177905221511204e-02,4.167184971362391382e-02,4.148275758683898917e-02,4.130451682304028121e-02,4.113710564028663641e-02,4.098046705342415358e-02,4.083450337588727386e-02,4.069908571469950387e-02,4.057404432854671422e-02,4.045917590850230117e-02,4.035424019110395860e-02,4.025896389894606520e-02,4.017303765743189536e-02,4.009612003383849349e-02,4.002783410220681071e-02,3.996777673463495356e-02,3.991550787033339154e-02,3.987056286343368394e-02,3.983244816343772116e-02,3.980064085350035891e-02,3.977459534898247773e-02,3.975374275142889990e-02,3.973748984623942659e-02,3.972522432430518335e-02,3.971631484774371806e-02,3.971011484512703554e-02,3.970596046606324897e-02,3.970317709195905764e-02,3.970107824666544577e-02,3.969896616280194079e-02,3.969614180345662491e-02,3.969189505091599152e-02,3.968551829792460461e-02,3.967630196989860997e-02,3.966353496166616366e-02,3.964651719955096520e-02,3.962454584039000471e-02,3.959693636018717100e-02,3.956300696702410441e-02,3.952208867883320181e-02,3.947353559415856666e-02,3.941670777032472983e-02,3.935099281961641771e-02,3.927579553948729041e-02,3.919054404266342911e-02,3.909469193004122545e-02,3.898772186791318872e-02,3.886913975350039796e-02,3.873848788849481445e-02,3.859533897352539905e-02,3.843929759035347865e-02,3.827000527930008583e-02,3.808714049424517106e-02,3.789042039639725634e-02,3.767959957704526686e-02,3.745447531155701726e-02,3.721488522368052165e-02,3.696070932814039117e-02,3.669187248820091063e-02,3.640834089097277210e-02,3.611012942194616326e-02,3.579729371830541601e-02,3.546993834162422143e-02,3.512821297293283740e-02,3.477231165689369935e-02,3.440247440647468263e-02,3.401898997310074529e-02,3.362218725513231588e-02,3.321244776829488515e-02,3.279018863617204349e-02,3.235587847463594624e-02,3.191002509042815266e-02,3.145317987297181067e-02,3.098593471509433414e-02,3.050892336754417247e-02,3.002281506430749813e-02,2.952832198307011463e-02,2.902618770638706880e-02,2.851719296996825179e-02,2.800214900451494793e-02,2.748190190998061819e-02,2.695732300762462494e-02,2.642931371062297308e-02,2.589879942892269957e-02,2.536673093399754997e-02,2.483407581051321270e-02,2.430182461019826656e-02,2.377097923965834983e-02,2.324256297623788700e-02,2.271760375156306119e-02,2.219714298311685832e-02,2.168222423201164595e-02,2.117389936300673528e-02,2.067321835970603594e-02,2.018123296380746820e-02,1.969898943012968542e-02,1.922752713379956985e-02,1.876787503984837790e-02,1.832105403635792343e-02,1.788806700201061098e-02,1.746990080314867605e-02,1.706752414297877524e-02,1.668188244849214130e-02,1.631389545621089038e-02,1.596445926016053576e-02,1.563443371525891773e-02,1.532465578776869355e-02,1.503592078706932761e-02,1.476899113742620104e-02,1.452459086699179301e-02,1.430340159361455366e-02,1.410606430321754284e-02,1.393317416847482219e-02,1.378528316487658695e-02,1.366289221511478996e-02,1.356645324751891944e-02,1.349637093191681861e-02,1.345299172915783055e-02,1.343661716585857827e-02,1.344748593686553688e-02,1.348578723398823759e-02,1.355165189440790154e-02,1.364515457327488725e-02,1.376631278723645067e-02,1.391508643686165635e-02,1.409137626152562155e-02,1.429502705110220762e-02,1.452582430140019268e-02,1.478349569680749778e-02,1.506771175072515317e-02,1.537808610209320630e-02,1.571417455241141611e-02,1.607547907733625214e-02,1.646144690544911957e-02,1.687146699626776436e-02,1.730488131896610465e-02,1.776097814302927264e-02,1.823899432497881959e-02,1.873812026338399564e-02,1.925749773685823257e-02,1.979622404293737703e-02,2.035335416871571906e-02,2.092790191951292289e-02,2.151884055768355300e-02,2.212510718933635365e-02,2.274560468313659850e-02,2.337920346416150902e-02,2.402474364738707568e-02,2.468104068528577388e-02,2.534688195519044576e-02,2.602103570827972792e-02,2.670225123868144590e-02,2.738925951036714004e-02,2.808077998706416667e-02,2.877552026550264652e-02,2.947218493612728876e-02,3.016946787514781722e-02,3.086606455750022862e-02,3.156067162065639975e-02,3.225199166963983038e-02,3.293873294656073092e-02,3.361961371517736136e-02,3.429336747632304866e-02,3.495874288268435714e-02,3.561450961271515198e-02,3.625945649277224903e-02,3.689240122804456068e-02,3.751218496180039330e-02,3.811768283106598681e-02,3.870780347555489997e-02,3.928148697099361625e-02
1.382213368877911741e-01,1.392067327380867303e-01,1.402571953917308989e-01,1.413702187744851901e-01,1.425431838223897296e-01,1.437733544464366853e-01,1.450578882043196960e-01,1.463938397855187867e-01,1.477781933147040982e-01,1.492078271163821412e-01,1.506795575183548508e-01,1.521901392431929678e-01,1.537362553498611006e-01,1.553145496503582634e-01,1.569216236129152564e-01,1.585540356802077611e-01,1.602083236290653967e-01,1.618810127784887365e-01,1.635686175946167165e-01,1.652676392974831987e-01,1.669746010849715301e-01,1.686860345402590167e-01,1.703984896341959876e-01,1.721085519506564687e-01,1.738128394893737882e-01,1.755080207733627773e-01,1.771908144790526884e-01,1.788579830153335659e-01,1.805063865388518429e-01,1.821329196739999712e-01,1.837345875413776419e-01,1.853084560050194673e-01,1.868516943237329697e-01,1.883615547165677084e-01,1.898354072363664380e-01,1.912707123477678517e-01,1.926650458118105980e-01,1.940160966840033252e-01,1.953216702032409546e-01,1.965796984812608617e-01,1.977882341644398301e-01,1.989454588183109940e-01,2.000496805372055653e-01,2.010993448092537605e-01,2.020930281575714083e-01,2.030294475389900488e-01,2.039074520830022053e-01,2.047260369185960049e-01,2.054843119167349130e-01,2.061815553969876813e-01,2.068171765269670448e-01,2.073906927120601207e-01,2.079018115328135352e-01,2.083503240851436178e-01,2.087361886248476073e-01,2.090594893842785407e-01,2.093204192236685079e-01,2.095193284167445325e-01,2.096566802063048740e-01,2.097330589508234477e-01,2.097491645583218212e-01,2.097058145167885468e-01,2.096039441563220806e-01,2.094445934856909719e-01,2.092288976695300673e-01,2.089581019165297482e-01,2.086335438287550970e-01,2.082566435646336367e-01,2.078289156822678840e-01,2.073519502867446906e-01,2.068274196497777717e-01,2.062570448667395973e-01,2.056426383735269481e-01,2.049860546925057758e-01,2.042892053763485094e-01,2.035540555174100430e-01,2.027826021197064732e-01,2.019768932170301623e-01,2.011389999817597418e-01,2.002710075420088831e-01,1.993750532073595427e-01,1.984532502893029682e-01,1.975077559302059471e-01,1.965407089290873432e-01,1.955542582574096022e-01,1.945505409128263641e-01,1.935316888452200956e-01,1.924998071346209760e-01,1.914569935423352798e-01,1.904053067710888281e-01,1.893467873242850874e-01,1.882834345682571353e-01,1.872172083179133029e-01,1.861500333807368790e-01,1.850837822927653142e-01,1.840202780354356915e-01,1.829612915582950472e-01,1.819085411345953418e-01,1.808636787032801840e-01,1.798283126017837241e-01,1.788039617813288462e-01,1.777920947378219541e-01,1.767941099922550885e-01,1.758113359336913872e-01,1.748450320443696304e-01,1.738963843241569385e-01,1.729664968563575655e-01,1.720564041577448133e-01,1.711670849726824040e-01,1.702994207322626186e-01,1.694542169901664397e-01,1.686322247315264755e-01,1.678341075311096664e-01,1.670604579648564680e-01,1.663117919141535728e-01,1.655885649605959020e-01,1.648911503536097112e-01,1.642198635438569809e-01,1.635749448786181504e-01,1.629565760599102353e-01,1.623648716709858997e-01,1.617998869213707058e-01,1.612616188996469080e-01,1.607500106672354323e-01,1.602649442426624660e-01,1.598062603103077295e-01,1.593737531767549509e-01,1.589671561909670183e-01,1.585861801455215603e-01,1.582304800163218117e-01,1.578996922855234186e-01,1.575934027591058828e-01,1.573111871982320886e-01,1.570525712339189972e-01,1.568170809677938982e-01,1.566042060595985719e-01,1.564134267077225693e-01,1.562442081859682086e-01,1.560960054314116108e-01,1.559682644338416801e-01,1.558604273692736908e-01,1.557719365196393035e-01,1.557022280337476139e-01,1.556507563632708036e-01,1.556169720580375671e-01,1.556003340210049268e-01,1.556003143951466550e-01,1.556164046045344640e-01,1.556481019188762638e-01,1.556949283720939492e-01,1.557564277771595340e-01,1.558321584143326777e-01,1.559217067811695112e-01,1.560246747416625668e-01,1.561407042757112229e-01,1.562694455367508450e-01,1.564106007564521894e-01,1.565638628899999052e-01,1.567289880735188712e-01,1.569057463183694823e-01,1.570939315730922325e-01,1.572933710765290205e-01,1.575039211631125147e-01,1.577254584842611163e-01,1.579578987184634686e-01,1.582011716979807303e-01,1.584552290483176029e-01,1.587200572389328157e-01,1.589956645323656881e-01,1.592820620656180686e-01,1.595792921227653371e-01,1.598874220549739988e-01,1.602065232112434567e-01,1.605366738424832129e-01,1.608779731167488403e-01,1.612305160889798139e-01,1.615944215964688901e-01,1.619697912326993339e-01,1.623567407380247241e-01,1.627553725440148147e-01,1.631657941939204937e-01,1.635880905559234932e-01,1.640223494064219634e-01,1.644686279634491322e-01,1.649269878382622900e-01,1.653974420185683469e-01,1.658800051271332177e-01,1.663746470336671668e-01,1.668813166075987786e-01,1.673999338341655152e-01,1.679303749593995532e-01,1.684724859080853898e-01,1.690260585192350784e-01,1.695908502915392246e-01,1.701665767370699467e-01,1.707528927147321796e-01,1.713494123331671948e-01,1.719556967231369859e-01,1.725712378570818939e-01,1.731954951791695174e-01,1.738278377396995367e-01,1.744676049757419301e-01,1.751140489855358140e-01,1.757663790956127403e-01,1.764237299419460225e-01,1.770851785911763399e-01,1.777497175788491923e-01,1.784163077658309504e-01,1.790838148929297380e-01,1.797510546647695662e-01,1.804167689569808053e-01,1.810796396974520550e-01,1.817382855344786274e-01,1.823912657466637277e-01,1.830370705290979005e-01,1.836741396336481758e-01,1.843008420534731073e-01,1.849155040907061176e-01,1.855163897874874956e-01,1.861017252671024469e-01,1.866696715275905083e-01,1.872183488893754411e-01,1.877458568282278639e-01,1.882502288944312707e-01,1.887294709065250320e-01,1.891815725010621840e-01,1.896044820254955410e-01,1.899961271900747761e-01,1.903544259179374976e-01,1.906772785321543817e-01,1.909625755634203059e-01,1.912082004790277290e-01,1.914120543004979025e-01,1.915720359153853525e-01,1.916860409754614358e-01,1.917520183077183193e-01,1.917679045646421832e-01,1.917316889339762687e-01,1.916413911694203887e-01,1.914950550556555608e-01,1.912908028327679200e-01,1.910267766225212105e-01,1.907011951247810921e-01,1.903123375937819661e-01,1.898585574708919754e-01,1.893382733168786913e-01,1.887499865908534025e-01,1.880922860058473201e-01,1.873638730792278051e-01,1.865635049490310948e-01,1.856900775405864179e-01,1.847425791116642513e-01,1.837201168747620295e-01,1.826219113003914041e-01,1.814473030976115897e-01,1.801957606885241925e-01,1.788668831072091625e-01,1.774604096825064259e-01,1.759762061012990209e-01,1.744142966910705861e-01,1.727748244891506579e-01,1.710581073135254149e-01,1.692645968902085907e-01,1.673948977171412500e-01,1.654497758129324925e-01,1.634301483239585517e-01,1.613370874281737366e-01,1.591718230831666581e-01,1.569357440888889677e-01,1.546304080921754587e-01,1.522575049722382501e-01,1.498189235805405528e-01,1.473166664751335841e-01,1.447529133156509606e-01,1.421300018665456744e-01,1.394504112211321645e-01,1.367167784635572314e-01,1.339318809321351778e-01,1.310986382718806187e-01,1.282201204629705993e-01,1.252995213889672443e-01,1.223401758995267680e-01,1.193455498956448174e-01,1.163192229853359239e-01,1.132648875953342904e-01,1.101863544696734809e-01,1.070875530039812062e-01,1.039724920222295512e-01,1.008452804836561661e-01,9.771011806121648879e-02,9.457127841018088399e-02,9.143310736788030912e-02,8.830001770106461756e-02,8.517647841450572133e-02,8.206700076867366744e-02,7.897615081449343988e-02,7.590850847058211448e-02,7.286868057842962876e-02,6.986129945724807444e-02,6.689099542045738589e-02,6.396239785381908904e-02,6.108011187955927901e-02,5.824874001235626902e-02,5.547284483307880071e-02,5.275694420546012814e-02,5.010550800718961695e-02,4.752296340832570798e-02,4.501364253957600148e-02,4.258182571769533742e-02,4.023169490939421111e-02,3.796733856171942423e-02,3.579275079405683929e-02,3.371179854699758033e-02,3.172824039245308175e-02,2.984569736616160540e-02,2.806766365465643634e-02,2.639747874179674408e-02,2.483833923712216660e-02,2.339326863296153913e-02,2.206513818050224660e-02,2.085663158910744733e-02,1.977026333369493252e-02,1.880835971333207068e-02,1.797304401818796554e-02,1.726625819121693772e-02,1.668972138445758147e-02,1.624496935345007970e-02,1.593330672289456490e-02,1.575582947200389328e-02,1.571341578004132461e-02,1.580671421130522628e-02,1.603615843132510238e-02,1.640195178029166256e-02,1.690406290425926217e-02,1.754223749848079703e-02,1.831599023154544675e-02,1.922460391726597134e-02,2.026712985767113728e-02,2.144238610344624194e-02,2.274897219959431255e-02,2.418524831647818688e-02,2.574935966077995797e-02,2.743922354820214557e-02,2.925253939472756068e-02,3.118679801606452986e-02,3.323926317678674996e-02,3.540700311853574311e-02,3.768688736309083742e-02,4.007557488507609150e-02,4.256954573324872593e-02,4.516508827613087418e-02,4.785831662164492795e-02,5.064517169156618204e-02,5.352143120316466690e-02,5.648271451307566859e-02,5.952449619150419757e-02,6.264211136265976365e-02,6.583076030475382145e-02,6.908552469236338422e-02,7.240137121197287584e-02,7.577316549219846598e-02,7.919568329715655219e-02,8.266359917507130894e-02,8.617154536920815233e-02,8.971406213814908659e-02,9.328565673428829141e-02,9.688078086207577155e-02,1.004938602049678803e-01,1.041193023517854449e-01,1.077515124986173772e-01,1.113848807063565760e-01,1.150138190480268635e-01,1.186327641057253190e-01,1.222361830407601990e-01,1.258185855753489457e-01,1.293745469762966060e-01,1.328986974084684358e-01,1.363857494523460501e-01,1.398304951161094267e-01,1.432278324012299375e-01,1.465727667588533067e-01,1.498604139311313643e-01,1.530860120940052138e-01,1.562449462352058227e-01,1.593327332608238667e-01,1.623450501329887219e-01,1.652777297240604903e-01,1.681267791509002685e-01,1.708883747397719199e-01,1.735588819313483022e-01,1.761348527631461380e-01,1.786130323676048404e-01,1.809903746682559322e-01,1.832640346346922355e-01,1.854313963608885674e-01,1.874900276987206404e-01,1.894377532338124281e-01,1.912726084624078449e-01,1.929928488047662760e-01,1.945969718586766928e-01,1.960837166536464060e-01,1.974520193997869877e-01,1.987011056737776338e-01,1.998303851876928883e-01,2.008395486520836992e-01,2.017285033827179996e-01,2.024973734747372300e-01,2.031465650014374069e-01,2.036766702320200184e-01,2.040885356108330939e-01,2.043832242017918632e-01,2.045620341174203827e-01,2.046264797406436020e-01,2.045782813315188409e-01,2.044193901008810599e-01,2.041519420772983928e-01,2.037782978958325719e-01,2.033009849837473237e-01,2.027227485602297596e-01,2.020464975249713913e-01,2.012753132521054866e-01,2.004124564353868265e-01,1.994613491980256614e-01,1.984255589630234962e-01,1.973087754573830122e-01,1.961148646903507764e-01,1.948477933204185442e-01
5.529145927889322909e-01,5.541884699115838808e-01,5.555327233368431150e-01,5.569435928923557322e-01,5.584171896125933454e-01,5.599494862067113665e-01,5.615363987298597204e-01,5.631737489466032143e-01,5.648572615272351438e-01,5.665825811606528539e-01,5.683453347766941333e-01,5.701410614837481017e-01,5.719652823721428359e-01,5.738134858993594323e-01,5.756811235150395278e-01,5.775636682551441581e-01,5.794565821957781138e-01,5.813553365738820533e-01,5.832554329358877743e-01,5.851524076340960390e-01,5.870418283946414739e-01,5.889193197086298737e-01,5.907805767362835914e-01,5.926213655804177804e-01,5.944375199648839203e-01,5.962249843383926606e-01,5.979797889418486667e-01,5.996980592401047749e-01,6.013760708677700073e-01,6.030102035456866849e-01,6.045969580789565256e-01,6.061329714975853822e-01,6.076150670993950564e-01,6.090401769360985762e-01,6.104053944016830657e-01,6.117079793650901376e-01,6.129453970016403019e-01,6.141152092917170346e-01,6.152152474945405958e-01,6.162434510153628198e-01,6.171979661977242682e-01,6.180771359395340614e-01,6.188794878965603319e-01,6.196037381209217321e-01,6.202488065257396599e-01,6.208137983820736228e-01,6.212980116782460538e-01,6.217009548377027128e-01,6.220223146929575453e-01,6.222619899398921239e-01,6.224200501401530028e-01,6.224967603683891904e-01,6.224926145414508838e-01,6.224082273778762664e-01,6.222444585503151826e-01,6.220023087140398310e-01,6.216829825134577714e-01,6.212878144599279784e-01,6.208183611446699279e-01,6.202763103009080181e-01,6.196634980314609242e-01,6.189819446596203090e-01,6.182337987706369997e-01,6.174213281226088590e-01,6.165469780714903925e-01,6.156132777576222015e-01,6.146228965668047994e-01,6.135786064650102789e-01,6.124833033682972605e-01,6.113399407695776500e-01,6.101515967832442655e-01,6.089214244153317024e-01,6.076526255038374735e-01,6.063484703462533876e-01,6.050123222913511567e-01,6.036475483143945997e-01,6.022575749814336188e-01,6.008458361437741813e-01,5.994158307390913265e-01,5.979710129906239402e-01,5.965148926541344876e-01,5.950509441850958536e-01,5.935826371408399194e-01,5.921134298233603488e-01,5.906467484037666305e-01,5.891859701276622729e-01,5.877344447862392629e-01,5.862954592736988602e-01,5.848722340622123372e-01,5.834679586075806057e-01,5.820856974560940644e-01,5.807284793944650358e-01,5.793992129121886547e-01,5.781007572788505744e-01,5.768358272342765103e-01,5.756070578431201623e-01,5.744169919718501438e-01,5.732680078255503187e-01,5.721624160109608503e-01,5.711023815966425055e-01,5.700899536804768797e-01,5.691270413245976822e-01,5.682154317129813892e-01,5.673567511547642495e-01,5.665525450685546804e-01,5.658041447697302884e-01,5.651128038627510897e-01,5.644796176733845039e-01,5.639055062990134815e-01,5.633912943538859075e-01,5.629376196130629895e-01,5.625450072127325951e-01,5.622138304698753863e-01,5.619443451180665683e-01,5.617366080307126808e-01,5.615906013561183796e-01,5.615061410709676348e-01,5.614829050090957008e-01,5.615204611278199476e-01,5.616182494748006571e-01,5.617755678189052526e-01,5.619915949712990244e-01,5.622654221995805335e-01,5.625960073316488286e-01,5.629821946871118588e-01,5.634227466623771274e-01,5.639163111966926101e-01,5.644614633452356145e-01,5.650566595373264223e-01,5.657003088280756486e-01,5.663907379575537915e-01,5.671261731540536699e-01,5.679048322453629227e-01,5.687248256554015002e-01,5.695842087501948869e-01,5.704810581851672557e-01,5.714133340343829914e-01,5.723789975674441477e-01,5.733759926328076961e-01,5.744022415968973450e-01,5.754556115156808094e-01,5.765339942110770943e-01,5.776352984539764313e-01,5.787573888449388804e-01,5.798981836576352356e-01,5.810555786664838296e-01,5.822275143918186346e-01,5.834119766717944522e-01,5.846069099670468949e-01,5.858103908660280412e-01,5.870204556444725830e-01,5.882352573980965671e-01,5.894529314085449334e-01,5.906717268556702649e-01,5.918898940376982054e-01,5.931058265257260764e-01,5.943179031068254181e-01,5.955246142406802612e-01,5.967245182347868937e-01,5.979162367756822860e-01,5.990984988566695479e-01,6.002700898337844926e-01,6.014298704948276564e-01,6.025768053049261885e-01,6.037099168685733375e-01,6.048283629334382239e-01,6.059313349670084614e-01,6.070181259984868127e-01,6.080881514315583658e-01,6.091408571174473652e-01,6.101758089407286478e-01,6.111926454296149336e-01,6.121911123446373004e-01,6.131709918419062655e-01,6.141321924328009274e-01,6.150746892330943849e-01,6.159985024241104723e-01,6.169037677810195186e-01,6.177906790670938397e-01,6.186594892896599696e-01,6.195105226631812956e-01,6.203441627936253644e-01,6.211608680418545525e-01,6.219611193425711448e-01,6.227454638996884340e-01,6.235145138138874499e-01,6.242688955267641226e-01,6.250092766602507455e-01,6.257363965344009404e-01,6.264509500134384234e-01,6.271537294463123136e-01,6.278455007202368154e-01,6.285270754152471051e-01,6.291992515744183612e-01,6.298628318418643124e-01,6.305186425752780099e-01,6.311674794636755736e-01,6.318101601096764997e-01,6.324474591253828049e-01,6.330801356983917216e-01,6.337089587962306814e-01,6.343346324291802008e-01,6.349578507257844784e-01,6.355792402663115181e-01,6.361994565820162650e-01,6.368190362624683853e-01,6.374385244033814457e-01,6.380583824091666800e-01,6.386790513535793856e-01,6.393008533970577778e-01,6.399241320319596360e-01,6.405491004047638715e-01,6.411759642567382844e-01,6.418048007507652919e-01,6.424357064758371427e-01,6.430686016745059685e-01,6.437034073720885319e-01,6.443399534122090655e-01,6.449780163519889253e-01,6.456172400661744915e-01,6.462572539277975370e-01,6.468976061341398243e-01,6.475377473048008481e-01,6.481770500555077419e-01,6.488148692935769013e-01,6.494504103693498065e-01,6.500828994913497860e-01,6.507114083603936505e-01,6.513349937376013976e-01,6.519526485977570340e-01,6.525632934096127213e-01,6.531658001494569099e-01,6.537589728711552528e-01,6.543415723747137980e-01,6.549123261062661516e-01,6.554698955458604370e-01,6.560129283444361414e-01,6.565400130621636965e-01,6.570497127490895206e-01,6.575405905784973415e-01,6.580111523966222231e-01,6.584599018874996990e-01,6.588853513633362580e-01,6.592859770104944062e-01,6.596602951326488995e-01,6.600067429005889164e-01,6.603238881694636353e-01,6.606102187016114069e-01,6.608642907426930391e-01,6.610846684938542772e-01,6.612699562726912506e-01,6.614188103771482252e-01,6.615299018340986548e-01,6.616019551136353982e-01,6.616337725144848525e-01,6.616242216863434944e-01,6.615721846344346790e-01,6.614766550791151278e-01,6.613367129142148082e-01,6.611514716927154867e-01,6.609201738180568997e-01,6.606421279996772533e-01,6.603167686550398541e-01,6.599435578794400348e-01,6.595221426448769630e-01,6.590522068537508771e-01,6.585335810726214989e-01,6.579661942027109633e-01,6.573501071156462316e-01,6.566854623273117308e-01,6.559725428746669973e-01,6.552117581365389798e-01,6.544036359859569663e-01,6.535488116219078103e-01,6.526480624990008694e-01,6.517022932018793346e-01,6.507124954281718887e-01,6.496798413203197509e-01,6.486055960542548293e-01,6.474911487468753002e-01,6.463379866072486157e-01,6.451477937181170352e-01,6.439222882104076451e-01,6.426633546783111495e-01,6.413729555238572022e-01,6.400532108048091473e-01,6.387062970688421881e-01,6.373345268252194051e-01,6.359403055818398931e-01,6.345261282283125581e-01,6.330945742630388340e-01,6.316483291802460487e-01,6.301901337365198863e-01,6.287228022887171308e-01,6.272492618873564130e-01,6.257724441898447898e-01,6.242953541426301545e-01,6.228211042136760911e-01,6.213527366260913620e-01,6.198934235383751767e-01,6.184463216398204954e-01,6.170146498846630356e-01,6.156015754641555038e-01,6.142103260887883387e-01,6.128441085096385521e-01,6.115060994826339025e-01,6.101995006636212748e-01,6.089274749014631505e-01,6.076931068774490408e-01,6.064995265018606752e-01,6.053497131330994874e-01,6.042466749975524687e-01,6.031933095689246960e-01,6.021924489361213384e-01,6.012468570542151003e-01,6.003591800666197020e-01,5.995320021389423104e-01,5.987677825236364937e-01,5.980688807605655244e-01,5.974375567646227347e-01,5.968758736413619648e-01,5.963858692747341372e-01,5.959693552138598527e-01,5.956280728214810027e-01,5.953635446254201824e-01,5.951771993059303822e-01,5.950702557248809255e-01,5.950438388741901008e-01,5.950988199887189412e-01,5.952359649884558790e-01,5.954558273263831358e-01,5.957588215071222271e-01,5.961451347286056412e-01,5.966147945750945869e-01,5.971676584506813157e-01,5.978033571371191846e-01,5.985213521804765291e-01,5.993209365189332560e-01,6.002011870420754791e-01,6.011610123930373195e-01,6.021991143277929392e-01,6.033140070821108036e-01,6.045040477558409897e-01,6.057673822941825881e-01,6.071019817206831926e-01,6.085056472761598556e-01,6.099759921069858315e-01,6.115104848739850718e-01,6.131063907041123251e-01,6.147608444338640288e-01,6.164708117857545799e-01,6.182331223069832404e-01,6.200444289930633346e-01,6.219012773586470866e-01,6.238000578323146250e-01,6.257370586506642018e-01,6.277084448489047563e-01,6.297102631858230160e-01,6.317384409717022864e-01,6.337888554507422612e-01,6.358572706093733595e-01,6.379393868251755917e-01,6.400308314143206001e-01,6.421271595663466947e-01,6.442239039291152158e-01,6.463165426289956272e-01,6.484005431214319159e-01,6.504713261754778708e-01,6.525243342963547022e-01,6.545549784029585094e-01,6.565587133806870535e-01,6.585309978579855228e-01,6.604673389030182307e-01,6.623632329709636668e-01,6.642142958349629422e-01,6.660161795419956565e-01,6.677646054995511893e-01,6.694553687357902572e-01,6.710843740891678788e-01,6.726476133625977072e-01,6.741412145992583538e-01,6.755613623426850456e-01,6.769044555650555184e-01,6.781669672450217901e-01,6.793455569998282373e-01,6.804370019486785104e-01,6.814382635769916652e-01,6.823464523676560090e-01,6.831588988885797242e-01,6.838730743554841673e-01,6.844866174595085617e-01,6.849974418512598806e-01,6.854036299841342883e-01,6.857033938020673514e-01,6.858952671821182401e-01,6.859779480957064468e-01,6.859503133000955932e-01,6.858115426875274201e-01,6.855609978857429843e-01,6.851982349927903115e-01,6.847230988530634832e-01,6.841356197504666614e-01,6.834360791301966609e-01,6.826249825874076693e-01,6.817030713034657463e-01,6.806712974105023628e-01,6.795308328711427981e-01,6.782831179554272838e-01,6.769297933716910132e-01,6.754726871739770155e-01,6.739139010954366960e-01,6.722556941750782444e-01,6.705005782470676579e-01,6.686512577657378609e-01,6.667105953905299032e-01,6.646817054466953589e-01,6.625678235093375168e-01,6.603724391465753962e-01,6.580991161328799688e-01,6.557516914262419006e-01,6.533340822789623914e-01,6.508503674352743573e-01,6.483047767062379840e-01,6.457016811542806156e-01,6.430455330665499902e-01,6.403409353394343695e-01,6.375925763025851456e-01
9.405670176190389364e-01,9.387093779130537552e-01,9.367898064957038695e-01,9.348107429004477442e-01,9.327746408384041121e-01,9.306839809598396185e-01,9.285411975590662781e-01,9.263488088063698278e-01,9.241092854016880187e-01,9.218250700726483560e-01,9.194986998197495209e-01,9.171325765938589392e-01,9.147292142252462233e-01,9.122910221133250230e-01,9.098204528298522442e-01,9.073199159835028116e-01,9.047918024853394137e-01,9.022384965841431237e-01,8.996623369141895088e-01,8.970656728195784968e-01,8.944508001817649268e-01,8.918199810021570917e-01,8.891754986522596438e-01,8.865195258516331833e-01,8.838542815733234637e-01,8.811819255683297492e-01,8.785045512224490816e-01,8.758242608618761471e-01,8.731431248041715554e-01,8.704631500325368254e-01,8.677863345226799474e-01,8.651146393810819069e-01,8.624499657083998239e-01,8.597942040361119531e-01,8.571492238402101949e-01,8.545168231221182964e-01,8.518987610786816767e-01,8.492968321820396627e-01,8.467127284173936452e-01,8.441481032550942620e-01,8.416046654532068905e-01,8.390839723798515504e-01,8.365876261875329067e-01,8.341172012246321765e-01,8.316741865518973986e-01,8.292600908576858165e-01,8.268763826719307541e-01,8.245244809410590126e-01,8.222057760443494123e-01,8.199216840073445534e-01,8.176735150082851122e-01,8.154626275482890208e-01,8.132902973079600972e-01,8.111577821990775261e-01,8.090663334302793386e-01,8.070172248992047992e-01,8.050115759507632252e-01,8.030505808451695593e-01,8.011354232653801200e-01,7.992672013279511489e-01,7.974470118292891208e-01,7.956759263098976964e-01,7.939550286392434986e-01,7.922853284517965555e-01,7.906678116122077826e-01,7.891034976370349119e-01,7.875933248937251330e-01,7.861382438653898852e-01,7.847391243992359877e-01,7.833968962025170679e-01,7.821123719233332716e-01,7.808864190319573240e-01,7.797198159574989518e-01,7.786133783029991484e-01,7.775677852986575544e-01,7.765837710965761698e-01,7.756620487104959327e-01,7.748032350563340831e-01,7.740079627650102712e-01,7.732768156073855925e-01,7.726103410087676870e-01,7.720090220833302208e-01,7.714733390735749596e-01,7.710037418450371716e-01,7.706005801932929167e-01,7.702642645052563131e-01,7.699950221641732595e-01,7.697931450403616704e-01,7.696588358307598909e-01,7.695922420627856475e-01,7.695934862686043543e-01,7.696626206618240040e-01,7.697996160090110340e-01,7.700044787906011878e-01,7.702770588737043456e-01,7.706171893272468765e-01,7.710246493603223339e-01,7.714991885343893685e-01,7.720404143131796015e-01,7.726479303014357480e-01,7.733212443790250523e-01,7.740598582505653358e-01,7.748631626218422941e-01,7.757304596823964005e-01,7.766610270265190685e-01,7.776540512760974355e-01,7.787086691844379294e-01,7.798239363418966175e-01,7.809988331657931049e-01,7.822322825471792473e-01,7.835231478578418285e-01,7.848701960428453583e-01,7.862721477176983775e-01,7.877276395530915520e-01,7.892352192387419585e-01,7.907934548711699208e-01,7.924007205620509087e-01,7.940554634431887804e-01,7.957559380290487594e-01,7.975004130884975062e-01,7.992870877780388073e-01,8.011140592414512929e-01,8.029794023691099181e-01,8.048811595418672304e-01,8.068172649102721694e-01,8.087855984582271729e-01,8.107840692229854040e-01,8.128104351400706751e-01,8.148625024291288321e-01,8.169379471736359921e-01,8.190344923075001393e-01,8.211497726031344868e-01,8.232813917822506822e-01,8.254269429971035077e-01,8.275839942719376285e-01,8.297500764022488484e-01,8.319227013062925336e-01,8.340993798531151082e-01,8.362776114829564289e-01,8.384548749242327625e-01,8.406286786498020636e-01,8.427964757913347649e-01,8.449557758733898805e-01,8.471040753975151993e-01,8.492388803894356242e-01,8.513577527314640792e-01,8.534582298529695965e-01,8.555378991123574473e-01,8.575943625770591217e-01,8.596252981755927447e-01,8.616283749631596933e-01,8.636013313936533597e-01,8.655419581698159393e-01,8.674480943917373121e-01,8.693176226769405712e-01,8.711484974244022572e-01,8.729387559112062878e-01,8.746864656150514783e-01,8.763898015343226655e-01,8.780469693466106396e-01,8.796563366704757136e-01,8.812162639013101373e-01,8.827252724026010133e-01,8.841818926020756919e-01,8.855848522547137280e-01,8.869328590300614712e-01,8.882247952454368489e-01,8.894596434023585019e-01,8.906364488618409014e-01,8.917543882027776370e-01,8.928127553422960938e-01,8.938109221789474201e-01,8.947483746943228899e-01,8.956247350814661168e-01,8.964397249390063660e-01,8.971931670760480149e-01,8.978850139335452507e-01,8.985153211573795318e-01,8.990842543604606885e-01,8.995921063948582042e-01,9.000392897397330172e-01,9.004262821449330323e-01,9.007537206609061986e-01,9.010223278722304663e-01,9.012329739178285282e-01,9.013865323900229765e-01,9.014841294929020199e-01,9.015268782932379654e-01,9.015160309895157154e-01,9.014529345844013442e-01,9.013390362025442970e-01,9.011758935391048775e-01,9.009650519312419892e-01,9.007083048560017291e-01,9.004073729649297864e-01,9.000641523587983306e-01,8.996805363239420705e-01,8.992585722543742222e-01,8.988002681291294982e-01,8.983077864599018358e-01,8.977832550126330080e-01,8.972289472984981140e-01,8.966470854493354681e-01,8.960399700026053793e-01,8.954099577472611760e-01,8.947594062441914797e-01,8.940906539052648760e-01,8.934061603630603088e-01,8.927082795167868845e-01,8.919994250266001234e-01,8.912820234443431522e-01,8.905584624086908541e-01,8.898311115233269453e-01,8.891023851322152893e-01,8.883745667255044109e-01,8.876499874342225205e-01,8.869309177434254732e-01,8.862195883999972601e-01,8.855181814925862094e-01,8.848288213590077556e-01,8.841535603904888685e-01,8.834944239025426249e-01,8.828533371291362730e-01,8.822321589844170919e-01,8.816326551563290481e-01,8.810565565975616575e-01,8.805054079671705836e-01,8.799808118039216254e-01,8.794840976602884552e-01,8.790166151127266625e-01,8.785795787219590203e-01,8.781740966786247826e-01,8.778011328741481822e-01,8.774615841043794662e-01,8.771562013417516512e-01,8.768856461984111395e-01,8.766503941009802237e-01,8.764508893464342254e-01,8.762873712184751085e-01,8.761599765197789491e-01,8.760687608058986831e-01,8.760135776749722325e-01,8.759941950286774803e-01,8.760102719050394393e-01,8.760612629991990641e-01,8.761466049264202693e-01,8.762654839693821973e-01,8.764171025652197633e-01,8.766004001051745931e-01,8.768142991290283073e-01,8.770575318968596434e-01,8.773287614703951798e-01,8.776265219930229344e-01,8.779492249042969432e-01,8.782951607424456242e-01,8.786625817878540579e-01,8.790495588121407522e-01,8.794541029983145020e-01,8.798741453416160097e-01,8.803075298889007083e-01,8.807520080721568112e-01,8.812052132720785691e-01,8.816647717604088053e-01,8.821282303183304307e-01,8.825930255364597965e-01,8.830566182945773779e-01,8.835163543883832737e-01,8.839695806363255803e-01,8.844135815518537891e-01,8.848456271069212731e-01,8.852629544816673635e-01,8.856628162112550884e-01,8.860424028430042842e-01,8.863989403030778647e-01,8.867296603826404500e-01,8.870317891397979659e-01,8.873025932961996487e-01,8.875393484229231467e-01,8.877393643137938550e-01,8.879000052095713524e-01,8.880186665242925104e-01,8.880928199484219299e-01,8.881199540777555690e-01,8.880976920201527625e-01,8.880236701658874576e-01,8.878956483496210916e-01,8.877114461859975103e-01,8.874690010501937731e-01,8.871663041325256183e-01,8.868015107126632213e-01,8.863728490131773663e-01,8.858786718486646450e-01,8.853174654262292442e-01,8.846878210183345415e-01,8.839884880068962225e-01,8.832183519106994174e-01,8.823763751802252697e-01,8.814617603006428270e-01,8.804737879642899889e-01,8.794118950522752387e-01,8.782757144895189105e-01,8.770649793892687507e-01,8.757796503337771377e-01,8.744197862462563808e-01,8.729856306640090269e-01,8.714775738805983218e-01,8.698961955367974230e-01,8.682422676848855492e-01,8.665166521172870118e-01,8.647204314523082580e-01,8.628548268933764476e-01,8.609212223997682045e-01,8.589211868678842121e-01,8.568564425911475713e-01,8.547288506473355030e-01,8.525404433460337383e-01,8.502934316891866962e-01,8.479901038858591589e-01,8.456330037227707264e-01,8.432247068544345137e-01,8.407680106353450089e-01,8.382657863637956730e-01,8.357211218300559796e-01,8.331371165583822958e-01,8.305170970014469356e-01,8.278644184144953178e-01,8.251826186223787385e-01,8.224752915063870962e-01,8.197461486685907461e-01,8.169989792948995078e-01,8.142376595468923117e-01,8.114661661723507891e-01,8.086884908845646258e-01,8.059087585168528411e-01,8.031311050945703078e-01,8.003597099680169746e-01,7.975988161479662386e-01,7.948526703771493507e-01,7.921255680939583987e-01,7.894218337199778723e-01,7.867457489414522165e-01,7.841016317834743621e-01,7.814937933665710990e-01,7.789265189604347439e-01,7.764040628065125293e-01,7.739306489133167544e-01,7.715104814904221175e-01,7.691476857862730165e-01,7.668463581938470552e-01,7.646104846610970451e-01,7.624440407350309146e-01,7.603508720950182820e-01,7.583347597301773879e-01,7.563993994644500063e-01,7.545483254196864165e-01,7.527850727704761269e-01,7.511129531562158457e-01,7.495352079216590635e-01,7.480549350529213104e-01,7.466751089295009525e-01,7.453985515033073606e-01,7.442279411119210319e-01,7.431658071880221650e-01,7.422145397680079970e-01,7.413763369818533455e-01,7.406532416948714559e-01,7.400471415399689779e-01,7.395597202350078225e-01,7.391925135965803362e-01,7.389468952169547800e-01,7.388239864550666391e-01,7.388248058575288546e-01,7.389501052898304057e-01,7.392004985103054482e-01,7.395764245632512335e-01,7.400780789200257503e-01,7.407054990478705303e-01,7.414585426063129425e-01,7.423368372248756453e-01,7.433398277287449618e-01,7.444668159724767698e-01,7.457168534015188310e-01,7.470888328379959864e-01,7.485814895957648707e-01,7.501933132903110257e-01,7.519226335850635046e-01,7.537676693347233892e-01,7.557263516842442908e-01,7.577965344422509242e-01,7.599758777785876607e-01,7.622618368137995537e-01,7.646517765982491222e-01,7.671428480635804625e-01,7.697321011387530110e-01,7.724164131666967359e-01,7.751925431271615707e-01,7.780570974867200285e-01,7.810065630292006844e-01,7.840373443642744133e-01,7.871456594970004383e-01,7.903276853526645107e-01,7.935794902902558734e-01,7.968969965714711723e-01,8.002760862383838658e-01,8.037125699021495651e-01,8.072021446767917441e-01,8.107404941562700307e-01,8.143231978924041492e-01,8.179458176837518524e-01,8.216038479455630705e-01,8.252927606117365089e-01,8.290080261456482802e-01,8.327450466102159776e-01,8.364992583066629406e-01,8.402660267241348624e-01,8.440407894685475476e-01,8.478189653292398376e-01,8.515959828333525827e-01,8.553673119764240163e-01,8.591284427431944426e-01,8.628748984454491788e-01,8.666022581705936645e-01,8.703061544782560999e-01,8.739822245057231598e-01,8.776262895612526593e-01,8.812341300027815016e-01,8.848016392781761219e-01
2.291571325525875724e-01,2.268419066769320758e-01,2.244800041969123583e-01,2.220748121514203310e-01,2.196297754704428229e-01,2.171483787438479862e-01,2.146341366149573104e-01,2.120905973444867365e-01,2.095213417045054816e-01,2.069299471870472418e-01,2.043200377851985550e-01,2.016952194729334513e-01,1.990591048674356378e-01,1.964153228642385451e-01,1.937674713495044776e-01,1.911191415873098320e-01,1.884739056654354539e-01,1.858353189825016905e-01,1.832068978294833506e-01,1.805921089352371944e-01,1.779944025762051629e-01,1.754171628356335222e-01,1.728637308031940600e-01,1.703373818915002169e-01,1.678413368666998307e-01,1.653787342579374764e-01,1.629526598485831479e-01,1.605660975448510996e-01,1.582219578791682624e-01,1.559230687466399701e-01,1.536721566611145284e-01,1.514718508315725243e-01,1.493246814283268886e-01,1.472330766733297991e-01,1.451993505255577965e-01,1.432257026237185593e-01,1.413142195144000135e-01,1.394668618792218595e-01,1.376854694046627803e-01,1.359717593976013661e-01,1.343273107839223490e-01,1.327535792070173304e-01,1.312518724624216204e-01,1.298233786188961181e-01,1.284691405798028263e-01,1.271900590808628384e-01,1.259868917312788328e-01,1.248602606804564419e-01,1.238106327719574601e-01,1.228383424562182330e-01,1.219435784623170149e-01,1.211263730597225696e-01,1.203866364535902955e-01,1.197241037672134578e-01,1.191383942441017058e-01,1.186289717839907748e-01,1.181951570013735214e-01,1.178361332606323586e-01,1.175509471558458113e-01,1.173385137583396604e-01,1.171976018869562708e-01,1.171268510149074821e-01,1.171247749641816799e-01,1.171897715624869440e-01,1.173200940552747151e-01,1.175138875315057535e-01,1.177691843157052526e-01,1.180838937460540750e-01,1.184558246681052668e-01,1.188826833290439894e-01,1.193620672973194630e-01,1.198914939443293526e-01,1.204683697787967273e-01,1.210900355700055553e-01,1.217537462567517825e-01,1.224566716121065074e-01,1.231959320457987894e-01,1.239685633878332277e-01,1.247715617778846209e-01,1.256018577770096900e-01,1.264563458666007889e-01,1.273318793230432677e-01,1.282252667422917047e-01,1.291333062758800998e-01,1.300527619750685426e-01,1.309803873203385927e-01,1.319129374591418435e-01,1.328471433335712271e-01,1.337797621397989467e-01,1.347075561524662679e-01,1.356272970828290847e-01,1.365357895048016912e-01,1.374298610337592597e-01,1.383063882050392934e-01,1.391622776008883955e-01,1.399944894539081608e-01,1.408000437171679498e-01,1.415760157336244107e-01,1.423195511642774969e-01,1.430278701715543832e-01,1.436982692786207272e-01,1.443281271983878900e-01,1.449149199712312375e-01,1.454562172079224003e-01,1.459496776278151053e-01,1.463930767147327838e-01,1.467843058956671276e-01,1.471213460735510126e-01,1.474023211554233992e-01,1.476254744762437177e-01,1.477891594871988123e-01,1.478918769354348184e-01,1.479322512378939136e-01,1.479090543493534193e-01,1.478211839884548684e-01,1.476676933345594245e-01,1.474477655666366072e-01,1.471607455002545972e-01,1.468061132125709212e-01,1.463835064187795354e-01,1.458927176794861669e-01,1.453336789696384468e-01,1.447064835292585505e-01,1.440113778560677404e-01,1.432487632678044465e-01,1.424191784257072269e-01,1.415233370049556461e-01,1.405620903318313408e-01,1.395364393611778497e-01,1.384475468740819504e-01,1.372967004332841523e-01,1.360853576490344274e-01,1.348150988759304614e-01,1.334876653872308638e-01,1.321049066968656982e-01,1.306688393897578737e-01,1.291815953274761120e-01,1.276454276390804887e-01,1.260627202353205023e-01,1.244359854080920036e-01,1.227678361039132859e-01,1.210610022834659877e-01,1.193183190270275529e-01,1.175427255525568898e-01,1.157372487724466492e-01,1.139050175049083069e-01,1.120492385284704573e-01,1.101731930217103861e-01,1.082802380507747186e-01,1.063738064382710041e-01,1.044573764031809238e-01,1.025344953630649009e-01,1.006087503315536563e-01,9.868376974990603068e-02,9.676321589321865146e-02,9.485078939309767032e-02,9.295019338388500751e-02,9.106516226482842813e-02,8.919942499736464858e-02,8.735672492959924151e-02,8.554078775799560386e-02,8.375532393922920094e-02,8.200403262451644304e-02,8.029058199393110384e-02,7.861860134562997926e-02,7.699169038217641703e-02,7.541338213282124114e-02,7.388717685068432739e-02,7.241649720352380526e-02,7.100470830772184772e-02,6.965509387445695255e-02,6.837086230177509549e-02,6.715512990563372864e-02,6.601093236404130538e-02,6.494119179807372744e-02,6.394873573821463486e-02,6.303628528793929486e-02,6.220643424813012551e-02,6.146166981393655360e-02,6.080434861687320641e-02,6.023669502252577274e-02,5.976080641656564274e-02,5.937863491305870461e-02,5.909200095612487241e-02,5.890256853878042542e-02,5.881185495080745035e-02,5.882123137458991624e-02,5.893190660897290600e-02,5.914493369254134741e-02,5.946120813221815460e-02,5.988146188347296534e-02,6.040625760916000508e-02,6.103599883008786059e-02,6.177091606140339836e-02,6.261108279515052721e-02,6.355638560820661698e-02,6.460656333754842551e-02,6.576116981431506803e-02,6.701959007004815172e-02,6.838105408567947407e-02,6.984461405426405090e-02,7.140916264954555448e-02,7.307341183205615098e-02,7.483593084886601410e-02,7.669511758975888771e-02,7.864921081707977601e-02,8.069628937865391816e-02,8.283428501861322957e-02,8.506097283833811973e-02,8.737399082115747395e-02,8.977082175421748078e-02,9.224880746062437409e-02,9.480516107358187561e-02,9.743696582588291799e-02,1.001411728488596914e-01,1.029146015390821900e-01,1.057539691712878899e-01,1.086558716539505615e-01,1.116168007527336969e-01,1.146331426453134905e-01,1.177011895273739478e-01,1.208171438540645987e-01,1.239771210795321404e-01,1.271771599600408365e-01,1.304132181299605675e-01,1.336812065853660580e-01,1.369769613833151656e-01,1.402962531689720127e-01,1.436348344877689809e-01,1.469884011873026641e-01,1.503526170057561950e-01,1.537231141482966190e-01,1.570955132263447962e-01,1.604654199043010765e-01,1.638284307210864932e-01,1.671801371939435066e-01,1.705161469176780242e-01,1.738320808732863876e-01,1.771235676421827054e-01,1.803862786083300918e-01,1.836159102218253847e-01,1.868081969145013177e-01,1.899589175038099154e-01,1.930639212645828828e-01,1.961190902395593127e-01,1.991203942035736363e-01,2.020638627837163803e-01,2.049456029953345970e-01,2.077617992611569819e-01,2.105087360427416732e-01,2.131827829129963880e-01,2.157804188033723147e-01,2.182982049773246336e-01,2.207328332505872348e-01,2.230810998366502540e-01,2.253399287820399277e-01,2.275063398524185820e-01,2.295775116724096121e-01,2.315507270947397001e-01,2.334234336274144117e-01,2.351931801849561077e-01,2.368576814280808907e-01,2.384147814867338955e-01,2.398624943072924232e-01,2.411989504232764925e-01,2.424224633417045860e-01,2.435314782883210571e-01,2.445245988883497923e-01,2.454005992121969237e-01,2.461583987033113541e-01,2.467970849814955236e-01,2.473158978923822582e-01,2.477142463840404096e-01,2.479916988541435718e-01,2.481479754238688495e-01,2.481829802693111264e-01,2.480967513228798660e-01,2.478895098774770156e-01,2.475616316858752775e-01,2.471136428396051021e-01,2.465462317908150292e-01,2.458602510434854671e-01,2.450566996581657608e-01,2.441367251798590710e-01,2.431016368797495331e-01,2.419528926292493776e-01,2.406920918207035298e-01,2.393209718176162737e-01,2.378414113776211036e-01,2.362554431323790893e-01,2.345652142396283391e-01,2.327730094040705855e-01,2.308812426309841126e-01,2.288924622192740899e-01,2.268093071375168190e-01,2.246345626447879273e-01,2.223711051637106140e-01,2.200219242847539780e-01,2.175901260496496681e-01,2.150788998122395712e-01,2.124915235378450895e-01,2.098313847441647673e-01,2.071019403703447670e-01,2.043067373639646522e-01,2.014493875741625861e-01,1.985335765812380748e-01,1.955630595466624211e-01,1.925416392167951796e-01,1.894731937000675714e-01,1.863616265171174069e-01,1.832109086468270975e-01,1.800250329953955730e-01,1.768080301690060918e-01,1.735639607825491260e-01,1.702969206151870862e-01,1.670110057417986127e-01,1.637103295329455921e-01,1.603990171682549704e-01,1.570812038242350717e-01,1.537610068725469570e-01,1.504425468497556651e-01,1.471299269503064111e-01,1.438272300577300156e-01,1.405385290526768860e-01,1.372678548553469546e-01,1.340192188181117405e-01,1.307965828150210175e-01,1.276038776696615529e-01,1.244449835180294200e-01,1.213237322229645254e-01,1.182439000453362477e-01,1.152092003341147475e-01,1.122232898942713691e-01,1.092897537515644113e-01,1.064121043069605893e-01,1.035937807020373691e-01,1.008381518373927255e-01,9.814848415874022347e-02,9.552797893216617708e-02,9.297973146830110225e-02,9.050675421580224589e-02,8.811196604995195913e-02,8.579817654448941566e-02,8.356809811754457862e-02,8.142434316163360553e-02,7.936941235315934928e-02,7.740569713892410386e-02,7.553548563117826187e-02,7.376093684392119598e-02,7.208410340554827211e-02,7.050692115262399695e-02,6.903119992702672070e-02,6.765863357356098617e-02,6.639079312781802356e-02,6.522911980636220131e-02,6.417493930092900423e-02,6.322944178511637203e-02,6.239368893042454567e-02,6.166862711755431714e-02,6.105506105588586613e-02,6.055367556324174616e-02,6.016501667368043954e-02,5.988950708666451045e-02,5.972743901579878611e-02,5.967897278036264630e-02,5.974414247619159318e-02,5.992284657872408438e-02,6.021486407269007607e-02,6.061983344394622497e-02,6.113727969930581735e-02,6.176658719734177960e-02,6.250703064027049449e-02,6.335774539180233367e-02,6.431774877132535873e-02,6.538593434327548415e-02,6.656108133684186801e-02,6.784184530363467081e-02,6.922676489016715839e-02,7.071426104876477048e-02,7.230264439295730483e-02,7.399011514736013317e-02,7.577475779955694657e-02,7.765455731619465285e-02,7.962739218132584840e-02,8.169103384929328471e-02,8.384315993498614450e-02,8.608134779981110873e-02,8.840307800015015371e-02,9.080574555652354274e-02,9.328665886348823377e-02,9.584303204700804490e-02,9.847199933140048100e-02,1.011706200342384621e-01,1.039358756593630473e-01,1.067646719197944682e-01,1.096538548685088155e-01,1.126001948001712494e-01,1.156004048407012763e-01,1.186511403697689121e-01,1.217489986805571078e-01,1.248905341853018963e-01,1.280722436915733287e-01,1.312905849487173982e-01,1.345419827360322118e-01,1.378228211391285818e-01,1.411294525128555799e-01,1.444582000040721959e-01,1.478053815845414842e-01,1.511672674358757740e-01,1.545401370886942405e-01,1.579202531572656276e-01,1.613038572722291786e-01,1.646872112384215880e-01,1.680665807154582969e-01,1.714382088149695726e-01,1.747983751341531111e-01,1.781433735426768417e-01,1.814695098748702329e-01,1.847731103647230200e-01,1.880505380521947656e-01,1.912981868250102080e-01,1.945124904905706775e-01,1.976899060865965896e-01,2.008269574542952129e-01,2.039202063150106214e-01,2.069662660514796915e-01,2.099618139895010616e-01
4.918945053277845592e-01,4.906032478241681427e-01,4.893063803917382937e-01,4.880055369665724507e-01,4.867024673276674207e-01,4.853990212042107455e-01,4.840971711006780143e-01,4.827990278846864824e-01,4.815067682201981114e-01,4.802227428859193181e-01,4.789493483658630035e-01,4.776891539578486667e-01,4.764447896590998099e-01,4.752190017863218152e-01,4.740146283299437879e-01,4.728346004141000813e-01,4.716819658959851003e-01,4.705598234511053080e-01,4.694713573542063090e-01,4.684198307857078691e-01,4.674085905617161307e-01,4.664410050992497392e-01,4.655205375597080142e-01,4.646506778055472520e-01,4.638349391083268491e-01,4.630769168666696300e-01,4.623801680779172085e-01,4.617483003157648591e-01,4.611849296324045389e-01,4.606936703585897686e-01,4.602781195976406448e-01,4.599418321322210068e-01,4.596883913137779221e-01,4.595212680547146600e-01,4.594439463862191042e-01,4.594598332072741265e-01,4.595722515077412251e-01,4.597844596918301274e-01,4.600996318164070065e-01,4.605208436682498019e-01,4.610510454630927790e-01,4.616931143100180823e-01,4.624497500194527655e-01,4.633235478692191989e-01,4.643169413929789102e-01,4.654322376755708479e-01,4.666715283313149776e-01,4.680367924905611821e-01,4.695297865597216624e-01,4.711520788724317121e-01,4.729050669517362859e-01,4.747899155322535814e-01,4.768076066036833760e-01,4.789588677224715374e-01,4.812442108098961557e-01,4.836639214225214034e-01,4.862180671353805161e-01,4.889064085756492650e-01,4.917285280362431177e-01,4.946837090246946067e-01,4.977709967261612634e-01,5.009891778547802543e-01,5.043367558875800905e-01,5.078119771996986165e-01,5.114128373151786144e-01,5.151370465944932198e-01,5.189820463015792917e-01,5.229450166742170003e-01,5.270228523971820511e-01,5.312121945781211885e-01,5.355094122538552881e-01,5.399106239968162191e-01,5.444116724459171497e-01,5.490081461639106930e-01,5.536953854087449667e-01,5.584684960572937618e-01,5.633223109190573785e-01,5.682514498342956522e-01,5.732503000927913206e-01,5.783130353227377007e-01,5.834335852602449135e-01,5.886057246691088762e-01,5.938229776342394128e-01,5.990787342179146879e-01,6.043661596490679244e-01,6.096782653695208554e-01,6.150079549272841062e-01,6.203479333187363887e-01,6.256907882569618939e-01,6.310290137808121091e-01,6.363549499964882283e-01,6.416608978474287461e-01,6.469390608994578518e-01,6.521815533727252090e-01,6.573804429270502236e-01,6.625278141865789117e-01,6.676156658997376425e-01,6.726360232874917244e-01,6.775809044065808084e-01,6.824423726247006439e-01,6.872124827961365590e-01,6.918834326713496630e-01,6.964473822116394874e-01,7.008966246172537717e-01,7.052235947954753614e-01,7.094207785828342550e-01,7.134808224759067175e-01,7.173964990425060195e-01,7.211607802043492610e-01,7.247667706485176886e-01,7.282077944916699463e-01,7.314773671112065889e-01,7.345692179221839924e-01,7.374772988494158188e-01,7.401958432031500168e-01,7.427193136802769935e-01,7.450424392625930592e-01,7.471602538792621040e-01,7.490680649557321935e-01,7.507614739079386812e-01,7.522364296002223005e-01,7.534891967911576671e-01,7.545163365291637225e-01,7.553148145869683638e-01,7.558818689283883785e-01,7.562151774324203934e-01,7.563127290636251221e-01,7.561729037776734330e-01,7.557944417711166540e-01,7.551764913627232456e-01,7.543185405541653621e-01,7.532205086725408671e-01,7.518826688451621942e-01,7.503056979255601222e-01,7.484906838226119685e-01,7.464390844122782420e-01,7.441527621847447982e-01,7.416339206907900383e-01,7.388852254047232337e-01,7.359096608001304274e-01,7.327106386232178359e-01,7.292919231144279202e-01,7.256576262322533832e-01,7.218122612437221086e-01,7.177606662174897956e-01,7.135080711637900031e-01,7.090599881629907619e-01,7.044223091627916933e-01,6.996012211535304059e-01,6.946032173397875820e-01,6.894351008208594589e-01,6.841039699615071301e-01,6.786171672279549538e-01,6.729823607920688566e-01,6.672073954288313402e-01,6.613003902181346927e-01,6.552696724651052573e-01,6.491237794474193912e-01,6.428714479277917171e-01,6.365215617732503661e-01,6.300831998989874227e-01,6.235655387746188438e-01,6.169779349337611851e-01,6.103298025259806803e-01,6.036306640141533286e-01,5.968901367276931991e-01,5.901178643181345107e-01,5.833235376135387229e-01,5.765168775854867533e-01,5.697075806911199303e-01,5.629053740729142996e-01,5.561199244841050771e-01,5.493608392910664939e-01,5.426376662408890494e-01,5.359598766222916089e-01,5.293368288189840287e-01,5.227777784647166248e-01,5.162918178822138993e-01,5.098878979513363774e-01,5.035748095977653493e-01,4.973611612505183799e-01,4.912553392055475920e-01,4.852655251605257347e-01,4.793996851210414190e-01,4.736655335320471005e-01,4.680705170254189640e-01,4.626218187017665517e-01,4.573263506964365677e-01,4.521907135681301759e-01,4.472212225139310937e-01,4.424238426452835604e-01,4.378042726197780010e-01,4.333678093729853575e-01,4.291194557331118875e-01,4.250638498264892595e-01,4.212052558872555474e-01,4.175476042413285294e-01,4.140944292991430853e-01,4.108489236966332836e-01,4.078138532677035299e-01,4.049916507411272515e-01,4.023843393470427077e-01,3.999935714032301082e-01,3.978205932751228135e-01,3.958662988250208903e-01,3.941311745464294858e-01,3.926153049486547086e-01,3.913184513756532978e-01,3.902399444616724278e-01,3.893787668595670159e-01,3.887335210387481976e-01,3.883024446860329770e-01,3.880834473057098166e-01,3.880740417197272030e-01,3.882714394125774682e-01,3.886724675915621541e-01,3.892737031226446986e-01,3.900713182467731577e-01,3.910612376701040338e-01,3.922390641652570564e-01,3.936001435379318791e-01,3.951395060644931068e-01,3.968519615610678897e-01,3.987320407969157099e-01,4.007740524175985031e-01,4.029720822227108590e-01,4.053199853043463197e-01,4.078114786410740877e-01,4.104400304423109769e-01,4.131990014457481708e-01,4.160815442222330907e-01,4.190807417043348471e-01,4.221894848747151929e-01,4.254006303580662451e-01,4.287068970814092994e-01,4.321009456815419481e-01,4.355753719115504352e-01,4.391227511389717564e-01,4.427355928187562961e-01,4.464064307432097922e-01,4.501277979247095828e-01,4.538922131013775063e-01,4.576922656195511752e-01,4.615205744204313176e-01,4.653698355477540183e-01,4.692328034191712849e-01,4.731023496876393675e-01,4.769714241131808308e-01,4.808330913358284664e-01,4.846805843836568539e-01,4.885072434797883556e-01,4.923065786013989809e-01,4.960722832793997839e-01,4.997981874530961210e-01,5.034783355828774676e-01,5.071069701527949336e-01,5.106785486981832989e-01,5.141877179286911126e-01,5.176293812813246298e-01,5.209986655192448968e-01,5.242909207272761218e-01,5.275017588103962929e-01,5.306270320401658136e-01,5.336628828053672224e-01,5.366056780165776585e-01,5.394520616117691736e-01,5.421989433102109013e-01,5.448435181399815530e-01,5.473832482155933654e-01,5.498158569624053138e-01,5.521393838062468307e-01,5.543520840213226331e-01,5.564525244616829180e-01,5.584395624129253610e-01,5.603123102389213628e-01,5.620701022353571386e-01,5.637126226765523107e-01,5.652397716360644253e-01,5.666517058366479231e-01,5.679488477075215203e-01,5.691318779890618407e-01,5.702017087981999799e-01,5.711594646842033107e-01,5.720065465912631542e-01,5.727445488056285283e-01,5.733752779605951755e-01,5.739007628043162335e-01,5.743232359087153682e-01,5.746450889524796768e-01,5.748689214953156545e-01,5.749974896864816776e-01,5.750337268889677000e-01,5.749807095149566116e-01,5.748416215348634006e-01,5.746198433461979782e-01,5.743188357841423342e-01,5.739421465045668747e-01,5.734934744392203854e-01,5.729765865419051973e-01,5.723953049632033441e-01,5.717535363688948102e-01,5.710552332654093011e-01,5.703044086819119007e-01,5.695050996470217841e-01,5.686613473061352675e-01,5.677772191189878193e-01,5.668568023179340054e-01,5.659041370674988691e-01,5.649232726590633913e-01,5.639182179988676547e-01,5.628929529363935202e-01,5.618513587160265388e-01,5.607973400786122609e-01,5.597346635390220149e-01,5.586670593527294226e-01,5.575981591309322472e-01,5.565315142308834284e-01,5.554705453600359277e-01,5.544186096350485204e-01,5.533789014725668531e-01,5.523545471164297282e-01,5.513485160776725458e-01,5.503636470921213775e-01,5.494026343084116304e-01,5.484680777377114458e-01,5.475623643568878762e-01,5.466877806421986952e-01,5.458464392992563585e-01,5.450403022978014267e-01,5.442711700133288089e-01,5.435407216074905623e-01,5.428504039762267475e-01,5.422015472016261661e-01,5.415953465471256001e-01,5.410327847633541465e-01,5.405146799566297178e-01,5.400417421920676864e-01,5.396144752528477806e-01,5.392332370945052133e-01,5.388982548851296572e-01,5.386095626280089643e-01,5.383670708629385571e-01,5.381705523248188072e-01,5.380196064765520036e-01,5.379137122339421317e-01,5.378522181580955852e-01,5.378343483645967593e-01,5.378591824965056611e-01,5.379256634390091607e-01,5.380326899215700509e-01,5.381789897584109417e-01,5.383632087786694997e-01,5.385838908879777565e-01,5.388395168750185205e-01,5.391284440436717729e-01,5.394489658189375314e-01,5.397993371161959875e-01,5.401777086704826480e-01,5.405821883003870676e-01,5.410108497190435628e-01,5.414616943137602334e-01,5.419327092433936510e-01,5.424218493941315167e-01,5.429270699893600227e-01,5.434462472618065698e-01,5.439772994482904300e-01,5.445181368184225379e-01,5.450666954835926559e-01,5.456208673074145477e-01,5.461785801009927388e-01,5.467378280236226962e-01,5.472965883908176288e-01,5.478528794527770529e-01,5.484047620764836983e-01,5.489503782769319384e-01,5.494878603077840706e-01,5.500154158869747789e-01,5.505313492886739768e-01,5.510339778167683278e-01,5.515217032414659881e-01,5.519930173053028133e-01,5.524464506207290571e-01,5.528806464884327143e-01,5.532942996547931536e-01,5.536861971436998209e-01,5.540552062631778352e-01,5.544002777568445284e-01,5.547204725179389895e-01,5.550148995710921795e-01,5.552827797339050520e-01,5.555234149960663892e-01,5.557362074149395648e-01,5.559206471067931199e-01,5.560762602887902029e-01,5.562027405653782175e-01,5.562998154881001467e-01,5.563673017261556719e-01,5.564050994753046986e-01,5.564132176964347032e-01,5.563916783601888794e-01,5.563406399474969399e-01,5.562603175819201828e-01,5.561509669704087777e-01,5.560129417243941941e-01,5.558466383742929340e-01,5.556525215361690639e-01,5.554311256651979223e-01,5.551829858971483178e-01,5.549087372024446019e-01,5.546090369088086947e-01,5.542845689427463585e-01,5.539360662000487601e-01,5.535642914589518071e-01,5.531700404359222167e-01,5.527540948120283071e-01,5.523172895856334197e-01,5.518604605977981414e-01,5.513844301869330611e-01,5.508900531312885818e-01,5.503781744268484433e-01,5.498496209622321107e-01,5.493052241775562283e-01,5.487458102498394830e-01,5.481721472170363318e-01,5.475850221870249834e-01,5.469851843613193765e-01,5.463733590807993146e-01
1.772454706229583121e-01,1.777204551206227612e-01,1.782121431525237887e-01,1.787197293945305965e-01,1.792423525234671244e-01,1.797791139185139220e-01,1.803290490609651964e-01,1.808911618424591250e-01,1.814644100882941979e-01,1.820477123140430420e-01,1.826399518846378855e-01,1.832399833135150979e-01,1.838466329013322964e-01,1.844586977430996144e-01,1.850749645702079726e-01,1.856941820038227331e-01,1.863151059704975521e-01,1.869364728638868156e-01,1.875570065598965164e-01,1.881754379897538909e-01,1.887904842481412937e-01,1.894008799367006834e-01,1.900053581634359168e-01,1.906026602003065284e-01,1.911915503137678052e-01,1.917707902602978631e-01,1.923391866611327550e-01,1.928955509498965770e-01,1.934387203898480512e-01,1.939675684392542787e-01,1.944809911480613329e-01,1.949779295983420091e-01,1.954573502840415977e-01,1.959182589042286204e-01,1.963597132976689641e-01,1.967808072005889086e-01,1.971806754386746241e-01,1.975585041287307997e-01,1.979135375000843078e-01,1.982450476242137716e-01,1.985523760649258174e-01,1.988349240557013009e-01,1.990921289100725522e-01,1.993234856899277208e-01,1.995285602940715108e-01,1.997069757477763774e-01,1.998583844460759540e-01,1.999825343964999613e-01,2.000792018762184155e-01,2.001482393059443865e-01,2.001895520344286195e-01,2.002031034036796941e-01,2.001889120899879027e-01,2.001470599009685658e-01,2.000776873718148885e-01,1.999809697966733746e-01,1.998571671067261302e-01,1.997065794258353899e-01,1.995295485471329511e-01,1.993264852228326667e-01,1.990978535284234907e-01,1.988441353797094913e-01,1.985658950470837458e-01,1.982637234934563897e-01,1.979382593525486622e-01,1.975901804671009732e-01,1.972202089647897283e-01,1.968291019383047180e-01,1.964176400140210943e-01,1.959866637552088453e-01,1.955370198005382254e-01,1.950695950411664714e-01,1.945852965004982726e-01,1.940850609564505058e-01,1.935698447325495397e-01,1.930406207037224098e-01,1.924983706309934262e-01,1.919441132283229434e-01,1.913788518565761598e-01,1.908036239216317487e-01,1.902194589202090280e-01,1.896273871054125204e-01,1.890284463490911615e-01,1.884236872784411099e-01,1.878141342632132782e-01,1.872008151166872081e-01,1.865847586186476503e-01,1.859669818184440382e-01,1.853484726197653643e-01,1.847302321425995097e-01,1.841132397739593807e-01,1.834984338483621191e-01,1.828867645991753554e-01,1.822791482359269744e-01,1.816764652197772612e-01,1.810795995462354535e-01,1.804893843923560948e-01,1.799066493035384462e-01,1.793321726585471454e-01,1.787667248849113544e-01,1.782110311221867249e-01,1.776657907007034576e-01,1.771316735622977534e-01,1.766093117280035096e-01,1.760993115630227479e-01,1.756022369062435196e-01,1.751186225661115203e-01,1.746489712019148044e-01,1.741937446824438629e-01,1.737533743147096632e-01,1.733282578760309833e-01,1.729187596395764248e-01,1.725251989411252518e-01,1.721478736770694073e-01,1.717870464826574961e-01,1.714429390923937202e-01,1.711157530036611640e-01,1.708056496697995252e-01,1.705127527739999094e-01,1.702371751907402198e-01,1.699789806323181163e-01,1.697382232918107636e-01,1.695149086196381660e-01,1.693090353206630205e-01,1.691205700068671158e-01,1.689494455661329775e-01,1.687955902668233366e-01,1.686588997750982644e-01,1.685392521019910828e-01,1.684365018462116725e-01,1.683504972114045484e-01,1.682810551207072070e-01,1.682279913366599433e-01,1.681910986110378980e-01,1.681701651566071543e-01,1.681649585313388651e-01,1.681752513772366286e-01,1.682007940391140599e-01,1.682413320224148690e-01,1.682966106759154479e-01,1.683663728580986896e-01,1.684503420130412654e-01,1.685482623200816044e-01,1.686598560320138052e-01,1.687848602328628767e-01,1.689230046270584762e-01,1.690740185059551315e-01,1.692376440540957205e-01,1.694136176830834672e-01,1.696016790924232687e-01,1.698015763292393399e-01,1.700130641299865963e-01,1.702359006113987883e-01,1.704698466332154605e-01,1.707146744647636272e-01,1.709701609309091097e-01,1.712360861074620766e-01,1.715122385052283704e-01,1.717984184859670249e-01,1.720944278598884047e-01,1.724000767037433268e-01,1.727151688071824065e-01,1.730395371229852541e-01,1.733730056548109522e-01,1.737153990659004443e-01,1.740665546062872826e-01,1.744263100263794275e-01,1.747945058017586484e-01,1.751709770936279997e-01,1.755555711694125887e-01,1.759481371926079618e-01,1.763485047108251103e-01,1.767565211184004836e-01,1.771720184401166243e-01,1.775948232799497428e-01,1.780247741160583819e-01,1.784616763602851763e-01,1.789053530224963273e-01,1.793555868483999172e-01,1.798121837830962133e-01,1.802749191656543848e-01,1.807435496508927042e-01,1.812178324864598677e-01,1.816974935265697477e-01,1.821822526967081801e-01,1.826718030079163002e-01,1.831658222811851366e-01,1.836639627191813118e-01,1.841658612463823730e-01,1.846711192827240888e-01,1.851793200575298504e-01,1.856900194671236570e-01,1.862027447847104666e-01,1.867169985144204736e-01,1.872322430629716206e-01,1.877479258407488416e-01,1.882634553092467078e-01,1.887782023352971572e-01,1.892915123834517377e-01,1.898027008832568197e-01,1.903110388944202203e-01,1.908157734053774202e-01,1.913161165050731027e-01,1.918112400372891935e-01,1.923002833681807522e-01,1.927823597629194641e-01,1.932565349010257338e-01,1.937218491674913556e-01,1.941773137789471748e-01,1.946218968619138900e-01,1.950545413391341631e-01,1.954741632018661690e-01,1.958796342264696733e-01,1.962698088699656174e-01,1.966435176969284215e-01,1.969995493747126736e-01,1.973366871943121603e-01,1.976536653491728079e-01,1.979492168608416591e-01,1.982220609824373314e-01,1.984708707814293871e-01,1.986943392943478492e-01,1.988911073359787562e-01,1.990598386823465016e-01,1.991991630646312295e-01,1.993077242506162694e-01,1.993841451332674930e-01,1.994270632984004865e-01,1.994351017482549060e-01,1.994069101318469983e-01,1.993411199691710600e-01,1.992363786558003780e-01,1.990913712214102127e-01,1.989047793374591200e-01,1.986753022437771077e-01,1.984016714329116249e-01,1.980826367861232284e-01,1.977169861257389583e-01,1.973035414061142523e-01,1.968411473514144472e-01,1.963287037831987769e-01,1.957651522729636218e-01,1.951494628064429915e-01,1.944806792210319601e-01,1.937578830031579380e-01,1.929802186945764886e-01,1.921468793892611437e-01,1.912571382464912928e-01,1.903103177354855680e-01,1.893058100585656711e-01,1.882430934804713019e-01,1.871217042736243730e-01,1.859412561205898151e-01,1.847014600494336911e-01,1.834020763801861298e-01,1.820429827365271924e-01,1.806241204982206583e-01,1.791455294445625512e-01,1.776073333920079600e-01,1.760097573844776053e-01,1.743531050343185840e-01,1.726377938917726673e-01,1.708643163288845190e-01,1.690332800732271268e-01,1.671453767720460226e-01,1.652014154607370500e-01,1.632022767320885359e-01,1.611489615417373567e-01,1.590425723527979229e-01,1.568842952720577721e-01,1.546754242501811039e-01,1.524173659478963438e-01,1.501115957226012432e-01,1.477597075576486951e-01,1.453633852973251206e-01,1.429244168359525835e-01,1.404446641762594483e-01,1.379260925296100504e-01,1.353707589043313952e-01,1.327808030725125821e-01,1.301584496225674792e-01,1.275060085385588127e-01,1.248258740595311889e-01,1.221204987259314340e-01,1.193924281744790095e-01,1.166442678960743495e-01,1.138786966856326216e-01,1.110984523915724137e-01,1.083063263174247892e-01,1.055051817084569632e-01,1.026979166183777520e-01,9.988747765623653962e-02,9.707686121374575761e-02,9.426910099727138503e-02,9.146725362043901797e-02,8.867441151778945874e-02,8.589369659126751266e-02,8.312823275050636174e-02,8.038116924825422505e-02,7.765566019688199817e-02,7.495486134129004940e-02,7.228192693965682092e-02,6.964000425709712672e-02,6.703222075264156365e-02,6.446169624328794423e-02,6.193151729343816109e-02,5.944474484913384732e-02,5.700440267759656482e-02,5.461347956525563346e-02,5.227491305874401584e-02,4.999159519542938773e-02,4.776635307580983508e-02,4.560196628714099226e-02,4.350113177198900588e-02,4.146649326932875385e-02,3.950060245050623225e-02,3.760594007434074626e-02,3.578490104382939241e-02,3.403978492168037440e-02,3.237279983679590412e-02,3.078605906146159379e-02,2.928156938129703249e-02,2.786123280831110174e-02,2.652683701162558694e-02,2.528006504876423310e-02,2.412248070866299110e-02,2.305552564110386476e-02,2.208051493152048822e-02,2.119865234751758254e-02,2.041099178262254302e-02,1.971848697631265607e-02,1.912193232889428107e-02,1.862200607230205668e-02,1.821924500518171466e-02,1.791405414916020719e-02,1.770669482217916008e-02,1.759729885400886096e-02,1.758585191850098664e-02,1.767221392122660800e-02,1.785609369076468500e-02,1.813707134190566117e-02,1.851458153280811925e-02,1.898793517219310098e-02,1.955629872464594021e-02,2.021870955134268469e-02,2.097406762488311996e-02,2.182115489625767804e-02,2.275861449989275212e-02,2.378496869980337852e-02,2.489861580794796095e-02,2.609783814049644601e-02,2.738079763106894896e-02,2.874554459702737333e-02,3.019002077512924348e-02,3.171206174687329904e-02,3.330939992870530358e-02,3.497967187042486104e-02,3.672041791458360155e-02,3.852909499357280027e-02,4.040307114582678688e-02,4.233963745784458110e-02,4.433600821116088359e-02,4.638933933681286398e-02,4.849670487815972014e-02,5.065513291334698687e-02,5.286159796721543597e-02,5.511302164155854055e-02,5.740629499526719165e-02,5.973825509151138580e-02,6.210572170398052927e-02,6.450549278724365676e-02,6.693433585933217245e-02,6.938901029659411135e-02,7.186627996795147411e-02,7.436288969557175443e-02,7.687560070768856280e-02,7.940117924232241442e-02,8.193640884562133908e-02,8.447810291230674340e-02,8.702308488936358333e-02,8.956822588934841567e-02,9.211043734274022843e-02,9.464666359518530969e-02,9.717390299006456456e-02,9.968920976038724013e-02,1.021896956168811960e-01,1.046725459668023800e-01,1.071349915490793225e-01,1.095743600280988522e-01,1.119880463741815130e-01,1.143735304359832783e-01,1.167283720988644968e-01,1.190502217472531460e-01,1.213368374846918174e-01,1.235860508246127698e-01,1.257958102175477655e-01,1.279641559542460949e-01,1.300892457813608294e-01,1.321693344718043173e-01,1.342027828052956284e-01,1.361880789089538468e-01,1.381238092838520670e-01,1.400086866017222487e-01,1.418415317333054926e-01,1.436212879037190582e-01,1.453470105126079548e-01,1.470178758644165029e-01,1.486331827132908456e-01,1.501923400673704501e-01,1.516948847528880595e-01,1.531404645562953470e-01,1.545288486695350350e-01,1.558599142609578547e-01,1.571336529290053019e-01,1.583501878301010468e-01,1.595097300919646466e-01,1.606126101132872575e-01,1.616592659239103891e-01,1.626502388686128509e-01,1.635861725713384507e-01,1.644678034311883863e-01,1.652959777789520524e-01,1.660716251342395089e-01,1.667957704013451059e-01,1.674695160347537404e-01,1.680940512728209824e-01,1.686706533859190227e-01
3.040108257810035242e-01,3.039305587230453076e-01,3.039096184039604132e-01,3.039465865139617806e-01,3.040399862162361244e-01,3.041882403642776622e-01,3.043896836465267430e-01,3.046425990647682047e-01,3.049451767019838999e-01,3.052955484709196088e-01,3.056918044723214156e-01,3.061319508017104063e-01,3.066139594342416341e-01,3.071357752881888059e-01,3.076952831866357485e-01,3.082903339779796692e-01,3.089187749669263794e-01,3.095784092759319983e-01,3.102670407259148777e-01,3.109824455806925458e-01,3.117224112001873992e-01,3.124847184180344351e-01,3.132671690102038498e-01,3.140675450124277290e-01,3.148836709534703626e-01,3.157133893222231480e-01,3.165545542137308543e-01,3.174050731066680453e-01,3.182628712388491654e-01,3.191259167065647051e-01,3.199922265406256461e-01,3.208598807038684497e-01,3.217269797082246696e-01,3.225917030003626063e-01,3.234522915811911536e-01,3.243070384396981032e-01,3.251543015475617526e-01,3.259925093930914342e-01,3.268201844294877922e-01,3.276358916778355779e-01,3.284382882899807288e-01,3.292261142763870385e-01,3.299981725815593347e-01,3.307533706278045771e-01,3.314906692532075261e-01,3.322091408309249538e-01,3.329079358193920979e-01,3.335862641591725852e-01,3.342434493147840024e-01,3.348789011418991102e-01,3.354920764672006395e-01,3.360825638851147046e-01,3.366500034708901912e-01,3.371941212257422715e-01,3.377147345480526197e-01,3.382117131347891492e-01,3.386850490505335376e-01,3.391347668970521867e-01,3.395609910535957177e-01,3.399638806663244361e-01,3.403437137732058804e-01,3.407007901789227411e-01,3.410354952074836077e-01,3.413482641227584824e-01,3.416395864663323567e-01,3.419100037852896845e-01,3.421601194160636128e-01,3.423905661870462191e-01,3.426020098729254948e-01,3.427951927735065074e-01,3.429708448720250602e-01,3.431297555468138527e-01,3.432727352161707435e-01,3.434005823200924068e-01,3.435141778924762912e-01,3.436143621233929135e-01,3.437019978947019050e-01,3.437779604542079981e-01,3.438431096647464602e-01,3.438983356438348182e-01,3.439444926691138105e-01,3.439824145608794681e-01,3.440129485480677984e-01,3.440368986161265741e-01,3.440550651222012979e-01,3.440682152926304305e-01,3.440770748637326792e-01,3.440823496190738018e-01,3.440847051099666376e-01,3.440847662581405508e-01,3.440831088047360820e-01,3.440802692265809704e-01,3.440767557498352058e-01,3.440729754050726452e-01,3.440693210529371937e-01,3.440661269974079062e-01,3.440636665125836879e-01,3.440621454377973953e-01,3.440617244112834650e-01,3.440624870818415615e-01,3.440644685575579564e-01,3.440676372840993924e-01,3.440718935918872234e-01,3.440770728065034034e-01,3.440829573396247398e-01,3.440892396865844471e-01,3.440955997777355169e-01,3.441015846905702280e-01,3.441067516535867288e-01,3.441105325949523897e-01,3.441123432578154784e-01,3.441115223756565644e-01,3.441073570628191414e-01,3.440990772097222705e-01,3.440858574476591270e-01,3.440668266740337100e-01,3.440410630162905048e-01,3.440076012631880231e-01,3.439654310893247580e-01,3.439135064286392707e-01,3.438507387329737264e-01,3.437760106475551414e-01,3.436881718942115804e-01,3.435860432663393471e-01,3.434684421805153098e-01,3.433341401045444941e-01,3.431819088890994407e-01,3.430105093041834752e-01,3.428186924841504779e-01,3.426052055541121688e-01,3.423687966636592139e-01,3.421082226790110314e-01,3.418222559823561602e-01,3.415096650852224580e-01,3.411692598174407287e-01,3.407998459567256888e-01,3.404002984460434700e-01,3.399694564662344431e-01,3.395062718960900616e-01,3.390096790800447568e-01,3.384786624252190124e-01,3.379122873270448135e-01,3.373096358661651917e-01,3.366698625321017380e-01,3.359921624134441509e-01,3.352758113394172512e-01,3.345201367484386679e-01,3.337245461812207714e-01,3.328884989625655044e-01,3.320115478563647748e-01,3.310933173939950569e-01,3.301335061050120756e-01,3.291318835034236501e-01,3.280883170936202964e-01,3.270027713247397050e-01,3.258752628969198151e-01,3.247059251683662717e-01,3.234949701717024784e-01,3.222426975809749017e-01,3.209495029871139438e-01,3.196158643708417735e-01,3.182423646752924884e-01,3.168296751491229690e-01,3.153785407024365939e-01,3.138898225519930474e-01,3.123644525196518362e-01,3.108034639869340920e-01,3.092079704061423406e-01,3.075791794908577237e-01,3.059183704347258059e-01,3.042269167440964095e-01,3.025062682863807195e-01,3.007579521221879215e-01,2.989835704137208117e-01,2.971848048679269216e-01,2.953634045390976515e-01,2.935211686477586790e-01,2.916599852385797220e-01,2.897817900023590965e-01,2.878885687450573605e-01,2.859823671660863820e-01,2.840652776658366685e-01,2.821394325969253103e-01,2.802070165527720258e-01,2.782702252967487744e-01,2.763313051494481476e-01,2.743925221117664570e-01,2.724561669907256123e-01,2.705245262839140463e-01,2.685999254458263374e-01,2.666846893337755375e-01,2.647811223334693431e-01,2.628915605512439635e-01,2.610183040779772146e-01,2.591636417554612493e-01,2.573298689689788588e-01,2.555192173870173833e-01,2.537339286971759811e-01,2.519761837469434163e-01,2.502481434532143889e-01,2.485519118435661201e-01,2.468895629969959649e-01,2.452631080549484421e-01,2.436744876376861491e-01,2.421256047308573411e-01,2.406183073313539200e-01,2.391543302521415004e-01,2.377353851240111005e-01,2.363630686800245462e-01,2.350389365002316100e-01,2.337644252802703049e-01,2.325409186547343354e-01,2.313696771177469746e-01,2.302518974484183967e-01,2.291886787511375478e-01,2.281810226248252582e-01,2.272298176656475655e-01,2.263358816776738502e-01,2.254999076834911520e-01,2.247225137730914091e-01,2.240041871382121019e-01,2.233453135783139420e-01,2.227462142836800774e-01,2.222070501332754633e-01,2.217279211242531578e-01,2.213088168214352447e-01,2.209496043735010018e-01,2.206500655523926380e-01,2.204098784460266081e-01,2.202286256159032285e-01,2.201057893842721658e-01,2.200407504722323160e-01,2.200328031680104934e-01,2.200811607374718315e-01,2.201849289616190919e-01,2.203431349683879492e-01,2.205547153856341203e-01,2.208185602419676097e-01,2.211334493735971629e-01,2.214980963550426951e-01,2.219111488153728551e-01,2.223712138510079706e-01,2.228767958838584196e-01,2.234263683607963791e-01,2.240183552248213028e-01,2.246511296201551822e-01,2.253230095551644885e-01,2.260322983344745518e-01,2.267772460294331383e-01,2.275560784227481925e-01,2.283670145399016027e-01,2.292082397790282111e-01,2.300779260546739757e-01,2.309742412349345686e-01,2.318953459174186715e-01,2.328394112915545822e-01,2.338046206045124586e-01,2.347891552192327702e-01,2.357912061290108330e-01,2.368090157899611636e-01,2.378408138010257300e-01,2.388849084751499541e-01,2.399395991599961031e-01,2.410032556975900131e-01,2.420742869617845405e-01,2.431511225972215473e-01,2.442322857955811222e-01,2.453163393038324258e-01,2.464019061898409246e-01,2.474876585269306928e-01,2.485723755820822556e-01,2.496548699549198669e-01,2.507340401434502430e-01,2.518088541679913694e-01,2.528783770708667444e-01,2.539417327332239571e-01,2.549981523463369371e-01,2.560469247419792649e-01,2.570874438154372443e-01,2.581191815928872146e-01,2.591417061581735015e-01,2.601546588509905944e-01,2.611577966725454059e-01,2.621509331321120739e-01,2.631340013888974205e-01,2.641070103162828087e-01,2.650700528142400092e-01,2.660233131040541377e-01,2.669670774748703068e-01,2.679016876754931609e-01,2.688275914395104049e-01,2.697453007283386328e-01,2.706554221049824460e-01,2.715586394089783417e-01,2.724556909899230606e-01,2.733474052087092598e-01,2.742346802579010978e-01,2.751184570796805784e-01,2.759997594089593775e-01,2.768796489748901468e-01,2.777592663971002462e-01,2.786397834763447712e-01,2.795224117286863597e-01,2.804084264697883633e-01,2.812991103277961424e-01,2.821958062902972797e-01,2.830998472805346666e-01,2.840126205373597057e-01,2.849355238392657919e-01,2.858699578896939375e-01,2.868173224258954157e-01,2.877790402185995133e-01,2.887564994049652833e-01,2.897511242179246493e-01,2.907642730845357293e-01,2.917973174052186924e-01,2.928515860844118635e-01,2.939284042050196999e-01,2.950290139395372324e-01,2.961546687500288821e-01,2.973065285911208333e-01,2.984857443479005945e-01,2.996933914159652934e-01,3.009304860578836394e-01,3.021979705135011685e-01,3.034967377464503069e-01,3.048275991979595978e-01,3.061912768940847074e-01,3.075884334376480789e-01,3.090196292895399655e-01,3.104853324497925948e-01,3.119859499369312950e-01,3.135217595130381230e-01,3.150929598729038106e-01,3.166996397992131174e-01,3.183417977610658589e-01,3.200193113124248367e-01,3.217319766379827528e-01,3.234794528508790346e-01,3.252613101489461589e-01,3.270770121060809776e-01,3.289258886781953883e-01,3.308071829788567508e-01,3.327200164724061215e-01,3.346633986035765784e-01,3.366362431716927728e-01,3.386373353938247344e-01,3.406653738411039578e-01,3.427189249479594135e-01,3.447964710580834202e-01,3.468963710681695067e-01,3.490169243635126706e-01,3.511562772824556866e-01,3.533125370596758574e-01,3.554836634344827884e-01,3.576675687082475075e-01,3.598620720717136123e-01,3.620649027319726709e-01,3.642737117576800854e-01,3.664860996676392313e-01,3.686995633234848024e-01,3.709115686142178125e-01,3.731195084823420993e-01,3.753207274058698584e-01,3.775125165958339024e-01,3.796921320179816872e-01,3.818567919671153055e-01,3.840036893510112015e-01,3.861299788011466338e-01,3.882328048860281267e-01,3.903092981663799366e-01,3.923565903593059789e-01,3.943717895826163167e-01,3.963520569109288960e-01,3.982945128157261427e-01,4.001963326910253915e-01,4.020546882251480048e-01,4.038668218635643736e-01,4.056299852515746762e-01,4.073414837476417305e-01,4.089986550415606881e-01,4.105989319924877590e-01,4.121397832079455315e-01,4.136187402072819541e-01,4.150334285584541538e-01,4.163815412094294399e-01,4.176608588168687075e-01,4.188692681936251327e-01,4.200047215520795740e-01,4.210653076380752591e-01,4.220491913701623354e-01,4.229546584172249046e-01,4.237801232080624092e-01,4.245240992638447675e-01,4.251852311754186209e-01,4.257622892148619220e-01,4.262541820447300900e-01,4.266599365905403562e-01,4.269787300231472349e-01,4.272098588466159974e-01,4.273527827135454316e-01,4.274070792749566916e-01,4.273724845685210605e-01,4.272488864386929097e-01,4.270363136437489437e-01,4.267349155863574550e-01,4.263450320608285216e-01,4.258671158023270009e-01,4.253017713485918172e-01,4.246497649082310311e-01,4.239120127915993463e-01,4.230895285061798683e-01,4.221835298257491931e-01,4.211953141548846480e-01,4.201263619875008626e-01,4.189782652249492423e-01,4.177527625008713996e-01,4.164516998194768282e-01,4.150770776881912982e-01,4.136309873119813352e-01,4.121156674569514955e-01,4.105334385124194130e-01,4.088867687121319761e-01,4.071781892761099919e-01,4.054103583889985818e-01,4.035860194857223693e-01,4.017080137808825557e-01
1.257084553001685256e-01,1.267262116049783227e-01,1.277034129664285367e-01,1.286380541354304741e-01,1.295281729576797936e-01,1.303718615459437957e-01,1.311672653358665064e-01,1.319125879328125472e-01,1.326060920194881421e-01,1.332461060912262241e-01,1.338310285886743778e-01,1.343593313136764167e-01,1.348295628250911482e-01,1.352403426557821642e-01,1.355903822136606540e-01,1.358784773621833086e-01,1.361035054814797307e-01,1.362644437468754910e-01,1.363603552307032230e-01,1.363904031627180269e-01,1.363538584560946565e-01,1.362500830748266389e-01,1.360785444241501829e-01,1.358388142023597978e-01,1.355305795163564142e-01,1.351536278943132607e-01,1.347078638054297617e-01,1.341933017899438751e-01,1.336100659044791306e-01,1.329584028351208369e-01,1.322386610910595839e-01,1.314513170428341371e-01,1.305969538710350375e-01,1.296762786612626339e-01,1.286901016798208952e-01,1.276393610591707861e-01,1.265250991278858705e-01,1.253484809311695147e-01,1.241107772690880628e-01,1.228133772002273222e-01,1.214577738314003980e-01,1.200455710231440043e-01,1.185784779501948411e-01,1.170583078685519252e-01,1.154869844815192420e-01,1.138665236508500239e-01,1.121990357706965508e-01,1.104867339260637016e-01,1.087319173223309232e-01,1.069369699962868514e-01,1.051043708981313496e-01,1.032366679997753084e-01,1.013364928384551111e-01,9.940654787119435065e-02,9.744960688068474153e-02,9.546850427435316089e-02,9.346614141867068404e-02,9.144546291192881537e-02,8.940947261426027137e-02,8.736122141709951050e-02,8.530379755398620478e-02,8.324032208723274040e-02,8.117395529791714137e-02,7.910787686719658596e-02,7.704528112043346200e-02,7.498938790782362640e-02,7.294341665482211023e-02,7.091059272286365234e-02,6.889414483048640625e-02,6.689728543175239850e-02,6.492321576053475263e-02,6.297511987621447205e-02,6.105615828613096541e-02,5.916945492524521011e-02,5.731810146006689061e-02,5.550514576309220627e-02,5.373359531050146687e-02,5.200639426793633030e-02,5.032643638134341735e-02,4.869654604457498981e-02,4.711948959537841375e-02,4.559794472628369427e-02,4.413452347454732694e-02,4.273174618409218695e-02,4.139204388915230376e-02,4.011776414453059603e-02,3.891115030975531019e-02,3.777433902856680570e-02,3.670937416442745377e-02,3.571817439089568919e-02,3.480255999154543284e-02,3.396422380534847713e-02,3.320474023366210004e-02,3.252556278484829838e-02,3.192801702073438941e-02,3.141329897983644731e-02,3.098247291664689429e-02,3.063647209121730941e-02,3.037608878229315634e-02,3.020198198984249197e-02,3.011466788110717455e-02,3.011452851889814819e-02,3.020179882415097161e-02,3.037657333031873463e-02,3.063880542254075745e-02,3.098830675287730582e-02,3.142474432341435531e-02,3.194764222032722700e-02,3.255638695317972925e-02,3.325022107665961957e-02,3.402824613390167258e-02,3.488943115997253375e-02,3.583260416016435801e-02,3.685646065348390649e-02,3.795956208812040211e-02,3.914034005094833846e-02,4.039710149293741087e-02,4.172802740758316253e-02,4.313117407019450428e-02,4.460448443254515921e-02,4.614578826885779028e-02,4.775279805995694127e-02,4.942312570857576581e-02,5.115427801016824566e-02,5.294366583049883029e-02,5.478860364478736061e-02,5.668632207483362273e-02,5.863396330015989422e-02,6.062858691580119697e-02,6.266719301655115926e-02,6.474670153259483307e-02,6.686397249604464355e-02,6.901581193370855127e-02,7.119897282841841646e-02,7.341015814664153538e-02,7.564603983679898946e-02,7.790324800080954126e-02,8.017839247857852514e-02,8.246805497704012833e-02,8.476880394866259660e-02,8.707719921864978674e-02,8.938979653306375339e-02,9.170315390473683659e-02,9.401383699122919935e-02,9.631842644570096090e-02,9.861353004016069901e-02,1.008957749823242572e-01,1.031618168932678242e-01,1.054083665873229297e-01,1.076321613729718796e-01,1.098299982849553630e-01,1.119987303183249128e-01,1.141352605924694091e-01,1.162365783071162839e-01,1.182997236630565357e-01,1.203218259944107832e-01,1.223000870802448542e-01,1.242318056950743183e-01,1.261143579343807219e-01,1.279452282849988243e-01,1.297219908725841531e-01,1.314423229594623432e-01,1.331040117458391348e-01,1.347049560233358478e-01,1.362431663207596400e-01,1.377167659169820924e-01,1.391240008386517013e-01,1.404632416668296357e-01,1.417329774533950260e-01,1.429318336908210751e-01,1.440585485675716926e-01,1.451120075320911362e-01,1.460912126938050948e-01,1.469953113264452216e-01,1.478235757036835407e-01,1.485754138592999263e-01,1.492503706683009079e-01,1.498481272510260032e-01,1.503684880506421795e-01,1.508114042957580392e-01,1.511769538943934510e-01,1.514653480914930073e-01,1.516769345293981774e-01,1.518121823531264625e-01,1.518716960980001640e-01,1.518561991552994372e-01,1.517665482663278775e-01,1.516037147567391996e-01,1.513687906532416305e-01,1.510629882601690899e-01,1.506876378171800590e-01,1.502441656003083159e-01,1.497341126760855234e-01,1.491591360399445176e-01,1.485209691749360683e-01,1.478214666763473517e-01,1.470625518126987552e-01,1.462462520186244008e-01,1.453746736154252761e-01,1.444500022634137570e-01,1.434744961059981616e-01,1.424504891644113591e-01,1.413803777334249057e-01,1.402666155462093389e-01,1.391117149062665592e-01,1.379182385051688498e-01,1.366887942959936486e-01,1.354260345415987665e-01,1.341326352247982079e-01,1.328113128221371786e-01,1.314648074402932076e-01,1.300958766278026424e-01,1.287072931622338379e-01,1.273018402411677796e-01,1.258822966597071824e-01,1.244514524824934659e-01,1.230120866738466101e-01,1.215669642077573803e-01,1.201188385533456665e-01,1.186704383338637869e-01,1.172244712453408555e-01,1.157836048887951608e-01,1.143504868066778646e-01,1.129277037183047533e-01,1.115178256026235493e-01,1.101233488918004627e-01,1.087467284920633770e-01,1.073903658011130385e-01,1.060565943248418103e-01,1.047476911495302671e-01,1.034658609793904921e-01,1.022132365787370434e-01,1.009918806699591082e-01,9.980377312207337759e-02,9.865082100929108144e-02,9.753484552255699269e-02,9.645757826400198909e-02,9.542066698700871208e-02,9.442567414763196332e-02,9.347405981289913512e-02,9.256719981477708192e-02,9.170637059304422023e-02,9.089275631705388825e-02,9.012743898127094366e-02,8.941140337833075602e-02,8.874553487260045115e-02,8.813062263193918722e-02,8.756735291142644928e-02,8.705631206705401193e-02,8.659798880718874714e-02,8.619276198878647599e-02,8.584092221487862884e-02,8.554265702470585653e-02,8.529805544901897241e-02,8.510710958457522179e-02,8.496970923438126877e-02,8.488566199256636358e-02,8.485467026769208387e-02,8.487634931956598849e-02,8.495022367640903127e-02,8.507572990966223714e-02,8.525221654307391095e-02,8.547894671935603317e-02,8.575510551279698357e-02,8.607979901228532404e-02,8.645204857890967376e-02,8.687081178701872020e-02,8.733496985227340303e-02,8.784332701580999103e-02,8.839463815271714209e-02,8.898758080649510349e-02,8.962078049397093071e-02,9.029280477369651392e-02,9.100216238993809326e-02,9.174732265556376221e-02,9.252669623579597158e-02,9.333865599059888718e-02,9.418153612060162216e-02,9.505363032509790699e-02,9.595319968110166409e-02,9.687847645144367914e-02,9.782766555515019780e-02,9.879894751061646385e-02,9.979048412039420723e-02,1.008004206727894231e-01,1.018268876822968072e-01,1.028680078490960409e-01,1.039218954543390389e-01,1.049866651898059833e-01,1.060604245824465913e-01,1.071412920203217989e-01,1.082273856161386633e-01,1.093168306792695055e-01,1.104077757198144022e-01,1.114983709032414394e-01,1.125867943642487323e-01,1.136712388830163067e-01,1.147499177133646242e-01,1.158210760611957796e-01,1.168829819354249011e-01,1.179339358190078235e-01,1.189722739000245999e-01,1.199963568878949921e-01,1.210045938927593601e-01,1.219954247552599430e-01,1.229673329974992624e-01,1.239188408153417964e-01,1.248485247239592560e-01,1.257549895855775424e-01,1.266368977334932644e-01,1.274929673479020531e-01,1.283219468386451179e-01,1.291226469116870113e-01,1.298939304933323102e-01,1.306347089489659774e-01,1.313439454942718632e-01,1.320206620782855556e-01,1.326639323317511110e-01,1.332728819511696250e-01,1.338467007378939533e-01,1.343846240568233041e-01,1.348859471624875295e-01,1.353500215997222034e-01,1.357762572600710038e-01,1.361641134775517514e-01,1.365131133801651131e-01,1.368228302343771352e-01,1.370928946742366317e-01,1.373229893026792492e-01,1.375128605354247469e-01,1.376622898430798492e-01,1.377711397492354106e-01,1.378392999996060075e-01,1.378667253050673280e-01,1.378534293898334429e-01,1.377994576663181259e-01,1.377049171883812928e-01,1.375699629146185932e-01,1.373948025745339308e-01,1.371796795666108404e-01,1.369248936071062739e-01,1.366307926071499701e-01,1.362977536670889056e-01,1.359262146859281373e-01,1.355166478415503750e-01,1.350695666089715419e-01,1.345855238874394399e-01,1.340651201479503285e-01,1.335089815878906516e-01,1.329177805390367728e-01,1.322922218725613719e-01,1.316330407558734539e-01,1.309410217890285277e-01,1.302169621105714048e-01,1.294617047649357089e-01,1.286761199102559317e-01,1.278610976716088032e-01,1.270175782270967502e-01,1.261465041483381677e-01,1.252488592542285728e-01,1.243256458402955400e-01,1.233778950530767526e-01,1.224066610986589976e-01,1.214130126082958727e-01,1.203980447995254000e-01,1.193628789475391222e-01,1.183086450235352194e-01,1.172364929367533948e-01,1.161475931049971433e-01,1.150431303170627861e-01,1.139243047373232759e-01,1.127923292305414160e-01,1.116484324385650234e-01,1.104938509656441248e-01,1.093298388422680040e-01,1.081576533927912642e-01,1.069785678511380317e-01,1.057938600783043664e-01,1.046048171134504184e-01,1.034127311572635433e-01,1.022189010370782858e-01,1.010246312854100326e-01,9.983122977838361500e-02,9.864000104682082992e-02,9.745226463460117394e-02,9.626932811220843822e-02,9.509250781698037891e-02,9.392311273941014726e-02,9.276245627754921286e-02,9.161184255128416998e-02,9.047257720677427673e-02,8.934595330163130900e-02,8.823326425680466656e-02,8.713579568356663585e-02,8.605482334611740114e-02,8.499160655147250387e-02,8.394740977775516644e-02,8.292347060022904615e-02,8.192101939721826986e-02,8.094127217632136884e-02,7.998543486493982224e-02,7.905467951894787348e-02,7.815018250267159738e-02,7.727308075048719416e-02,7.642450682528904859e-02,7.560555621605573318e-02,7.481731639550527613e-02,7.406083817335470942e-02,7.333714808786366557e-02,7.264724366716278359e-02,7.199210352590541817e-02,7.137266170376414809e-02,7.078983301358805769e-02,7.024448646872240298e-02,6.973746761880417200e-02,6.926957406224036606e-02,6.884157462135803707e-02,6.845419546807562927e-02,6.810812053550936718e-02,6.780399912513460081e-02,6.754241945722190554e-02,6.732394142621916933e-02,6.714907196685604429e-02,6.701826761322243753e-02,6.693194113285615143e-02,6.689044752246754710e-02,6.689409622968715829e-02
1.526700622276203623e-01,1.518164050184104552e-01,1.510607078620120891e-01,1.504052615594624331e-01,1.498521826034646121e-01,1.494034245262945426e-01,1.490607668144533771e-01,1.488258202498391192e-01,1.487000070157460108e-01,1.486845657465056814e-01,1.487805536038786236e-01,1.489888255456149613e-01,1.493100522059522262e-01,1.497447022963579732e-01,1.502930381137686511e-01,1.509551277297504768e-01,1.517308280753609795e-01,1.526198053736917692e-01,1.536215113886036931e-01,1.547352032916652909e-01,1.559599095685465231e-01,1.572944786831617370e-01,1.587375514066778348e-01,1.602875605281063875e-01,1.619427421201746764e-01,1.637011447560724198e-01,1.655606060486719822e-01,1.675187902595659806e-01,1.695731621432393643e-01,1.717210135704894947e-01,1.739594477666209782e-01,1.762854073684437806e-01,1.786956543992529456e-01,1.811867987427847049e-01,1.837552728072789077e-01,1.863973975371631953e-01,1.891093116441599775e-01,1.918870341309380223e-01,1.947264544413367660e-01,1.976233372348859541e-01,2.005733317955961936e-01,2.035719869419783390e-01,2.066147495679410140e-01,2.096969609386501732e-01,2.128139121002054490e-01,2.159607970305827684e-01,2.191327635708971155e-01,2.223248926382246637e-01,2.255322232891139311e-01,2.287497628277284090e-01,2.319724832133323034e-01,2.351953570843467456e-01,2.384133254293542559e-01,2.416213548063378680e-01,2.448144123627619129e-01,2.479874807609526166e-01,2.511355894015045442e-01,2.542537875575531792e-01,2.573371923440054831e-01,2.603809728157117642e-01,2.633803557700922227e-01,2.663306505391574430e-01,2.692272685922816877e-01,2.720656875211011072e-01,2.748415017301916174e-01,2.775504177933338368e-01,2.801882472127247836e-01,2.827509508054983911e-01,2.852345957730511583e-01,2.876354020235968312e-01,2.899497466425499104e-01,2.921741391848409752e-01,2.943052640282525778e-01,2.963399695398957756e-01,2.982752569994473468e-01,3.001083473395543266e-01,3.018365872993296617e-01,3.034575502626288834e-01,3.049689704815664038e-01,3.063688077201998095e-01,3.076551858476712087e-01,3.088264432711874119e-01,3.098811190024938766e-01,3.108179549417870446e-01,3.116358895726176748e-01,3.123340717305004843e-01,3.129118713469842827e-01,3.133688405905962204e-01,3.137047548540714548e-01,3.139195922743884815e-01,3.140135356991168303e-01,3.139869622981084629e-01,3.138404727457830279e-01,3.135748479201395655e-01,3.131910708452578240e-01,3.126903315933213801e-01,3.120739949040503558e-01,3.113436119747763908e-01,3.105009451204499560e-01,3.095478938264284441e-01,3.084865713492478401e-01,3.073192247298687785e-01,3.060482987421414558e-01,3.046763762458000180e-01,3.032061882228730965e-01,3.016406355159903518e-01,2.999827312433070992e-01,2.982356485915998445e-01,2.964026655054590731e-01,2.944871766055212614e-01,2.924927170313355029e-01,2.904228994130066410e-01,2.882814388841780651e-01,2.860721595771018588e-01,2.837989376066585301e-01,2.814657392387014401e-01,2.790765979069799729e-01,2.766355843898116174e-01,2.741468600147236589e-01,2.716145861649668092e-01,2.690429735490799112e-01,2.664362697475157193e-01,2.637987138902440631e-01,2.611345726638716891e-01,2.584481173554689648e-01,2.557435955829684415e-01,2.530252500172055496e-01,2.502973096466283853e-01,2.475639484456058637e-01,2.448293381405126923e-01,2.420975732348036868e-01,2.393727110270234271e-01,2.366587653161406346e-01,2.339596604308293581e-01,2.312792539596332242e-01,2.286213459717565122e-01,2.259896276276075477e-01,2.233877132428424284e-01,2.208191330341844338e-01,2.182872934987099001e-01,2.157955090354050642e-01,2.133469881412430880e-01,2.109448371196199767e-01,2.085920073378512707e-01,2.062913675684580617e-01,2.040456416809002249e-01,2.018574330673232609e-01,1.997292118997066046e-01,1.976633142383379671e-01,1.956619484945554266e-01,1.937271828545409913e-01,1.918609419218667844e-01,1.900650154007819670e-01,1.883410610201955715e-01,1.866905783296255172e-01,1.851149436264047377e-01,1.836153871907457991e-01,1.821929895552059919e-01,1.808487030653766758e-01,1.795833433674028645e-01,1.783975807863110719e-01,1.772919565375406237e-01,1.762668712109815017e-01,1.753225999916731004e-01,1.744592895160774759e-01,1.736769623638080851e-01,1.729755044779041073e-01,1.723546944992280228e-01,1.718141916874299235e-01,1.713535438303344094e-01,1.709721822307812000e-01,1.706694286821864304e-01,1.704445161321259672e-01,1.702965614057756483e-01,1.702246198171303015e-01,1.702276180044757226e-01,1.703044210771084144e-01,1.704538175853237136e-01,1.706745032098334613e-01,1.709651078456921880e-01,1.713242129153118021e-01,1.717503175139540594e-01,1.722418765764532345e-01,1.727972892177564723e-01,1.734149057410490358e-01,1.740930445717155384e-01,1.748299748005865684e-01,1.756239429155907750e-01,1.764731687534175086e-01,1.773758422830825632e-01,1.783301348586655843e-01,1.793342224144067465e-01,1.803862436756245580e-01,1.814843605227048906e-01,1.826267171163075964e-01,1.838114635998358837e-01,1.850367679808586630e-01,1.863007824044999039e-01,1.876017145547463350e-01,1.889377511370276541e-01,1.903071247291324153e-01,1.917080909381831400e-01,1.931389151386110059e-01,1.945979104383400160e-01,1.960834217018513348e-01,1.975938132667272029e-01,1.991275004095008350e-01,2.006829418044842328e-01,2.022586273737178031e-01,2.038530804847936972e-01,2.054648903440156604e-01,2.070926692938102609e-01,2.087350931074824223e-01,2.103908765381380941e-01,2.120587760875541905e-01,2.137375993939737429e-01,2.154261985609486618e-01,2.171234791442339662e-01,2.188283915500310317e-01,2.205399234794034047e-01,2.222571185950646400e-01,2.239790675857626090e-01,2.257048978052355048e-01,2.274337736853017933e-01,2.291649170950584014e-01,2.308975791341659756e-01,2.326310437530543784e-01,2.343646521039101926e-01,2.360977572556171855e-01,2.378297638199661501e-01,2.395601044984695116e-01,2.412882233912464480e-01,2.430136194507918346e-01,2.447357848672817859e-01,2.464542694112013543e-01,2.481686171858726864e-01,2.498783944484765096e-01,2.515831942416474343e-01,2.532826121069640113e-01,2.549762550869096311e-01,2.566637512527540355e-01,2.583447125090522212e-01,2.600187685971818152e-01,2.616855577501768226e-01,2.633446977230217700e-01,2.649958173704207720e-01,2.666385421318720472e-01,2.682724728805133130e-01,2.698972248309677857e-01,2.715123859052947508e-01,2.731175281722098558e-01,2.747122288310964167e-01,2.762960282264936840e-01,2.778684641163462476e-01,2.794290406179325559e-01,2.809772616408511836e-01,2.825125885736914921e-01,2.840344780333011188e-01,2.855423515631563269e-01,2.870356140371869702e-01,2.885136447562606232e-01,2.899758079211061101e-01,2.914214205469281005e-01,2.928498024939299449e-01,2.942602303212822901e-01,2.956519706143247994e-01,2.970242531819218268e-01,2.983763029100172104e-01,2.997073057349046166e-01,3.010164304732065865e-01,3.023028489618168613e-01,3.035656774880846065e-01,3.048040483402169043e-01,3.060170636400609823e-01,3.072038050463785086e-01,3.083633721461381261e-01,3.094948184066082519e-01,3.105972207428325249e-01,3.116696237196709962e-01,3.127111029057244584e-01,3.137207022880717511e-01,3.146974839173322103e-01,3.156405146291411112e-01,3.165488593399781170e-01,3.174216191068343074e-01,3.182578568846533562e-01,3.190567273394389058e-01,3.198173266036098417e-01,3.205388309355623466e-01,3.212204086268857228e-01,3.218612716526797479e-01,3.224606615594332593e-01,3.230178350385337627e-01,3.235321169373976402e-01,3.240028644210166120e-01,3.244294455469741711e-01,3.248113149710460390e-01,3.251479505196340214e-01,3.254388936399228993e-01,3.256837293755640572e-01,3.258821064153241132e-01,3.260337301289144007e-01,3.261383587371147752e-01,3.261958226925365523e-01,3.262060230122466598e-01,3.261688980117494197e-01,3.260844841844778852e-01,3.259528715526757159e-01,3.257742401410659849e-01,3.255488122392634631e-01,3.252769030617047030e-01,3.249588980425566209e-01,3.245952564231465720e-01,3.241865112406583926e-01,3.237332727469516280e-01,3.232362286303566701e-01,3.226961377683228438e-01,3.221138263209077368e-01,3.214902138170929180e-01,3.208262640591925119e-01,3.201230535849153847e-01,3.193816756384314504e-01,3.186033600367579877e-01,3.177893384517966879e-01,3.169409492135016881e-01,3.160595840397632528e-01,3.151466913276375625e-01,3.142037799969197298e-01,3.132324151241794308e-01,3.122342246534172139e-01,3.112108736512625984e-01,3.101640859362694846e-01,3.090956190719482688e-01,3.080072668644442957e-01,3.069008804632057386e-01,3.057783205018483330e-01,3.046414819798285434e-01,3.034922883342028310e-01,3.023326931388907735e-01,3.011646441397094476e-01,2.999901162027621138e-01,2.988110719029047346e-01,2.976295037668076349e-01,2.964473770366828909e-01,2.952666550871841378e-01,2.940893004741950145e-01,2.929172465173812134e-01,2.917524035913260927e-01,2.905966625903488865e-01,2.894518767717504937e-01,2.883198699239324925e-01,2.872024249329994117e-01,2.861012539450561443e-01,2.850180568189928931e-01,2.839544491808415061e-01,2.829120028606814663e-01,2.818922136424836244e-01,2.808965201462570449e-01,2.799262825373873831e-01,2.789827812899026149e-01,2.780672283950014201e-01,2.771807347715840031e-01,2.763243485712529313e-01,2.754989918738995902e-01,2.747055305753794974e-01,2.739447128867906200e-01,2.732171958802564471e-01,2.725235186984616420e-01,2.718641440961787614e-01,2.712394020358751545e-01,2.706495349596689248e-01,2.700946771163760252e-01,2.695748400477529505e-01,2.690899251606330145e-01,2.686397311459206572e-01,2.682239451074137082e-01,2.678421349626047276e-01,2.674937619551336909e-01,2.671781888166086527e-01,2.668946374760154949e-01,2.666422601282057991e-01,2.664200664581409250e-01,2.662269800578601076e-01,2.660618267262858661e-01,2.659233199965966854e-01,2.658100710309734271e-01,2.657206088855661452e-01,2.656533598768662241e-01,2.656066661881124613e-01,2.655787814438941297e-01,2.655678908031765539e-01,2.655720805232383297e-01,2.655893938272305133e-01,2.656177705658194776e-01,2.656551213828238223e-01,2.656992646515466960e-01,2.657480099663657724e-01,2.657990872505460733e-01,2.658501854282337984e-01,2.658989741605574664e-01,2.659430868813761895e-01,2.659801325903684566e-01,2.660077043398021424e-01,2.660233856036218203e-01,2.660247445527222920e-01,2.660093773571173270e-01,2.659748614400769262e-01,2.659188071363448591e-01,2.658388382296557606e-01,2.657326130338409365e-01,2.655978207407580505e-01,2.654322015101843735e-01,2.652335288820709125e-01,2.649996409331957792e-01,2.647284431277336925e-01,2.644178951020740853e-01,2.640660418899733464e-01,2.636710054049913876e-01,2.632309920597755704e-01,2.627443055489189772e-01,2.622093369606678936e-01,2.616245980766555568e-01,2.609886900744908811e-01,2.603003395101362583e-01,2.595583851632187744e-01,2.587618001732871487e-01,2.579096721120489599e-01
3.104471571810675790e-01,3.090079928765320227e-01,3.076658809158088759e-01,3.064212694950849691e-01,3.052744286037090138e-01,3.042254769342330190e-01,3.032743499792072139e-01,3.024208642900211297e-01,3.016646178256748856e-01,3.010051211938192806e-01,3.004416900867998841e-01,2.999735203710586773e-01,2.995996781737222392e-01,2.993190782784702630e-01,2.991305180259427043e-01,2.990326961827367569e-01,2.990241622376568209e-01,2.991033845233644906e-01,2.992687208204523053e-01,2.995184337630260041e-01,2.998506901004079350e-01,3.002635970075819838e-01,3.007551683140478604e-01,3.013233515462017120e-01,3.019660412003853378e-01,3.026810671818105924e-01,3.034662168068890664e-01,3.043192371984218547e-01,3.052378321714844245e-01,3.062196816296727797e-01,3.072624378047410509e-01,3.083637577197731461e-01,3.095212586701275859e-01,3.107325767340890499e-01,3.119953351951141873e-01,3.133071638370216738e-01,3.146657264248782782e-01,3.160686755640915724e-01,3.175137078353534870e-01,3.189985356439095088e-01,3.205209093032446166e-01,3.220786040124746785e-01,3.236694490202710606e-01,3.252913134883588797e-01,3.269421108536316734e-01,3.286198043131072777e-01,3.303224123726664629e-01,3.320480086604200576e-01,3.337947227347162205e-01,3.355607399693334991e-01,3.373443198930101694e-01,3.391437693525305996e-01,3.409574623531403392e-01,3.427838521764081658e-01,3.446214200274741457e-01,3.464687659737685221e-01,3.483244989530007163e-01,3.501873318871988050e-01,3.520560176871828095e-01,3.539293864386754973e-01,3.558063114188090292e-01,3.576857376723900361e-01,3.595666774526021792e-01,3.614481747774717646e-01,3.633293526235130133e-01,3.652093521642932883e-01,3.670874058951711372e-01,3.689627474793003570e-01,3.708346885491533573e-01,3.727025490827003407e-01,3.745657197334095190e-01,3.764235904928894816e-01,3.782756075946149821e-01,3.801212257696565122e-01,3.819599277493038736e-01,3.837912229374674800e-01,3.856146169806730639e-01,3.874296444979641318e-01,3.892358371179451826e-01,3.910327343786219045e-01,3.928198721614147293e-01,3.945967723995266185e-01,3.963629937588954988e-01,3.981180390958769522e-01,3.998613911392817633e-01,4.015925624841361063e-01,4.033110032970344538e-01,4.050161409013246505e-01,4.067074233316463894e-01,4.083842050197947215e-01,4.100458508385895762e-01,4.116916760035022049e-01,4.133209701756470067e-01,4.149329768303682830e-01,4.165268825048291657e-01,4.181018631666343355e-01,4.196570437481150773e-01,4.211914888947443925e-01,4.227042383542141679e-01,4.241942846773140707e-01,4.256605566303220400e-01,4.271019648635677179e-01,4.285173539817694333e-01,4.299055430396077071e-01,4.312652939923911632e-01,4.325953417369236553e-01,4.338943614756564093e-01,4.351610080805167757e-01,4.363938879625895439e-01,4.375916026094391342e-01,4.387526662184385029e-01,4.398756256396654796e-01,4.409589584639558302e-01,4.420011514942849828e-01,4.430006572877578930e-01,4.439559121120249530e-01,4.448653544933260928e-01,4.457274078677935791e-01,4.465404911699621393e-01,4.473030468086328648e-01,4.480135047613565402e-01,4.486703220648737833e-01,4.492719600575179606e-01,4.498169108489494805e-01,4.503037148539288936e-01,4.507309105375920666e-01,4.510971060986420644e-01,4.514009381847283731e-01,4.516411145970151697e-01,4.518163834801366407e-01,4.519255629156522236e-01,4.519675356396801735e-01,4.519412661660973662e-01,4.518457909720582921e-01,4.516802431526257267e-01,4.514438338285976515e-01,4.511358827410626993e-01,4.507557937291516437e-01,4.503031036911308016e-01,4.497774444477171674e-01,4.491785672564430065e-01,4.485063231770338721e-01,4.477607435917350664e-01,4.469419228750359796e-01,4.460501344497926901e-01,4.450857672040978708e-01,4.440493640294118638e-01,4.429415940866516799e-01,4.417632912880838925e-01,4.405154078906168835e-01,4.391990825244380670e-01,4.378155697495207388e-01,4.363662948071770353e-01,4.348528553068768399e-01,4.332769528724033092e-01,4.316404798886498417e-01,4.299454807657490107e-01,4.281941294431116929e-01,4.263887790453055326e-01,4.245319150631060023e-01,4.226261799224043658e-01,4.206743433014959455e-01,4.186793450096573110e-01,4.166442384583355363e-01,4.145722429443988166e-01,4.124666700701953292e-01,4.103309925190737339e-01,4.081687912120897099e-01,4.059837561446474341e-01,4.037797217536643890e-01,4.015605708734064083e-01,3.993303365170332575e-01,3.970931336181955373e-01,3.948531326044660283e-01,3.926146222956412579e-01,3.903819248102300410e-01,3.881594510559300826e-01,3.859516576125417431e-01,3.837630368509678536e-01,3.815981294767395449e-01,3.794615008984031368e-01,3.773577205483477082e-01,3.752913758454444193e-01,3.732670611164096153e-01,3.712893600161249474e-01,3.693627965561588344e-01,3.674919194471376604e-01,3.656812074892860642e-01,3.639350685811952313e-01,3.622578900881222030e-01,3.606539647116116520e-01,3.591274960058081778e-01,3.576826133914447481e-01,3.563233320520245440e-01,3.550535610499128136e-01,3.538770789149102702e-01,3.527975549498535979e-01,3.518184688050011721e-01,3.509432095234306659e-01,3.501749702739462844e-01,3.495167978702419243e-01,3.489715346820354003e-01,3.485418491882604219e-01,3.482302350107696065e-01,3.480389592585799163e-01,3.479700977079132063e-01,3.480255088232923066e-01,3.482068255762436615e-01,3.485154542415162537e-01,3.489525812438272201e-01,3.495191503102516029e-01,3.502158436148958831e-01,3.510431149678029938e-01,3.520011763216249756e-01,3.530899802509855356e-01,3.543092021752313747e-01,3.556583111808594433e-01,3.571364499540761739e-01,3.587425708016959702e-01,3.604753116701504001e-01,3.623330838442547774e-01,3.643140289259168552e-01,3.664160360763627500e-01,3.686367207370235821e-01,3.709734809737607053e-01,3.734234309527986739e-01,3.759834648918857214e-01,3.786502221466423457e-01,3.814201179100538130e-01,3.842893041115985620e-01,3.872537641466519132e-01,3.903092110417334393e-01,3.934511633049688761e-01,3.966749665645120104e-01,3.999757322273380100e-01,4.033483913426192391e-01,4.067877168951947175e-01,4.102883018873775822e-01,4.138445703432828693e-01,4.174508298336349066e-01,4.211012160878204735e-01,4.247897752405828120e-01,4.285104050471024162e-01,4.322569243796379190e-01,4.360230551831256185e-01,4.398024463859387390e-01,4.435886638145916661e-01,4.473752603756965263e-01,4.511556944177580464e-01,4.549234612314307369e-01,4.586720048326728416e-01,4.623947747808040409e-01,4.660852428115701551e-01,4.697368982312970509e-01,4.733433007165127049e-01,4.768980325489318717e-01,4.803947564546473536e-01,4.838272489169744284e-01,4.871893172186242404e-01,4.904749250824525508e-01,4.936781673633145462e-01,4.967932414194088375e-01,4.998145050400478184e-01,5.027364742058595404e-01,5.055538511346404640e-01,5.082614945716352750e-01,5.108544886774012417e-01,5.133281059010549319e-01,5.156778286421691559e-01,5.178993880274966877e-01,5.199887200243604735e-01,5.219420471217690594e-01,5.237558051690297534e-01,5.254267145062716526e-01,5.269517652412882835e-01,5.283281992695232354e-01,5.295535900859575928e-01,5.306257490985518688e-01,5.315428139014868325e-01,5.323032198535050386e-01,5.329056726984497949e-01,5.333492272135096357e-01,5.336332146519707775e-01,5.337573030800822904e-01,5.337214484520388380e-01,5.335259413992529121e-01,5.331713595135126882e-01,5.326586215492641330e-01,5.319889358289529024e-01,5.311638249765807673e-01,5.301851171292915055e-01,5.290549474875816394e-01,5.277757299180222406e-01,5.263502007703424468e-01,5.247813896838990910e-01,5.230725501103079544e-01,5.212272711944764270e-01,5.192493832065548931e-01,5.171429767390324228e-01,5.149124058000682513e-01,5.125622636910189822e-01,5.100973653190377100e-01,5.075227611861663490e-01,5.048436944953058614e-01,5.020656358497520566e-01,4.991942368091840665e-01,4.962353176229383211e-01,4.931948720987085477e-01,4.900790381668275741e-01,4.868941120423604940e-01,4.836464944261099630e-01,4.803427089240875358e-01,4.769893776512488248e-01,4.735932100303099079e-01,4.701609784886559007e-01,4.666995225579360085e-01,4.632157131224555191e-01,4.597164393582717223e-01,4.562086355431489437e-01,4.526991929651763003e-01,4.491950161345792392e-01,4.457029655514163080e-01,4.422298388692109672e-01,4.387823960290885839e-01,4.353673232284155925e-01,4.319911908875900264e-01,4.286604931666341267e-01,4.253815798619346999e-01,4.221606988767564461e-01,4.190039304056675240e-01,4.159172036157576247e-01,4.129062918300407392e-01,4.099767537623215108e-01,4.071339903911902480e-01,4.043831827347993402e-01,4.017292843572404792e-01,3.991770416368467522e-01,3.967309689282565444e-01,3.943952956062828918e-01,3.921740599180260634e-01,3.900709777689329583e-01,3.880895385803438402e-01,3.862329295743661128e-01,3.845040715395564579e-01,3.829055752702216764e-01,3.814397962076610527e-01,3.801087636305149342e-01,3.789141933567863330e-01,3.778575332870107717e-01,3.769398995627560311e-01,3.761621014609465297e-01,3.755246508552802509e-01,3.750277317979437974e-01,3.746712395409540486e-01,3.744547501063407169e-01,3.743775207688874174e-01,3.744385336876014381e-01,3.746364533081897874e-01,3.749696354143275401e-01,3.754361634302403883e-01,3.760338391745418063e-01,3.767601446829780820e-01,3.776123251733606301e-01,3.785873372059113118e-01,3.796818784241258737e-01,3.808924004837858646e-01,3.822151163537374496e-01,3.836459686319831364e-01,3.851807177781331748e-01,3.868148813799174857e-01,3.885437781178648353e-01,3.903625354299059547e-01,3.922660892884075601e-01,3.942492186974208002e-01,3.963065202448162183e-01,3.984324719242235968e-01,4.006213897225016640e-01,4.028674874038988274e-01,4.051648663902234770e-01,4.075075203715130545e-01,4.098893760914615325e-01,4.123042823842769100e-01,4.147460276114398603e-01,4.172083893536317478e-01,4.196850827831548059e-01,4.221698373331773113e-01,4.246563399844761610e-01,4.271383533628017037e-01,4.296096255498267902e-01,4.320639527873677554e-01,4.344951944514058306e-01,4.368972572855429615e-01,4.392641654374396798e-01,4.415900028763996010e-01,4.438689579260380325e-01,4.460953653395232088e-01,4.482636691884130387e-01,4.503684570394089759e-01,4.524044740458845748e-01,4.543666213774001372e-01,4.562499562324765501e-01,4.580497778878813708e-01,4.597614987140478671e-01,4.613807955315862852e-01,4.629035126747556017e-01,4.643257576083255622e-01,4.656437922962263221e-01,4.668541884029076550e-01,4.679536925577968964e-01,4.689393450417037590e-01,4.698083826339838343e-01,4.705583373427713600e-01,4.711869818264933785e-01,4.716923428233120164e-01,4.720727348238438204e-01,4.723267011583743846e-01,4.724530760287705689e-01,4.724509370667959729e-01,4.723196684733780848e-01,4.720589007818598581e-01,4.716685268393391306e-01,4.711486892278237693e-01,4.704998279497210056e-01,4.697226252590445683e-01,4.688180183995220296e-01,4.677872026310858633e-01,4.666316210236411410e-01
2.322500917137086118e-01,2.320909041124285532e-01,2.320248619428293968e-01,2.320506586190078102e-01,2.321668055990331603e-01,2.323716329290250182e-01,2.326633053447700605e-01,2.330398279330446465e-01,2.334990224970639738e-01,2.340385772759465410e-01,2.346560197061348108e-01,2.353487430790183743e-01,2.361140081216863695e-01,2.369489347540527369e-01,2.378505362633224207e-01,2.388156942198938759e-01,2.398412056310636198e-01,2.409237622420861147e-01,2.420599688724746068e-01,2.432463398442137603e-01,2.444793223808490179e-01,2.457553064174107238e-01,2.470706196194599191e-01,2.484215421118101119e-01,2.498043143698122082e-01,2.512151573104400848e-01,2.526502586351686563e-01,2.541058009930752259e-01,2.555779586021855732e-01,2.570629144242793096e-01,2.585568610052034200e-01,2.600560205047212081e-01,2.615566267150052360e-01,2.630549725212249501e-01,2.645473790885911614e-01,2.660302400487880581e-01,2.674999867315232538e-01,2.689531458788831930e-01,2.703862794989671525e-01,2.717960884616970607e-01,2.731793081431272419e-01,2.745327905529859613e-01,2.758535136180365055e-01,2.771385169151342476e-01,2.783849855169836518e-01,2.795902072893490242e-01,2.807515974006234427e-01,2.818666980956729962e-01,2.829331841537861547e-01,2.839488643217917829e-01,2.849116797050070260e-01,2.858197174665078610e-01,2.866712142489398207e-01,2.874645503253388523e-01,2.881982380256141729e-01,2.888709777458454142e-01,2.894815700189851126e-01,2.900290226458605569e-01,2.905124521552567840e-01,2.909311492118920039e-01,2.912845558542370705e-01,2.915722556108118479e-01,2.917939970460012855e-01,2.919496744557064094e-01,2.920393167450233696e-01,2.920631198088100011e-01,2.920214081622780622e-01,2.919146609725735697e-01,2.917434783707271162e-01,2.915086113240258348e-01,2.912109273258316477e-01,2.908514495299144298e-01,2.904312931748252447e-01,2.899516980319126747e-01,2.894140432493492177e-01,2.888197954064253281e-01,2.881705376520221074e-01,2.874679451971879907e-01,2.867137905606532700e-01,2.859099354089904010e-01,2.850583220907644266e-01,2.841609902968063595e-01,2.832200270440969336e-01,2.822376081386105406e-01,2.812159487240347144e-01,2.801573223767277465e-01,2.790640689287965936e-01,2.779385491693064925e-01,2.767831670933683097e-01,2.756003573414866348e-01,2.743925864499545675e-01,2.731623123362795780e-01,2.719120402611307497e-01,2.706442493064288857e-01,2.693614418487860207e-01,2.680660924913998988e-01,2.667606757237756532e-01,2.654476557783476132e-01,2.641294559170488943e-01,2.628084943431547305e-01,2.614871271516638895e-01,2.601676913248044953e-01,2.588524795284662394e-01,2.575437367191921179e-01,2.562436356962052852e-01,2.549543298082297960e-01,2.536778899012872568e-01,2.524163142883339983e-01,2.511715610603454385e-01,2.499454885922539615e-01,2.487399089859697321e-01,2.475565307111547431e-01,2.463970205938492697e-01,2.452629169924939456e-01,2.441557263010975254e-01,2.430768264355771535e-01,2.420275363272165470e-01,2.410090829214062980e-01,2.400226024980018635e-01,2.390691470170917265e-01,2.381496748713845257e-01,2.372650566666192895e-01,2.364160812523025679e-01,2.356034430229596022e-01,2.348277475669392489e-01,2.340895232750277444e-01,2.333892040971512483e-01,2.327271447446189745e-01,2.321036262020810259e-01,2.315188265884324526e-01,2.309728609871851968e-01,2.304657687542908118e-01,2.299975125971913947e-01,2.295679875770957057e-01,2.291770122759885508e-01,2.288243394396002328e-01,2.285096770034050484e-01,2.282326468186933743e-01,2.279928273490967050e-01,2.277897523335093988e-01,2.276228886352411329e-01,2.274916727955674789e-01,2.273954893275273170e-01,2.273336770870039991e-01,2.273055549814511633e-01,2.273104034916523242e-01,2.273474710025442658e-01,2.274159819053879483e-01,2.275151472662000907e-01,2.276441534030820002e-01,2.278021716640009908e-01,2.279883725041828013e-01,2.282019156224405487e-01,2.284419460045187811e-01,2.287076266474220299e-01,2.289981087519029068e-01,2.293125626192722422e-01,2.296501568747843502e-01,2.300100757124849404e-01,2.303915208649882362e-01,2.307937103199431406e-01,2.312158797764116147e-01,2.316572889266765856e-01,2.321172255678498331e-01,2.325949839323951107e-01,2.330899091595619865e-01,2.336013723635958494e-01,2.341287623453355837e-01,2.346715134201804998e-01,2.352290814629388882e-01,2.358009767340739360e-01,2.363867090890225120e-01,2.369858502549405110e-01,2.375979968186066049e-01,2.382227926466402856e-01,2.388598911139389047e-01,2.395090097121726491e-01,2.401698738230923225e-01,2.408422576002051674e-01,2.415259679683104954e-01,2.422208248759628590e-01,2.429266979183646036e-01,2.436434759654665660e-01,2.443710778756184032e-01,2.451094375890161825e-01,2.458585309008955722e-01,2.466183278320270011e-01,2.473888424905681949e-01,2.481700913435273825e-01,2.489621040717419354e-01,2.497649242305439443e-01,2.505786060155424932e-01,2.514032101234925376e-01,2.522387993785521476e-01,2.530854317736720427e-01,2.539431636435306450e-01,2.548120459481183486e-01,2.556921258423612286e-01,2.565834423361498251e-01,2.574860035678455672e-01,2.583998154072912889e-01,2.593248620036175955e-01,2.602610888811865975e-01,2.612084330367955287e-01,2.621667962226856829e-01,2.631360454142179228e-01,2.641160130907187487e-01,2.651065087444631763e-01,2.661072754813906260e-01,2.671180408281128571e-01,2.681384754380921609e-01,2.691682058495877272e-01,2.702068137257663816e-01,2.712538290397051854e-01,2.723087214771039988e-01,2.733709331640393758e-01,2.744398170279889193e-01,2.755147123328762215e-01,2.765948558246189015e-01,2.776794688848920334e-01,2.787676945461571854e-01,2.798586284231028842e-01,2.809512980754989009e-01,2.820446825255060741e-01,2.831376991615492944e-01,2.842292354066082716e-01,2.853180777149087466e-01,2.864029871974441699e-01,2.874826711893299080e-01,2.885557883068146645e-01,2.896209340066736582e-01,2.906766801946195633e-01,2.917215274328961438e-01,2.927539513950557781e-01,2.937723905779058287e-01,2.947752326873573359e-01,2.957608345329482136e-01,2.967275460044117019e-01,2.976736563353827303e-01,2.985974563564069983e-01,2.994972139850620718e-01,3.003711685095721284e-01,3.012175560759480786e-01,3.020346125972881435e-01,3.028205727591910534e-01,3.035736626736283417e-01,3.042921260560155772e-01,3.049742028716442288e-01,3.056181731349580932e-01,3.062223155959253318e-01,3.067849627943726176e-01,3.073044410890940492e-01,3.077791600601484379e-01,3.082075232390746322e-01,3.085880175541874104e-01,3.089191693116731807e-01,3.091995666285380917e-01,3.094278502184886759e-01,3.096027380042613020e-01,3.097230089696614841e-01,3.097875355000502262e-01,3.097952517853451160e-01,3.097452049131653729e-01,3.096365077315610392e-01,3.094683679108244934e-01,3.092401170050562142e-01,3.089511603452543831e-01,3.086010353591142619e-01,3.081893785610215208e-01,3.077159388165366383e-01,3.071805790696493510e-01,3.065832922307735742e-01,3.059242032202084682e-01,3.052035223938465158e-01,3.044216201494080454e-01,3.035789976220644726e-01,3.026762730861065065e-01,3.017141911928047371e-01,3.006936592369844341e-01,2.996156732006891033e-01,2.984813998096247367e-01,2.972921383600119483e-01,2.960492917098564436e-01,2.947544169584241369e-01,2.934091997376714334e-01,2.920154545891663345e-01,2.905751389026494103e-01,2.890903080977353934e-01,2.875631680856020056e-01,2.859960163023396174e-01,2.843913120346589496e-01,2.827515948403819812e-01,2.810795323068726037e-01,2.793778850632220312e-01,2.776495352570801378e-01,2.758974506515109448e-01,2.741246993256328257e-01,2.723344217157700475e-01,2.705298827868810596e-01,2.687143708839119238e-01,2.668912875761817460e-01,2.650640654993475787e-01,2.632362395196982119e-01,2.614113565449256993e-01,2.595930271961885971e-01,2.577848921825193207e-01,2.559906175120930660e-01,2.542139229270504730e-01,2.524585113519909885e-01,2.507280996183841038e-01,2.490264091665483071e-01,2.473571614176518774e-01,2.457240491166436391e-01,2.441307423404650012e-01,2.425808916316449237e-01,2.410780867374555936e-01,2.396258908006571875e-01,2.382277886107260212e-01,2.368872220934288009e-01,2.356075500453851668e-01,2.343920383643748884e-01,2.332438975390269953e-01,2.321662101141402368e-01,2.311619682830718114e-01,2.302340569361083222e-01,2.293852349657255763e-01,2.286181443038354522e-01,2.279352753163524647e-01,2.273390096609230748e-01,2.268315698644451650e-01,2.264150117481634195e-01,2.260912623336817917e-01,2.258620716628463865e-01,2.257290210607322267e-01,2.256935183056010819e-01,2.257568050138142046e-01,2.259199247990532899e-01,2.261837530542484265e-01,2.265489746236254431e-01,2.270160613049012066e-01,2.275853134501034658e-01,2.282568416433647940e-01,2.290305260850480917e-01,2.299060752000137153e-01,2.308829903112344373e-01,2.319605606375137186e-01,2.331378938819811675e-01,2.344138716510876241e-01,2.357871946996503709e-01,2.372563559577319237e-01,2.388196559131292585e-01,2.404751892610877961e-01,2.422208805948149191e-01,2.440544291179612968e-01,2.459733822046312191e-01,2.479750813131813281e-01,2.500567034715994730e-01,2.522152372524733566e-01,2.544475194475840918e-01,2.567502050745174569e-01,2.591198053194747053e-01,2.615526738977023702e-01,2.640450256296268394e-01,2.665929253284036182e-01,2.691923209350398083e-01,2.718390244927259558e-01,2.745287414414115945e-01,2.772570633876718649e-01,2.800194888779604097e-01,2.828114285051847032e-01,2.856282052916463976e-01,2.884650595665490536e-01,2.913171937131875944e-01,2.941797434506219222e-01,2.970477959518798006e-01,2.999164066165185272e-01,3.027806266120955936e-01,3.056354626372780325e-01,3.084759290852689961e-01,3.112970535716781395e-01,3.140938773420861585e-01,3.168614591128749436e-01,3.195949018557305288e-01,3.222893498109283272e-01,3.249400114442045351e-01,3.275421603914688284e-01,3.300911244207945794e-01,3.325823579453374701e-01,3.350113749657296358e-01,3.373738121341572915e-01,3.396653939992425597e-01,3.418820158327060543e-01,3.440196618240144444e-01,3.460744643821723199e-01,3.480427155688182728e-01,3.499208585939153626e-01,3.517054851232975232e-01,3.533933645693069781e-01,3.549814544302856700e-01,3.564668960210504722e-01,3.578469990383112420e-01,3.591192835292947860e-01,3.602814546266058793e-01,3.613314424204277509e-01,3.622673797369471149e-01,3.630876146615321653e-01,3.637906949447458071e-01,3.643754023979404733e-01,3.648407525888709424e-01,3.651859429853195338e-01,3.654104583744712809e-01,3.655139529276628663e-01,3.654963611997057438e-01,3.653577964119133492e-01,3.650986258443294497e-01,3.647194346173981416e-01,3.642210498080727388e-01,3.636045105537577538e-01,3.628710707075846753e-01,3.620222114826344151e-01,3.610596185737371955e-01,3.599852095190296253e-01,3.588010937650733534e-01,3.575095847982358022e-01,3.561132153707955439e-01,3.546146837028136822e-01,3.530168708331071215e-01
3.187844310722628416e-01,3.184360355826528766e-01,3.180688445248580631e-01,3.176846042027941519e-01,3.172851379241802827e-01,3.168723809395149749e-01,3.164483678006750900e-01,3.160152130697723161e-01,3.155750873469407858e-01,3.151302469103779980e-01,3.146829940975678919e-01,3.142356856605980076e-01,3.137907141038557834e-01,3.133505021556130532e-01,3.129174949444402665e-01,3.124941501406471867e-01,3.120829105539097426e-01,3.116862462256801969e-01,3.113065688433099831e-01,3.109462906949157501e-01,3.106077769233877017e-01,3.102933704441145357e-01,3.100053192567980287e-01,3.097458499541015930e-01,3.095170840657476830e-01,3.093210959233519408e-01,3.091598492327686798e-01,3.090352203500847938e-01,3.089489721723468474e-01,3.089027901980959667e-01,3.088982043907078090e-01,3.089366327782011035e-01,3.090193722654461239e-01,3.091475815366269142e-01,3.093222636481569032e-01,3.095442958328816219e-01,3.098143991921945006e-01,3.101331280190477990e-01,3.105008951412463469e-01,3.109179488646264811e-01,3.113843540277562716e-01,3.119000456737224258e-01,3.124647687166397514e-01,3.130780894961774363e-01,3.137394256528416303e-01,3.144480310627277841e-01,3.152029749813987092e-01,3.160031607134193843e-01,3.168473486594374777e-01,3.177340963917499872e-01,3.186618463973239779e-01,3.196288539671690576e-01,3.206332276208697096e-01,3.216729284112930243e-01,3.227457947420450113e-01,3.238494668516690433e-01,3.249815190340880622e-01,3.261393731267503426e-01,3.273202997159271876e-01,3.285215050383401003e-01,3.297400619408040745e-01,3.309729331834632138e-01,3.322170319248866632e-01,3.334691351122606173e-01,3.347259843122982192e-01,3.359842515606787372e-01,3.372405284058445085e-01,3.384913939702650643e-01,3.397333677725433709e-01,3.409629560370857071e-01,3.421766251604967946e-01,3.433708536444373127e-01,3.445421280181767409e-01,3.456869382466921103e-01,3.468017935880638447e-01,3.478832459470185268e-01,3.489278840474346333e-01,3.499323477674534111e-01,3.508933672617736699e-01,3.518077073949035793e-01,3.526722429140269344e-01,3.534839315273480276e-01,3.542398476946933550e-01,3.549371588245010534e-01,3.555731740479671776e-01,3.561452966151220645e-01,3.566511157428493006e-01,3.570883367184234380e-01,3.574548208031403385e-01,3.577485897670240611e-01,3.579678471149497221e-01,3.581109576281877871e-01,3.581764662739729266e-01,3.581631076838827088e-01,3.580697998923840775e-01,3.578956795055941442e-01,3.576400528395324852e-01,3.573024472020220887e-01,3.568825771366704314e-01,3.563804018341486524e-01,3.557960514977697164e-01,3.551298958040233211e-01,3.543824985990855492e-01,3.535546314749001273e-01,3.526473036635365266e-01,3.516617141927165791e-01,3.505992781227186827e-01,3.494616079961901378e-01,3.482505463152733016e-01,3.469681069198509715e-01,3.456165158713524477e-01,3.441981969513158157e-01,3.427157332708233861e-01,3.411719359095941595e-01,3.395697474300488627e-01,3.379123123658674399e-01,3.362029252595772344e-01,3.344450169650754479e-01,3.326421894143391511e-01,3.307981939210956068e-01,3.289168781737474290e-01,3.270022286523838750e-01,3.250583352425566175e-01,3.230894057082681070e-01,3.210997190805616741e-01,3.190936385188709590e-01,3.170756033981528277e-01,3.150501137834156862e-01,3.130216934349432933e-01,3.109949286045092243e-01,3.089744220955307208e-01,3.069647818503035697e-01,3.049706054861294202e-01,3.029965254094547644e-01,3.010470782365930464e-01,2.991268386119484979e-01,2.972402686490668300e-01,2.953918393755716743e-01,2.935858878255458992e-01,2.918266991119366494e-01,2.901184693657177238e-01,2.884652720624633071e-01,2.868710818540548546e-01,2.853397327407568573e-01,2.838749379593776268e-01,2.824802449074041988e-01,2.811590549674067852e-01,2.799146082551762227e-01,2.787499515897442492e-01,2.776679691630453695e-01,2.766713417865461211e-01,2.757625606113041083e-01,2.749438935538011664e-01,2.742174053575537895e-01,2.735849491285339274e-01,2.730481324508619578e-01,2.726083621214198671e-01,2.722667876239753260e-01,2.720243206161825911e-01,2.718816488052578917e-01,2.718392017704342467e-01,2.718971751438594153e-01,2.720555034632738400e-01,2.723138833847552620e-01,2.726717653344349901e-01,2.731283538308690861e-01,2.736825931934961931e-01,2.743331949284513738e-01,2.750786386802389072e-01,2.759171528672563212e-01,2.768467373604875381e-01,2.778651609268212863e-01,2.789699708637595754e-01,2.801584965623114543e-01,2.814278480832643758e-01,2.827749283309140549e-01,2.841964705726528484e-01,2.856889786215222049e-01,2.872487960924205441e-01,2.888720953666978897e-01,2.905548748860639074e-01,2.922930040372706539e-01,2.940821636928978022e-01,2.959179574122417500e-01,2.977958363608383396e-01,2.997111437782906118e-01,3.016591320913784013e-01,3.036349744359551073e-01,3.056337630206935607e-01,3.076505152184088598e-01,3.096802477569467471e-01,3.117178908500321532e-01,3.137583888575373181e-01,3.157966562225640872e-01,3.178276306630489767e-01,3.198462599944285056e-01,3.218475238171666364e-01,3.238264468683554886e-01,3.257781221221430212e-01,3.276977023793922750e-01,3.295804344916121176e-01,3.314216525398000490e-01,3.332168053604657176e-01,3.349614695882926485e-01,3.366513558364069847e-01,3.382823321841601505e-01,3.398503807935761567e-01,3.413517020026535231e-01,3.427826548132625328e-01,3.441397924853268897e-01,3.454198566915745450e-01,3.466198131621260892e-01,3.477368364953031254e-01,3.487683243313354220e-01,3.497119318831070078e-01,3.505655059646956562e-01,3.513271891056730656e-01,3.519953564584559769e-01,3.525686362838673094e-01,3.530459294469439069e-01,3.534264175283672871e-01,3.537094925025436876e-01,3.538949033685066525e-01,3.539825998441263888e-01,3.539728724197567789e-01,3.538662235128768319e-01,3.536634773877156412e-01,3.533657035467136498e-01,3.529742798555352001e-01,3.524908242115513124e-01,3.519172361710014019e-01,3.512556678766468599e-01,3.505085481450940788e-01,3.496785488847343748e-01,3.487685897202565943e-01,3.477818403345661613e-01,3.467216978940359517e-01,3.455918008649349615e-01,3.443959920875802050e-01,3.431383206396999563e-01,3.418230565438405977e-01,3.404546444844814279e-01,3.390377233253478728e-01,3.375770830734514671e-01,3.360776934643572855e-01,3.345446369903423700e-01,3.329831697662167800e-01,3.313986403478301201e-01,3.297965166740587373e-01,3.281823495089825626e-01,3.265618019851242448e-01,3.249405544358754394e-01,3.233243766684059106e-01,3.217190745812385511e-01,3.201304534822533854e-01,3.185643605550298463e-01,3.170266073841339072e-01,3.155230027482955335e-01,3.140593217301244633e-01,3.126412834138847519e-01,3.112745355902963307e-01,3.099646642163204069e-01,3.087171584101370825e-01,3.075373806931074872e-01,3.064306087918647892e-01,3.054019450919878698e-01,3.044563786282512563e-01,3.035987144236667601e-01,3.028335976688456554e-01,3.021654826708306540e-01,3.015986221894924046e-01,3.011370554035561753e-01,3.007846261780900976e-01,3.005449157906492919e-01,3.004212850536925328e-01,3.004168445790021957e-01,3.005344459664243129e-01,3.007766437940063708e-01,3.011457643055081013e-01,3.016438297598289520e-01,3.022725722102060364e-01,3.030334343928427487e-01,3.039275672392606209e-01,3.049558088278698786e-01,3.061186988581567348e-01,3.074164663934123576e-01,3.088490428797390774e-01,3.104160237864673766e-01,3.121167136646888496e-01,3.139500853189635676e-01,3.159148282309052203e-01,3.180093017717402493e-01,3.202315745751856402e-01,3.225793905764285929e-01,3.250502179236663403e-01,3.276412290616667611e-01,3.303492816591115377e-01,3.331709831793450705e-01,3.361026445615192260e-01,3.391403173821824213e-01,3.422797873319809447e-01,3.455165895468104709e-01,3.488460341123453823e-01,3.522631708713064302e-01,3.557628411341292596e-01,3.593396904031403438e-01,3.629881413120386036e-01,3.667024304726780870e-01,3.704766332496497450e-01,3.743046683650805839e-01,3.781802908549002362e-01,3.820971227899424560e-01,3.860486718585821042e-01,3.900283361187190656e-01,3.940294205812562289e-01,3.980451542458460223e-01,4.020687070242207062e-01,4.060931972125810252e-01,4.101117138511047311e-01,4.141173261557565821e-01,4.181030963846371629e-01,4.220621105175886845e-01,4.259874928719133425e-01,4.298723918192406956e-01,4.337100116879400447e-01,4.374936472084370309e-01,4.412166943174531952e-01,4.448726169753099424e-01,4.484550184357466440e-01,4.519576230988730514e-01,4.553743218865491937e-01,4.586991392905457321e-01,4.619262933065659826e-01,4.650501499100666569e-01,4.680653219477955429e-01,4.709665978042598677e-01,4.737489885367940357e-01,4.764077301191066982e-01,4.789383056520811754e-01,4.813364506582638591e-01,4.835981593443118287e-01,4.857196713745141059e-01,4.876975340775795975e-01,4.895285314376455754e-01,4.912097711019544066e-01,4.927386306132834903e-01,4.941128103210057354e-01,4.953302771381364322e-01,4.963893302272232577e-01,4.972885502441365957e-01,4.980268562733953797e-01,4.986034634891707840e-01,4.990179006403435147e-01,4.992700027347858338e-01,4.993599182792263225e-01,4.992880952234223235e-01,4.990553098425533629e-01,4.986626209436624824e-01,4.981114117910195871e-01,4.974033161148930793e-01,4.965402949394738252e-01,4.955245764611171944e-01,4.943587054653466040e-01,4.930454216145979118e-01,4.915877986322817472e-01,4.899891320492127944e-01,4.882529629723002529e-01,4.863830842145556166e-01,4.843835110859590065e-01,4.822584705407031436e-01,4.800123924373078665e-01,4.776499097732853083e-01,4.751758430275422329e-01,4.725951603079663332e-01,4.699130403415828772e-01,4.671347459233862187e-01,4.642657174088766769e-01,4.613114824755431553e-01,4.582777166723754902e-01,4.551701627964406249e-01,4.519946427515100229e-01,4.487570602606938963e-01,4.454633639531760392e-01,4.421195407282927370e-01,4.387315978294072938e-01,4.353055725627970052e-01,4.318474785136137695e-01,4.283633357232216055e-01,4.248590939500408448e-01,4.213407298115910971e-01,4.178140849305123083e-01,4.142849985981579275e-01,4.107591969434672419e-01,4.072423098140797171e-01,4.037398862208544381e-01,4.002573331294386194e-01,3.967999389671539312e-01,3.933728544493312329e-01,3.899810781242231683e-01,3.866294662080416167e-01,3.833226726881319713e-01,3.800652102702916091e-01,3.768613799312162671e-01,3.737153095191205754e-01,3.706309097762089388e-01,3.676118882807781763e-01,3.646617386765165225e-01,3.617837413567045468e-01,3.589809471203089242e-01,3.562561658514324381e-01,3.536120108659092653e-01,3.510508244722885807e-01,3.485747302993379426e-01,3.461855998493564290e-01,3.438850682819671323e-01,3.416745345019615576e-01,3.395551622703579242e-01,3.375278536443325206e-01,3.355932817455880568e-01,3.337519061280068144e-01,3.320038944114463431e-01,3.303492586321372104e-01,3.287877217039927302e-01,3.273188053022636490e-01,3.259418252923012016e-01,3.246558571980484031e-01,3.234597914922335282e-01
6.357887381980215080e-01,6.325758220978074942e-01,6.294146198252800195e-01,6.263105834170950015e-01,6.232690485503163957e-01,6.202952305343150119e-01,6.173941753192719872e-01,6.145708155585275501e-01,6.118298825231679450e-01,6.091759513783181479e-01,6.066134156363206520e-01,6.041464560409083306e-01,6.017790925154236081e-01,5.995151380923455786e-01,5.973581427394961674e-01,5.953114916314669047e-01,5.933783045748526330e-01,5.915614851414067177e-01,5.898636970844119976e-01,5.882873788379682223e-01,5.868346649372939705e-01,5.855075057790061210e-01,5.843075484750192006e-01,5.832361960489512720e-01,5.822946134422306574e-01,5.814836618431069581e-01,5.808039757447537310e-01,5.802559124760708897e-01,5.798395591940785909e-01,5.795547437788252099e-01,5.794010494720933657e-01,5.793777642162790675e-01,5.794839653365795318e-01,5.797184242645231356e-01,5.800796828034640029e-01,5.805660661115872312e-01,5.811756044589041492e-01,5.819061238900102850e-01,5.827552075066317894e-01,5.837202022418473968e-01,5.847982533142221939e-01,5.859862710356995574e-01,5.872809789699785510e-01,5.886788986046140870e-01,5.901763456084112569e-01,5.917694870109856398e-01,5.934542654118573068e-01,5.952265099696428807e-01,5.970818803981652323e-01,5.990158718381275449e-01,6.010238655146988851e-01,6.031011218764052995e-01,6.052427701185346676e-01,6.074438704053168880e-01,6.096993555759746553e-01,6.120040929216312708e-01,6.143528888470127791e-01,6.167404907095261901e-01,6.191615892800413912e-01,6.216108453837346781e-01,6.240829166180710263e-01,6.265724095060926091e-01,6.290739833861147545e-01,6.315822718943169267e-01,6.340919434643645936e-01,6.365976886374944410e-01,6.390942692959926674e-01,6.415764898400762029e-01,6.440392312416721721e-01,6.464774490224036718e-01,6.488861786093810258e-01,6.512605591456490650e-01,6.535958500159608775e-01,6.558874200925655096e-01,6.581307701299745627e-01,6.603215346419081255e-01,6.624554814248858614e-01,6.645285674433287770e-01,6.665368758990601883e-01,6.684766688674418367e-01,6.703444128040498828e-01,6.721366934383451452e-01,6.738503445660353197e-01,6.754823826120605057e-01,6.770299885431318998e-01,6.784905890744677981e-01,6.798617887848849017e-01,6.811414349793091239e-01,6.823275730765206992e-01,6.834184486871757169e-01,6.844125508025150628e-01,6.853085997516390471e-01,6.861055130840429950e-01,6.868024416760236672e-01,6.873987595369217551e-01,6.878940612862927129e-01,6.882881769249528103e-01,6.885811382487628807e-01,6.887732074292111095e-01,6.888648768395949640e-01,6.888568128657185374e-01,6.887499320456055285e-01,6.885453526991820450e-01,6.882443649882149517e-01,6.878484801968994811e-01,6.873594122251901473e-01,6.867790441225807285e-01,6.861094435696983851e-01,6.853528502586350157e-01,6.845116942984225128e-01,6.835885409935127388e-01,6.825861385315015184e-01,6.815073375747363604e-01,6.803551849387351469e-01,6.791327922885992407e-01,6.778434657654327511e-01,6.764905735065802617e-01,6.750776135475100581e-01,6.736081504511426399e-01,6.720858891001012525e-01,6.705145673118589889e-01,6.688980159134595427e-01,6.672401106566141493e-01,6.655447765708443209e-01,6.638160188559225627e-01,6.620577941600906957e-01,6.602741721413277753e-01,6.584691779544599166e-01,6.566468373793635793e-01,6.548112008340573054e-01,6.529663124111786399e-01,6.511161412576496055e-01,6.492646700652580094e-01,6.474158020152444015e-01,6.455734298368591695e-01,6.437413605960958796e-01,6.419233267486720296e-01,6.401230343951295199e-01,6.383440539353789633e-01,6.365898781692371777e-01,6.348639229217581947e-01,6.331694803874743371e-01,6.315097452380010745e-01,6.298878030342310863e-01,6.283065966782002132e-01,6.267689367894353492e-01,6.252775375683391479e-01,6.238349466253743092e-01,6.224435879365559643e-01,6.211057199987464195e-01,6.198234585024482435e-01,6.185987919027536863e-01,6.174335154358021605e-01,6.163292820763729418e-01,6.152876138446792265e-01,6.143098355200851124e-01,6.133971243644296134e-01,6.125505043851479092e-01,6.117708117037460314e-01,6.110587485242355843e-01,6.104148284771921951e-01,6.098394535866203947e-01,6.093327876186138692e-01,6.088949158404023398e-01,6.085257114892774766e-01,6.082249156876846641e-01,6.079921307902310668e-01,6.078268002916287216e-01,6.077281977761225251e-01,6.076955106882868662e-01,6.077277415457575938e-01,6.078237811673536939e-01,6.079823868914476792e-01,6.082022258805285242e-01,6.084817795509102067e-01,6.088194745464914348e-01,6.092135974999045578e-01,6.096623722981951987e-01,6.101638881079648469e-01,6.107161482713223677e-01,6.113170969447979664e-01,6.119645914208408088e-01,6.126564080791466749e-01,6.133902564306503713e-01,6.141638221197855962e-01,6.149746917016301051e-01,6.158204508058328086e-01,6.166986081037688638e-01,6.176066664892195801e-01,6.185421029425514083e-01,6.195023730572978282e-01,6.204848973610789242e-01,6.214871444593399463e-01,6.225065191709709955e-01,6.235405036303027781e-01,6.245865291370994443e-01,6.256420721512511163e-01,6.267046475627640056e-01,6.277717846784309774e-01,6.288410514640826454e-01,6.299100660917993366e-01,6.309764580901153774e-01,6.320379728896040605e-01,6.330923477039479552e-01,6.341374250077161934e-01,6.351710666754610823e-01,6.361912652892016684e-01,6.371960194792390952e-01,6.381834230073311076e-01,6.391516832135117898e-01,6.400990588294636074e-01,6.410238794683676966e-01,6.419245759126129824e-01,6.427996626704052252e-01,6.436477534826239300e-01,6.444675347227944995e-01,6.452578109249080818e-01,6.460174285259647764e-01,6.467453794135241685e-01,6.474407295165360843e-01,6.481026123489249668e-01,6.487302800564682670e-01,6.493231056941546342e-01,6.498804630792807124e-01,6.504018977261624146e-01,6.508870072938932605e-01,6.513354941426277023e-01,6.517471312331317712e-01,6.521217645456054424e-01,6.524593257751181152e-01,6.527598329546735467e-01,6.530233913815297608e-01,6.532501386534516064e-01,6.534403160512731734e-01,6.535942004883562584e-01,6.537121597025842279e-01,6.537945996116718561e-01,6.538420037018717323e-01,6.538548593911608364e-01,6.538337661205940732e-01,6.537793259400944690e-01,6.536921557853113685e-01,6.535729905248379712e-01,6.534225028427694815e-01,6.532414709239188211e-01,6.530306385396899005e-01,6.527908145883151159e-01,6.525227782257606579e-01,6.522273807198776252e-01,6.519054123068838136e-01,6.515577209672480663e-01,6.511851483108519467e-01,6.507885018736335736e-01,6.503686001858015597e-01,6.499262730086650119e-01,6.494623266370587178e-01,6.489775287054969644e-01,6.484726551003286987e-01,6.479484508615367400e-01,6.474056412303663688e-01,6.468449358543617578e-01,6.462669722891070112e-01,6.456724171650385369e-01,6.450618743683854683e-01,6.444359221974909069e-01,6.437950972235786384e-01,6.431399073846122416e-01,6.424708024250195271e-01,6.417882472177106612e-01,6.410926350566651388e-01,6.403843055712546972e-01,6.396635794825797916e-01,6.389307384495288566e-01,6.381860563614102366e-01,6.374297125314153378e-01,6.366618994182896563e-01,6.358827519886761648e-01,6.350923738915043026e-01,6.342908668788134197e-01,6.334782475412148450e-01,6.326545580425734228e-01,6.318197931989617544e-01,6.309739282400201876e-01,6.301168853564224070e-01,6.292486130302163971e-01,6.283690570948855525e-01,6.274781128793992524e-01,6.265756726175782942e-01,6.256616320232549766e-01,6.247358674711608328e-01,6.237983018770587584e-01,6.228487906598412227e-01,6.218872552810397192e-01,6.209136212053637527e-01,6.199278017523019990e-01,6.189297429605766787e-01,6.179194270646266585e-01,6.168968394560939705e-01,6.158619936027281971e-01,6.148149581773746375e-01,6.137558331866830308e-01,6.126847255117648938e-01,6.116018259469142571e-01,6.105073497605023602e-01,6.094015788094767627e-01,6.082848212570040047e-01,6.071574585753107822e-01,6.060199366798038056e-01,6.048727313712195519e-01,6.037164191319623896e-01,6.025516224677612831e-01,6.013790279844439812e-01,6.001993890092880424e-01,5.990135394358372389e-01,5.978223969894960188e-01,5.966269208312509065e-01,5.954281785849847575e-01,5.942272738821996469e-01,5.930254213904005978e-01,5.918239043867152827e-01,5.906240573756761369e-01,5.894273080649101715e-01,5.882351700235016745e-01,5.870492155000361922e-01,5.858710683858994184e-01,5.847024555693445258e-01,5.835451662443965626e-01,5.824010462360184048e-01,5.812720272263576238e-01,5.801600643647814026e-01,5.790671741133037731e-01,5.779954909890787640e-01,5.769471102938754647e-01,5.759242542137610332e-01,5.749291731428176622e-01,5.739640838689052948e-01,5.730313464787607503e-01,5.721332617099915696e-01,5.712722259790813384e-01,5.704506136277625039e-01,5.696708205574847472e-01,5.689352579627096063e-01,5.682463421433356920e-01,5.676065011610753608e-01,5.670181168165265850e-01,5.664835929864083797e-01,5.660053222657207561e-01,5.655855891113579226e-01,5.652267710667218115e-01,5.649311068313979112e-01,5.647008166393450157e-01,5.645381027971113630e-01,5.644450603803394806e-01,5.644237296966808648e-01,5.644761069345978211e-01,5.646040966263171645e-01,5.648095016692803449e-01,5.650940260561122530e-01,5.654593233998762569e-01,5.659068969445720798e-01,5.664381591523988124e-01,5.670544055197249689e-01,5.677568176260726629e-01,5.685464250654482798e-01,5.694241657850812599e-01,5.703907721860508317e-01,5.714469330259539515e-01,5.725930911935409595e-01,5.738296066068768742e-01,5.751566490853748936e-01,5.765742501826122135e-01,5.780822440498625259e-01,5.796803640956353920e-01,5.813681124637203324e-01,5.831448373284360276e-01,5.850097426421158042e-01,5.869618253999573376e-01,5.889999053838186338e-01,5.911226621992988761e-01,5.933285688915218570e-01,5.956159151980455757e-01,5.979828567112750459e-01,6.004273003321657365e-01,6.029470519171765686e-01,6.055397135728084468e-01,6.082027093173703047e-01,6.109332972573784382e-01,6.137285874722984147e-01,6.165855033871282531e-01,6.195008273951259081e-01,6.224711706094724351e-01,6.254930131508592561e-01,6.285626681621601097e-01,6.316763356075726366e-01,6.348300685597415560e-01,6.380197776451935754e-01,6.412412648100535018e-01,6.444902112484359735e-01,6.477622047281929030e-01,6.510527152293116293e-01,6.543571422267439042e-01,6.576707612618122312e-01,6.609888239019204859e-01,6.643064623195402696e-01,6.676187740339216692e-01,6.709208314697631126e-01,6.742076254992613871e-01,6.774741166754389976e-01,6.807152733158280400e-01,6.839260470194985508e-01,6.871013785614761282e-01,6.902362149952709913e-01,6.933255173357112389e-01,6.963642920885252385e-01,6.993475739945318459e-01,7.022704414370402048e-01,7.051280632420525718e-01,7.079156447012807662e-01,7.106284718804638523e-01,7.132619411832206158e-01,7.158115337907097198e-01,7.182728524772699075e-01,7.206415960738375981e-01,7.229136314276667363e-01,7.250849273056904076e-01,7.271516252669725233e-01,7.291099864070121894e-01
6.024813890880981182e-01,6.029259930681550861e-01,6.032890826445780341e-01,6.035728852834603142e-01,6.037798441892010537e-01,6.039126286741872685e-01,6.039741383283222520e-01,6.039674479919605599e-01,6.038958596099383014e-01,6.037628293080837816e-01,6.035720133603275084e-01,6.033271955956293064e-01,6.030323412229734448e-01,6.026915379619787183e-01,6.023090228122576217e-01,6.018890823780593813e-01,6.014361988283796201e-01,6.009548391006833690e-01,6.004495987142441926e-01,5.999251446095145157e-01,5.993861333289680626e-01,5.988372888333184374e-01,5.982833510436527114e-01,5.977290267450935390e-01,5.971790876540037374e-01,5.966381934388835795e-01,5.961110118890369236e-01,5.956021419363984881e-01,5.951160999032734100e-01,5.946573911073935736e-01,5.942303150573888804e-01,5.938391805127770651e-01,5.934880850840845712e-01,5.931810505366142960e-01,5.929219299074098837e-01,5.927144284903244076e-01,5.925621016281839015e-01,5.924683119065197179e-01,5.924362383986202518e-01,5.924688613580251229e-01,5.925689696963110098e-01,5.927391359498103141e-01,5.929817164118543760e-01,5.932988279189026493e-01,5.936923641668815366e-01,5.941639875358422085e-01,5.947151102888722507e-01,5.953468791730923693e-01,5.960602103518687356e-01,5.968557790254679363e-01,5.977339701020680796e-01,5.986949178980325303e-01,5.997385244541737492e-01,6.008643847261448956e-01,6.020718876468713621e-01,6.033601359271494324e-01,6.047279701604512114e-01,6.061739945761798198e-01,6.076965691167641737e-01,6.092937885560826272e-01,6.109635028270621326e-01,6.127033542033377689e-01,6.145107574246870819e-01,6.163828657972282299e-01,6.183166832263168322e-01,6.203089239256119880e-01,6.223561674313637937e-01,6.244548005322380080e-01,6.266009877261576877e-01,6.287907710448438214e-01,6.310200157663118370e-01,6.332844175413073762e-01,6.355795842895577419e-01,6.379009584345414208e-01,6.402438933499826623e-01,6.426036202568287115e-01,6.449753191469571600e-01,6.473540552842413920e-01,6.497348439222611072e-01,6.521126750321198928e-01,6.544824958505495172e-01,6.568392181654271189e-01,6.591777522000947798e-01,6.614929970172763740e-01,6.637799610167689490e-01,6.660335468983964446e-01,6.682488144338242231e-01,6.704208420350258324e-01,6.725447794389062262e-01,6.746158500022577664e-01,6.766294418277766232e-01,6.785809891329581678e-01,6.804660673456547348e-01,6.822803951706239989e-01,6.840198414399157878e-01,6.856804222157176776e-01,6.872583524154708412e-01,6.887499821663628508e-01,6.901518931429442283e-01,6.914608460693534298e-01,6.926738118487540952e-01,6.937879435795193395e-01,6.948007026423068666e-01,6.957097023528815427e-01,6.965128273231637746e-01,6.972081968970340604e-01,6.977941823633301288e-01,6.982694019427363452e-01,6.986327210262035514e-01,6.988832891809210190e-01,6.990205081998687175e-01,6.990440076586859064e-01,6.989537524342224195e-01,6.987499036070673464e-01,6.984329153478637808e-01,6.980035114711506949e-01,6.974626620522366149e-01,6.968116011202184490e-01,6.960518298670215209e-01,6.951850742368609337e-01,6.942133175689536584e-01,6.931387957543904133e-01,6.919639813738041045e-01,6.906915653319893877e-01,6.893244498191950509e-01,6.878657747218717144e-01,6.863188783740511445e-01,6.846872871124864979e-01,6.829747236225159890e-01,6.811850863457641347e-01,6.793224689074963685e-01,6.773910516146020022e-01,6.753952399452302080e-01,6.733395282796261760e-01,6.712285423741015666e-01,6.690670397480508180e-01,6.668598251656231435e-01,6.646118653194287296e-01,6.623281273844169315e-01,6.600136752383976013e-01,6.576736118517163554e-01,6.553130814572589724e-01,6.529372372287488568e-01,6.505512434153541967e-01,6.481602479837905717e-01,6.457693836858446890e-01,6.433837875353884961e-01,6.410084795295054594e-01,6.386484718794211979e-01,6.363086852450606790e-01,6.339939508158418668e-01,6.317090106732550225e-01,6.294585064201057012e-01,6.272469471522530426e-01,6.250787058783653372e-01,6.229580045294871304e-01,6.208889493256642966e-01,6.188754289730298286e-01,6.169211834949347439e-01,6.150297739801073860e-01,6.132045591076313862e-01,6.114487281599744195e-01,6.097651976439319998e-01,6.081567232481865926e-01,6.066258290152852783e-01,6.051747927372990166e-01,6.038056705247396572e-01,6.025202819251797015e-01,6.013202212676459490e-01,6.002068032643635975e-01,5.991811343795528932e-01,5.982440386287675160e-01,5.973960900499128979e-01,5.966376604132163086e-01,5.959688220502342704e-01,5.953894016488746610e-01,5.948990100612553400e-01,5.944969863201783333e-01,5.941824305428330399e-01,5.939542230279832857e-01,5.938109638219120079e-01,5.937510701705913663e-01,5.937727452937250350e-01,5.938738967423856652e-01,5.940523246936644242e-01,5.943055348592962694e-01,5.946308988023306652e-01,5.950255516768001574e-01,5.954865071610901950e-01,5.960105631702835582e-01,5.965943814669971701e-01,5.972344584412321300e-01,5.979271733884654605e-01,5.986687742512559751e-01,5.994553638764812398e-01,6.002829723721960775e-01,6.011475323372467150e-01,6.020448984899603451e-01,6.029708550900779729e-01,6.039211196372162860e-01,6.048913972132318184e-01,6.058773318470368485e-01,6.068745786675213694e-01,6.078787839069037524e-01,6.088855772225498786e-01,6.098906428811791125e-01,6.108897023094985723e-01,6.118784917537390955e-01,6.128528593019270110e-01,6.138086731827178122e-01,6.147419343215804188e-01,6.156487000952322042e-01,6.165251814720034140e-01,6.173676722407543949e-01,6.181726250407624246e-01,6.189366021507858306e-01,6.196563618728886391e-01,6.203287886094880355e-01,6.209509617753117272e-01,6.215201190187064073e-01,6.220337116044699632e-01,6.224893676349279037e-01,6.228849366160060796e-01,6.232184293023910193e-01,6.234881737537288915e-01,6.236925975307545666e-01,6.238304538283936385e-01,6.239006710927419430e-01,6.239024110736346440e-01,6.238351079346216022e-01,6.236984093359640990e-01,6.234921771585741901e-01,6.232165741039571438e-01,6.228719477397338666e-01,6.224589484396940708e-01,6.219783612362042025e-01,6.214313086653644458e-01,6.208191116199313075e-01,6.201432912571869238e-01,6.194056391351162594e-01,6.186081368022096072e-01,6.177529735573394909e-01,6.168426119695422649e-01,6.158796078080102099e-01,6.148668233761965807e-01,6.138072315456644112e-01,6.127040194477004764e-01,6.115605356813936799e-01,6.103802629402611535e-01,6.091668769144468198e-01,6.079241811384913374e-01,6.066560810805095016e-01,6.053666095466454511e-01,6.040599452583922391e-01,6.027402931012530996e-01,6.014119992379017843e-01,6.000794293429366766e-01,5.987470495193578657e-01,5.974193344384692850e-01,5.961007911474272003e-01,5.947959842925866214e-01,5.935094030859252578e-01,5.922456269170325305e-01,5.910091081215882447e-01,5.898043229304448243e-01,5.886356962491129385e-01,5.875075493297065021e-01,5.864241612717099317e-01,5.853897112231805089e-01,5.844082839192372703e-01,5.834838078892348179e-01,5.826201306645422129e-01,5.818209264648599444e-01,5.810897383593879306e-01,5.804299117986588818e-01,5.798446617696699779e-01,5.793370208378765263e-01,5.789097748689205902e-01,5.785655224156518450e-01,5.783066772604863459e-01,5.781354065322783509e-01,5.780536641314781843e-01,5.780631208602159399e-01,5.781652830737121773e-01,5.783613215487831694e-01,5.786522087409069481e-01,5.790386302244903138e-01,5.795210365624459126e-01,5.800995668327598720e-01,5.807741256821307152e-01,5.815443271921870716e-01,5.824095259527238833e-01,5.833687889259762116e-01,5.844209045762543964e-01,5.855644177806095252e-01,5.867975916774544887e-01,5.881184026229439032e-01,5.895245927054463264e-01,5.910135979359418812e-01,5.925826430591457639e-01,5.942286996461958459e-01,5.959484665915326662e-01,5.977384289530156547e-01,5.995948236242040208e-01,6.015136965897655008e-01,6.034908376702808885e-01,6.055218785133138493e-01,6.076022303587008677e-01,6.097271051628974092e-01,6.118915950721952601e-01,6.140905945784221887e-01,6.163188318035368596e-01,6.185709540998107769e-01,6.208414368318391219e-01,6.231246745633023387e-01,6.254149260583011793e-01,6.277064499312717816e-01,6.299933396676554720e-01,6.322696990391198923e-01,6.345295720614374524e-01,6.367669614989921456e-01,6.389759085236219605e-01,6.411504054964402011e-01,6.432845180844861677e-01,6.453723032472674648e-01,6.474079031205012269e-01,6.493854921982049611e-01,6.512993600581233888e-01,6.531438666831573814e-01,6.549135110556326689e-01,6.566028914008249506e-01,6.582067531120270321e-01,6.597199940645068761e-01,6.611377003665677154e-01,6.624550724045323857e-01,6.636675900330544220e-01,6.647708869443640367e-01,6.657608012121474239e-01,6.666334652580409026e-01,6.673851614408286004e-01,6.680124835962263363e-01,6.685122592470230662e-01,6.688815984886717914e-01,6.691178621571181040e-01,6.692187236048376953e-01,6.691821322084408052e-01,6.690063336992639886e-01,6.686898708740700581e-01,6.682316200664567551e-01,6.676307407044197451e-01,6.668867004030022416e-01,6.659993402274361207e-01,6.649687398957776496e-01,6.637953729681647097e-01,6.624799936024257097e-01,6.610236813346079821e-01,6.594278379218522224e-01,6.576941885557672229e-01,6.558247607614556829e-01,6.538218899618134516e-01,6.516882389711091683e-01,6.494267429081245213e-01,6.470406623163785786e-01,6.445335181589771922e-01,6.419091306979112233e-01,6.391715681960101758e-01,6.363252008048513320e-01,6.333746139572579148e-01,6.303246464881105959e-01,6.271804186601680486e-01,6.239471748799350070e-01,6.206304733432577159e-01,6.172360010295515620e-01,6.137696467369819775e-01,6.102374887217822952e-01,6.066457419788044980e-01,6.030007765026605959e-01,5.993090998593723073e-01,5.955773063971099290e-01,5.918121169649113167e-01,5.880203102042468322e-01,5.842087592916576089e-01,5.803843830951110894e-01,5.765541216962567495e-01,5.727249287389749588e-01,5.689038102280082887e-01,5.650977141742401511e-01,5.613135714118611119e-01,5.575582777144297841e-01,5.538386788861237031e-01,5.501615036071654252e-01,5.465334305375231239e-01,5.429610208990683917e-01,5.394507100048457904e-01,5.360088016037225511e-01,5.326414430190206106e-01,5.293546227747271127e-01,5.261541386002486220e-01,5.230456272907616500e-01,5.200344881806284736e-01,5.171259268532839570e-01,5.143249227707883398e-01,5.116361642605294913e-01,5.090641751980510277e-01,5.066131758809558905e-01,5.042870973967742421e-01,5.020896318938687930e-01,5.000241756511124569e-01,4.980938204493080002e-01,4.963013677470219376e-01,4.946493117126520844e-01,4.931398541941103275e-01,4.917748687992516965e-01,4.905559183553303004e-01,4.894842315233995378e-01,4.885607378236284659e-01,4.877860389401076358e-01,4.871604146621506537e-01,4.866838073505734830e-01,4.863558751486922183e-01,4.861759038563917557e-01,4.861429332567294148e-01,4.862556359828051900e-01,4.865124012583576518e-01,4.869113205539145062e-01,4.874501793951628859e-01,4.881264758890321298e-01
2.781845084301276527e-01,2.798508470330793863e-01,2.814681183375644102e-01,2.830334927795489230e-01,2.845441772157274452e-01,2.859973978846923059e-01,2.873904124393752979e-01,2.887205002286740707e-01,2.899850237424738131e-01,2.911813452339753749e-01,2.923068966201211594e-01,2.933591794150583465e-01,2.943357488016795087e-01,2.952342183005410292e-01,2.960522928653249730e-01,2.967877610766342933e-01,2.974384740495515378e-01,2.980023989135939799e-01,2.984775790803346762e-01,2.988621714336935908e-01,2.991544438644788695e-01,2.993527629169570603e-01,2.994556368918758760e-01,2.994616634991055792e-01,2.993696116360941017e-01,2.991783329757382037e-01,2.988868713987904435e-01,2.984943645782813237e-01,2.980001241079099361e-01,2.974036117022279546e-01,2.967044242433779511e-01,2.959023467085089010e-01,2.949972842360419900e-01,2.939893426920649477e-01,2.928787807456968983e-01,2.916660297505480059e-01,2.903516936906659907e-01,2.889365413775126790e-01,2.874215237325064565e-01,2.858077637357799849e-01,2.840965811984608180e-01,2.822894366519516640e-01,2.803880111846218659e-01,2.783941255585624663e-01,2.763098110100498661e-01,2.741372477263094853e-01,2.718788051514365312e-01,2.695370348610157119e-01,2.671146337667095749e-01,2.646144918368034116e-01,2.620396618481814488e-01,2.593933357982962651e-01,2.566788952986526207e-01,2.538998762654414154e-01,2.510599351539498647e-01,2.481629090190771436e-01,2.452127523403964116e-01,2.422135658894254695e-01,2.391695749486414391e-01,2.360851426326286140e-01,2.329647281336469089e-01,2.298129208206883267e-01,2.266343932163385477e-01,2.234339282014279893e-01,2.202163964260517304e-01,2.169867325375948452e-01,2.137499738857993603e-01,2.105111787749380792e-01,2.072754981433086729e-01,2.040480968372061221e-01,2.008342096541214650e-01,1.976390671389846032e-01,1.944679349771922805e-01,1.913260840446079081e-01,1.882187674996681492e-01,1.851512500197498023e-01,1.821287533154354599e-01,1.791564880194574383e-01,1.762396034278769785e-01,1.733832093829732468e-01,1.705923386397235342e-01,1.678719738683263352e-01,1.652269900252449630e-01,1.626621924253665030e-01,1.601822686002558893e-01,1.577918073531951737e-01,1.554952626569282570e-01,1.532969660300463610e-01,1.512011137919745951e-01,1.492117369719504483e-01,1.473327215921059474e-01,1.455677951155018301e-01,1.439204924294479326e-01,1.423941764320122982e-01,1.409920204510491937e-01,1.397169910152036565e-01,1.385718750913774999e-01,1.375592215240817595e-01,1.366813751280147038e-01,1.359404547468885394e-01,1.353383533769676461e-01,1.348767391912069624e-01,1.345570288586587504e-01,1.343804043841259899e-01,1.343478001736436167e-01,1.344599151388209957e-01,1.347171781996576445e-01,1.351197736596120857e-01,1.356676434101507234e-01,1.363604575399484653e-01,1.371976346037735717e-01,1.381783527348358909e-01,1.393015121284623126e-01,1.405657692671338499e-01,1.419695369818106123e-01,1.435109584770488944e-01,1.451879479991774746e-01,1.469981667253157098e-01,1.489390347842724227e-01,1.510077384086168095e-01,1.532012223163115305e-01,1.555162288343590049e-01,1.579492497127908679e-01,1.604965875709166434e-01,1.631543196202939194e-01,1.659183300613514267e-01,1.687843042657628800e-01,1.717477649947848906e-01,1.748040215317174795e-01,1.779482401129330038e-01,1.811754270919024856e-01,1.844804361256984770e-01,1.878579731749913106e-01,1.913026361243099771e-01,1.948088796722014238e-01,1.983710700002251637e-01,2.019834729605986534e-01,2.056402730704465498e-01,2.093355661207886020e-01,2.130634071399207241e-01,2.168177731807268416e-01,2.205926404031536558e-01,2.243819349995725687e-01,2.281795740307819287e-01,2.319794746286829856e-01,2.357755661231106803e-01,2.395618048431513991e-01,2.433321826973345037e-01,2.470807241765027584e-01,2.508015457379314528e-01,2.544887942774109457e-01,2.581367473526416934e-01,2.617397378745149328e-01,2.652922375139823985e-01,2.687888141483364413e-01,2.722241804976918700e-01,2.755931845178287154e-01,2.788908325558282497e-01,2.821122797151319750e-01,2.852528560674017499e-01,2.883080970738049476e-01,2.912736973481631075e-01,2.941455610646749874e-01,2.969198066442021999e-01,2.995927769504362348e-01,3.021610077386355786e-01,3.046212973848800853e-01,3.069706685917591993e-01,3.092063887336750083e-01,3.113259601612597960e-01,3.133271594208625888e-01,3.152080146175154085e-01,3.169668218403171034e-01,3.186021198439543678e-01,3.201127445957269169e-01,3.214977918730334006e-01,3.227566116118147366e-01,3.238888649742803216e-01,3.248944410531905969e-01,3.257735504953775951e-01,3.265266323383668179e-01,3.271544371242260385e-01,3.276579431297025891e-01,3.280384371845832536e-01,3.282974423080204929e-01,3.284367497867666796e-01,3.284584108467080710e-01,3.283647257746790671e-01,3.281582349691840594e-01,3.278417442317282382e-01,3.274182518071986903e-01,3.268910184737205959e-01,3.262635028892404421e-01,3.255393957282061712e-01,3.247225841415569136e-01,3.238171278256746777e-01,3.228273117214568999e-01,3.217575650061384462e-01,3.206124921274430828e-01,3.193968804870730427e-01,3.181156192145517814e-01,3.167737572720816241e-01,3.153764700304689805e-01,3.139290238109149755e-01,3.124368143950160270e-01,3.109053144572464511e-01,3.093400594130285564e-01,3.077466677999428635e-01,3.061307988364951882e-01,3.044981517818471928e-01,3.028544560045860479e-01,3.012054744586449839e-01,2.995569338985323848e-01,2.979145890661562546e-01,2.962841217363314517e-01,2.946712341548096137e-01,2.930815474456660019e-01,2.915206300653684912e-01,2.899939763538977866e-01,2.885069923422431959e-01,2.870650018808326709e-01,2.856732122896238901e-01,2.843366999019762420e-01,2.830604378579387737e-01,2.818492486798661045e-01,2.807077783937597659e-01,2.796405425663284761e-01,2.786518889772502394e-01,2.777459477728028148e-01,2.769267032502317760e-01,2.761979148763897829e-01,2.755631595645469667e-01,2.750257701996012272e-01,2.745888976616905341e-01,2.742554218577179515e-01,2.740280376602487467e-01,2.739091584724491213e-01,2.739009940329942827e-01,2.740054645813581047e-01,2.742242789232982036e-01,2.745588550852894882e-01,2.750103881842781428e-01,2.755797734057365278e-01,2.762676901252282824e-01,2.770745017487249995e-01,2.780003527165011423e-01,2.790451016105642279e-01,2.802083503502757478e-01,2.814894286149289826e-01,2.828874191674553007e-01,2.844011296091910612e-01,2.860291383989898018e-01,2.877697340004947701e-01,2.896209950498201402e-01,2.915807170746059773e-01,2.936465067644354887e-01,2.958156743958991197e-01,2.980853449346703710e-01,3.004524023478662431e-01,3.029135375610634284e-01,3.054651999461999723e-01,3.081036647075246493e-01,3.108250021184364442e-01,3.136250997301274768e-01,3.164996687000504183e-01,3.194442531314664602e-01,3.224542368052694119e-01,3.255248781087178300e-01,3.286512575242835354e-01,3.318283570103829905e-01,3.350510214312458768e-01,3.383140232197292541e-01,3.416119954961555072e-01,3.449395235959167305e-01,3.482910799674938662e-01,3.516611070986247478e-01,3.550439822478801410e-01,3.584340496667628995e-01,3.618256025987066082e-01,3.652129479856481842e-01,3.685903606885485018e-01,3.719521395128828067e-01,3.752925739022525686e-01,3.786060054700362554e-01,3.818868008525519442e-01,3.851293834892595136e-01,3.883282126642512710e-01,3.914778615756526192e-01,3.945729252540250975e-01,3.976081592663434083e-01,4.005783418571286503e-01,4.034784248625031267e-01,4.063034377354380888e-01,4.090485529830280020e-01,4.117090904984312405e-01,4.142804788819082762e-01,4.167583456799053288e-01,4.191384382612655668e-01,4.214166953295080953e-01,4.235892202030849818e-01,4.256522976591912699e-01,4.276023936036290052e-01,4.294361703452947432e-01,4.311504840227934343e-01,4.327423989684547334e-01,4.342091812798588579e-01,4.355482861502571468e-01,4.367574267713966174e-01,4.378344886477584241e-01,4.387775954658916233e-01,4.395850719597996226e-01,4.402554902304403051e-01,4.407876423668053434e-01,4.411805089259651647e-01,4.414333255101627329e-01,4.415455351643210458e-01,4.415168231787737207e-01,4.413470579235601599e-01,4.410363654863663774e-01,4.405850547100650383e-01,4.399936847231231130e-01,4.392629785414813859e-01,4.383939182645628652e-01,4.373876441414354388e-01,4.362455266376465968e-01,4.349691119157782504e-01,4.335601558209563611e-01,4.320205992679845286e-01,4.303525362840284196e-01,4.285582660784516551e-01,4.266402312676157993e-01,4.246010654046984967e-01,4.224435359713662463e-01,4.201705730545385875e-01,4.177852367702346581e-01,4.152907317574405788e-01,4.126903909407779736e-01,4.099876550117954599e-01,4.071861105431379690e-01,4.042894185543805530e-01,4.013013425082319063e-01,3.982257551681419039e-01,3.950665857271318249e-01,3.918278637840920675e-01,3.885136725538672620e-01,3.851281506361949880e-01,3.816755067405593893e-01,3.781599617093349686e-01,3.745858066714664036e-01,3.709573320683699493e-01,3.672788764975695730e-01,3.635547708000138045e-01,3.597893478457804273e-01,3.559869538693274382e-01,3.521519198354882141e-01,3.482885686454795793e-01,3.444011851583655970e-01,3.404940446013838273e-01,3.365713641388499155e-01,3.326373489637892145e-01,3.286961162520127266e-01,3.247517730604811970e-01,3.208083421188267503e-01,3.168697914956153938e-01,3.129400185927719291e-01,3.090228267398666961e-01,3.051219962032338806e-01,3.012411564992284463e-01,2.973839067179529505e-01,2.935537354610382454e-01,2.897540165515324895e-01,2.859880639663799906e-01,2.822590756805424816e-01,2.785701551606550863e-01,2.749242833683292475e-01,2.713243713880680308e-01,2.677731845074998174e-01,2.642734036080380822e-01,2.608275947191366906e-01,2.574382121799437817e-01,2.541076036297452156e-01,2.508379964654310346e-01,2.476315094130835393e-01,2.444901608374893121e-01,2.414158459982065352e-01,2.384103564460015312e-01,2.354753756355379979e-01,2.326124672314126007e-01,2.298230966312845291e-01,2.271086314462466282e-01,2.244703178705165780e-01,2.219093093341476530e-01,2.194266563549409355e-01,2.170233191934332895e-01,2.147001472107100406e-01,2.124579064207351153e-01,2.102972783270877222e-01,2.082188211695194247e-01,2.062230525386166968e-01,2.043103758785665691e-01,2.024811241848987475e-01,2.007355363399073722e-01,1.990737900675284833e-01,1.974960073387382609e-01,1.960022077353656966e-01,1.945923462779897140e-01,1.932663289054300515e-01,1.920239906155414011e-01,1.908651123464683574e-01,1.897894198836643787e-01,1.887965698925176405e-01,1.878861769653517588e-01,1.870578159813690577e-01,1.863109937624715939e-01,1.856452032301838806e-01,1.850598452620241530e-01,1.845543412222957480e-01,1.841280325153459019e-01,1.837802373133803346e-01,1.835102273325914246e-01,1.833172713125061637e-01,1.832005653141706158e-01,1.831593155538792650e-01,1.831926713727425882e-01,1.832997608757522545e-01,1.834796947192693650e-01,1.837315405810956981e-01
5.327526673116038669e-01,5.361811769861858368e-01,5.396424212525954278e-01,5.431328597141998893e-01,5.466490109980255419e-01,5.501873780873899333e-01,5.537445411231222137e-01,5.573170769804692837e-01,5.609016208790209568e-01,5.644948269272154207e-01,5.680934182502329621e-01,5.716941252732997691e-01,5.752937508593594096e-01,5.788891724878486578e-01,5.824772694351580959e-01,5.860549839031639063e-01,5.896193392739580430e-01,5.931674061291102307e-01,5.966962933899023769e-01,6.002032102146606096e-01,6.036853839304943126e-01,6.071401228785950899e-01,6.105648213558340087e-01,6.139568970833035877e-01,6.173138607816652801e-01,6.206332704959456326e-01,6.239127801775257165e-01,6.271500686065420993e-01,6.303429209020351420e-01,6.334891850046403539e-01,6.365867311643236270e-01,6.396335692889654201e-01,6.426277195086698146e-01,6.455672896563661167e-01,6.484504646235484948e-01,6.512754962389760705e-01,6.540406774598247486e-01,6.567444002547627724e-01,6.593851246076150030e-01,6.619613367525245540e-01,6.644716471840496075e-01,6.669147024144618241e-01,6.692892182212232255e-01,6.715939691743478823e-01,6.738278013272346323e-01,6.759896574512915812e-01,6.780785010741985364e-01,6.800933920642450170e-01,6.820334371026882669e-01,6.838978392467609524e-01,6.856858184082287311e-01,6.873967098012647714e-01,6.890298847171950625e-01,6.905848067492571518e-01,6.920609520783166380e-01,6.934579578214339346e-01,6.947754272950075194e-01,6.960130995457481928e-01,6.971707502570140269e-01,6.982482280720451184e-01,6.992454437751212115e-01,7.001624290340582313e-01,7.009991881257172652e-01,7.017558750207746332e-01,7.024327000412882160e-01,7.030299004946038988e-01,7.035478376696322478e-01,7.039869463904312452e-01,7.043476667092691823e-01,7.046306222607279235e-01,7.048363823054120125e-01,7.049656867760486501e-01,7.050193374976799765e-01,7.049981623155698873e-01,7.049031276423716186e-01,7.047352506030304387e-01,7.044956161166734399e-01,7.041853875362753534e-01,7.038058440248287084e-01,7.033582946338005071e-01,7.028441754806923347e-01,7.022649364989069776e-01,7.016221979994773372e-01,7.009175825952553840e-01,7.001528479348411160e-01,6.993297806529173988e-01,6.984503179001338991e-01,6.975163787773449586e-01,6.965300529201740032e-01,6.954934933486953685e-01,6.944088673200067285e-01,6.932785032552207793e-01,6.921047386815789570e-01,6.908900538531795865e-01,6.896369194423348503e-01,6.883479758041701757e-01,6.870258384368531646e-01,6.856732959298768026e-01,6.842930973235337166e-01,6.828881354925183667e-01,6.814613457904029614e-01,6.800157095702877852e-01,6.785542936701599581e-01,6.770801723731934008e-01,6.755965413528893793e-01,6.741065854239874922e-01,6.726135737926098868e-01,6.711208088598733523e-01,6.696316089908664893e-01,6.681493698018418081e-01,6.666774788471286906e-01,6.652193953366914991e-01,6.637785354120367964e-01,6.623584086047478170e-01,6.609624576801319540e-01,6.595942227289987025e-01,6.582571593667398968e-01,6.569547890320470707e-01,6.556905913842999700e-01,6.544680315913299351e-01,6.532905832068729435e-01,6.521616547852899792e-01,6.510846561650046604e-01,6.500629680654719245e-01,6.490998955130361514e-01,6.481987244856988184e-01,6.473626762155184622e-01,6.465949035844503756e-01,6.458985224132632874e-01,6.452765384483853950e-01,6.447318940613182559e-01,6.442674599364375254e-01,6.438860049766448324e-01,6.435901945256510270e-01,6.433825991159362045e-01,6.432656879988002396e-01,6.432417830960949212e-01,6.433131294996909944e-01,6.434818148197959387e-01,6.437498014684137626e-01,6.441189265157410970e-01,6.445908639126165518e-01,6.451671466082943285e-01,6.458491650141255924e-01,6.466381552844830960e-01,6.475351471644552603e-01,6.485410533036164438e-01,6.496566166184878366e-01,6.508823505040988167e-01,6.522186490686883165e-01,6.536656876170857666e-01,6.552234948007640281e-01,6.568918568498713917e-01,6.586704329992381091e-01,6.605586199611466203e-01,6.625556987979333012e-01,6.646606787636278879e-01,6.668724429737958870e-01,6.691896293865738921e-01,6.716107018170240917e-01,6.741338940305017235e-01,6.767573142097379479e-01,6.794787828836525989e-01,6.822959984005751988e-01,6.852064343402693991e-01,6.882073702062734277e-01,6.912959058100127674e-01,6.944689775381894803e-01,6.977232797475062531e-01,7.010553670189338948e-01,7.044616116091259039e-01,7.079382512408176620e-01,7.114812727304553608e-01,7.150865839770412791e-01,7.187498819583515441e-01,7.224667497505761204e-01,7.262325928131311281e-01,7.300427174689317900e-01,7.338922550507410714e-01,7.377762686598531294e-01,7.416896367158776204e-01,7.456271889255270402e-01,7.495836405850792028e-01,7.535535610654895411e-01,7.575315502937391976e-01,7.615120193820843486e-01,7.654893711542929413e-01,7.694579374908356861e-01,7.734120247191614839e-01,7.773458868143812150e-01,7.812537308768294775e-01,7.851298126929020516e-01,7.889682860602639236e-01,7.927634114786744624e-01,7.965093973733918808e-01,8.002004680156812322e-01,8.038309385116778616e-01,8.073951635675951088e-01,8.108874832737370530e-01,8.143023864673192280e-01,8.176344161541273525e-01,8.208781716738968726e-01,8.240284133028952240e-01,8.270799487412916484e-01,8.300277345335651535e-01,8.328668401685519473e-01,8.355925181619453523e-01,8.382001034622976743e-01,8.406851477592760524e-01,8.430433343891832187e-01,8.452705377782249174e-01,8.473628000228903279e-01,8.493163993023467029e-01,8.511277658730961315e-01,8.527935471611659546e-01,8.543106437244730733e-01,8.556761124444881572e-01,8.568873353203909637e-01,8.579418365706646954e-01,8.588374211758281751e-01,8.595721654956889335e-01,8.601443448786112445e-01,8.605525257365479463e-01,8.607955328290661789e-01,8.608724554540532203e-01,8.607826064690038415e-01,8.605256469918620699e-01,8.601014323861541078e-01,8.595101242522684704e-01,8.587521761433998257e-01,8.578282706794323476e-01,8.567394001520638458e-01,8.554867888052117841e-01,8.540720060691859850e-01,8.524967995091469186e-01,8.507632413011287920e-01,8.488736550922901802e-01,8.468306130127112308e-01,8.446369650167997456e-01,8.422957915765431069e-01,8.398104633388391305e-01,8.371845049258718197e-01,8.344217736851868850e-01,8.315263034294463340e-01,8.285023582746956494e-01,8.253544065015543385e-01,8.220871655654147236e-01,8.187055291431459825e-01,8.152145530978964771e-01,8.116194914256774640e-01,8.079258082024064480e-01,8.041390842105181624e-01,8.002650403094966336e-01,7.963096026347773471e-01,7.922787754760950429e-01,7.881786736863257703e-01,7.840155850023365902e-01,7.797958237749804677e-01,7.755258083621285881e-01,7.712120599270270160e-01,7.668611098055435615e-01,7.624795986081577270e-01,7.580741281371704554e-01,7.536514158317286771e-01,7.492180836681809897e-01,7.447808371237684133e-01,7.403463297758061668e-01,7.359211961001470570e-01,7.315120058857950136e-01,7.271253274160500712e-01,7.227676148566331005e-01,7.184452664425279300e-01,7.141645772969407169e-01,7.099317742254069863e-01,7.057529334627740125e-01,7.016340091559150061e-01,6.975808605514148830e-01,6.935991403203481953e-01,6.896943664407783059e-01,6.858719130177164391e-01,6.821369428858153894e-01,6.784944328723747642e-01,6.749491777555125527e-01,6.715057401777587698e-01,6.681684993015379881e-01,6.649415922070888163e-01,6.618288953324119595e-01,6.588340957243336016e-01,6.559606015700714110e-01,6.532115853692920249e-01,6.505899508826451516e-01,6.480983340848689433e-01,6.457391070874178851e-01,6.435143599899011413e-01,6.414259491610883046e-01,6.394753812751642341e-01,6.376639284414405973e-01,6.359925891883384530e-01,6.344620326974897973e-01,6.330726621111680830e-01,6.318246078741163174e-01,6.307177030352859592e-01,6.297514732392436310e-01,6.289252146700994306e-01,6.282378733777310709e-01,6.276881709949326815e-01,6.272745421326175741e-01,6.269951100042470138e-01,6.268477794872242548e-01,6.268301812944067075e-01,6.269396632657451285e-01,6.271733481168639823e-01,6.275280938771801154e-01,6.280005366594013649e-01,6.285870704797680286e-01,6.292838778635863051e-01,6.300869098447250405e-01,6.309919148241509568e-01,6.319944652479392300e-01,6.330899043840819695e-01,6.342734332549646581e-01,6.355400759015439327e-01,6.368846908792745731e-01,6.383019850487342550e-01,6.397865509022040431e-01,6.413328486865225164e-01,6.429352088651101305e-01,6.445878706284702275e-01,6.462849951784046532e-01,6.480206461277624452e-01,6.497888577630649420e-01,6.515835516735697386e-01,6.533986631113023469e-01,6.552280918154742562e-01,6.570656970879954484e-01,6.589053204301930089e-01,6.607408854853037417e-01,6.625662663118666584e-01,6.643753968963949097e-01,6.661622531472032316e-01,6.679208860396583791e-01,6.696453857238179319e-01,6.713299609486119701e-01,6.729688459318419191e-01,6.745564827535883712e-01,6.760873223516363772e-01,6.775560287271992221e-01,6.789573266246126115e-01,6.802861540237301607e-01,6.815375628553814735e-01,6.827067682450703723e-01,6.837892028440109016e-01,6.847804273288871091e-01,6.856762383034041841e-01,6.864725932597635083e-01,6.871656991814981685e-01,6.877519587255598310e-01,6.882279597262740412e-01,6.885905832596099785e-01,6.888368866508275401e-01,6.889641927113518971e-01,6.889700642180000001e-01,6.888522973829490637e-01,6.886089348585343606e-01,6.882383138679714074e-01,6.877389357024028538e-01,6.871096936476576156e-01,6.863496021586117379e-01,6.854580156793147472e-01,6.844345261238382605e-01,6.832790101908184921e-01,6.819915505956967161e-01,6.805725359768283189e-01,6.790225904708264704e-01,6.773426012543981578e-01,6.755336970140110031e-01,6.735972592023129479e-01,6.715349274340189911e-01,6.693485616209980948e-01,6.670402700203135193e-01,6.646123877288045989e-01,6.620674816685131470e-01,6.594083496188350990e-01,6.566379632315471060e-01,6.537595507756255309e-01,6.507765351353398398e-01,6.476924744056929972e-01,6.445111942686381212e-01,6.412366334030872306e-01,6.378729543198037311e-01,6.344244458725083469e-01,6.308955771155877468e-01,6.272908990683873087e-01,6.236151686543557338e-01,6.198732362144305785e-01,6.160700860235508447e-01,6.122107866421994116e-01,6.083004946896315435e-01,6.043444984924368768e-01,6.003481107056169996e-01,5.963167460174071399e-01,5.922558712485759269e-01,5.881709828663733708e-01,5.840676211738520252e-01,5.799513638599720355e-01,5.758277473781249212e-01,5.717024228924827423e-01,5.675809222793504194e-01,5.634688673950329907e-01,5.593717623790057658e-01,5.552951417927288746e-01,5.512444394959766791e-01,5.472251215891549281e-01,5.432425031474891197e-01,5.393019027145049549e-01,5.354084999979188408e-01,5.315674429698913350e-01,5.277837303580426020e-01,5.240622948296125294e-01,5.204079479527102814e-01,5.168253730148751890e-01,5.133191522940301343e-01,5.098937170014782305e-01,5.065533721263910660e-01,5.033022452467947883e-01,5.001443732470138848e-01,4.970836008754835889e-01
1.739052398014734324e-01,1.751110531366726619e-01,1.762405868432985190e-01,1.772913815152789008e-01,1.782610926109723104e-01,1.791475162335164073e-01,1.799485397952751142e-01,1.806621921849536627e-01,1.812866314065252060e-01,1.818201415869199478e-01,1.822611442318765873e-01,1.826082091529779294e-01,1.828600315491065997e-01,1.830154596027196712e-01,1.830734887719675519e-01,1.830332560652284668e-01,1.828940532137779962e-01,1.826553179267161042e-01,1.823166519744926772e-01,1.818778006714062978e-01,1.813386689641157679e-01,1.806993190058313326e-01,1.799599597525312622e-01,1.791209704369257916e-01,1.781828756412782433e-01,1.771463615912751977e-01,1.760122700735856638e-01,1.747815953090379459e-01,1.734554884389219731e-01,1.720352491506717818e-01,1.705223307281779621e-01,1.689183308226131497e-01,1.672250089851853305e-01,1.654442532462032101e-01,1.635780945197002623e-01,1.616287259582752378e-01,1.595984486725508245e-01,1.574897177281428529e-01,1.553051088107718358e-01,1.530473314412218178e-01,1.507192104138694311e-01,1.483236998259462869e-01,1.458638619431297245e-01,1.433428674859612006e-01,1.407640022859171502e-01,1.381306457993698167e-01,1.354462803993656816e-01,1.327144767593474717e-01,1.299388955081651476e-01,1.271232657612132166e-01,1.242714053494527737e-01,1.213872002583334248e-01,1.184745991971026396e-01,1.155376054433024935e-01,1.125802758539856535e-01,1.096067168782154655e-01,1.066210759918863882e-01,1.036275286784963390e-01,1.006302798475142146e-01,9.763355686864601257e-02,9.464159888953553590e-02,9.165866047932244576e-02,8.868899149741307775e-02,8.573683953780091016e-02,8.280643545829066698e-02,7.990200122205083633e-02,7.702772913283982559e-02,7.418777989441320553e-02,7.138628415800395144e-02,6.862731731425561477e-02,6.591492070576521201e-02,6.325306418052009660e-02,6.064566101080174493e-02,5.809656067480336444e-02,5.560953534510841567e-02,5.318827449278182989e-02,5.083637962456975801e-02,4.855737275671421355e-02,4.635466601188571734e-02,4.423157293192017669e-02,4.219130060881107203e-02,4.023694590864541898e-02,3.837147907119738133e-02,3.659776005019290540e-02,3.491851358131596583e-02,3.333633259803867738e-02,3.185368194253462154e-02,3.047287946827051397e-02,2.919610431309349954e-02,2.802538982622929109e-02,2.696261687554700817e-02,2.600951655044091149e-02,2.516765897650256878e-02,2.443846210312603656e-02,2.382318083969495182e-02,2.332291013494133466e-02,2.293857879072740136e-02,2.267094611985514055e-02,2.252060827072953353e-02,2.248799551217419215e-02,2.257336733109687951e-02,2.277680861568919315e-02,2.309823950921775781e-02,2.353741235238412596e-02,2.409390805683140832e-02,2.476712946681726077e-02,2.555632886118057792e-02,2.646057981466214126e-02,2.747879643613440961e-02,2.860971910781226479e-02,2.985193162697104274e-02,3.120386642385363299e-02,3.266378440695724694e-02,3.422979384367447891e-02,3.589986162091796801e-02,3.767178992026681827e-02,3.954324442203358686e-02,4.151175119453627549e-02,4.357468498707785243e-02,4.572929668435852385e-02,4.797270837560407841e-02,5.030190378953115077e-02,5.271375845593594817e-02,5.520501731500939563e-02,5.777232740412795858e-02,6.041221955071183342e-02,6.312113123314556928e-02,6.589539351533683920e-02,6.873125589852191464e-02,7.162487518743879122e-02,7.457233731769631613e-02,7.756964980185665492e-02,8.061275695468175795e-02,8.369753866822789157e-02,8.681982057761039595e-02,8.997538270576342645e-02,9.315996481790021766e-02,9.636926183952727876e-02,9.959895644554510319e-02,1.028446949783323738e-01,1.061021147966896144e-01,1.093668333145311755e-01,1.126344828318328745e-01,1.159006869441452786e-01,1.191610871825123374e-01,1.224113389813872715e-01,1.256471190570240537e-01,1.288641378404931093e-01,1.320581450475412921e-01,1.352249225759063755e-01,1.383603183662580061e-01,1.414602171212691606e-01,1.445205820608993497e-01,1.475374285897851079e-01,1.505068589116869970e-01,1.534250423328887003e-01,1.562882466393685499e-01,1.590928149034554762e-01,1.618351990759588355e-01,1.645119387897591712e-01,1.671196892606853501e-01,1.696552112237793564e-01,1.721153870345412673e-01,1.744972100266336534e-01,1.767977973086258814e-01,1.790144004576583181e-01,1.811444024541008224e-01,1.831853192298542043e-01,1.851347980971763119e-01,1.869906407008539440e-01,1.887507892503441642e-01,1.904133284528502779e-01,1.919765006239118332e-01,1.934386934560753946e-01,1.947984603999819431e-01,1.960544908981257384e-01,1.972056533743654638e-01,1.982509692489717312e-01,1.991896161753317074e-01,2.000209265124850977e-01,2.007444065881063833e-01,2.013597176273444200e-01,2.018666943802856772e-01,2.022653119354081430e-01,2.025557196206109745e-01,2.027382311129266312e-01,2.028133005337036110e-01,2.027815723269214554e-01,2.026438174003126480e-01,2.024009744649816755e-01,2.020541377662863902e-01,2.016045483675659167e-01,2.010535934017093906e-01,2.004028159828742384e-01,1.996538933346078404e-01,1.988086542261301715e-01,1.978690398243522774e-01,1.968371652737651856e-01,1.957152310801088257e-01,1.945055965109812046e-01,1.932107376411359156e-01,1.918332377955304646e-01,1.903758060957059794e-01,1.888412462440443584e-01,1.872324843186947974e-01,1.855525394755731805e-01,1.838045243669665652e-01,1.819916387589105844e-01,1.801171749431123570e-01,1.781844998646433809e-01,1.761970552760107056e-01,1.741583657842010746e-01,1.720719892549985586e-01,1.699415708265907821e-01,1.677707891476133417e-01,1.655633865679347061e-01,1.633231183040787238e-01,1.610538046805636281e-01,1.587592771423539106e-01,1.564433957676369946e-01,1.541100337910859541e-01,1.517630756425238647e-01,1.494064162974450549e-01,1.470439526572630828e-01,1.446795540532857527e-01,1.423171050201643695e-01,1.399604538809989529e-01,1.376134289098580044e-01,1.352798329214262296e-01,1.329634269015791959e-01,1.306679352584380616e-01,1.283970384310035850e-01,1.261543547844612978e-01,1.239434562022440067e-01,1.217678447511833240e-01,1.196309641303546223e-01,1.175361737406495632e-01,1.154867680348984765e-01,1.134859462159753113e-01,1.115368340702187350e-01,1.096424610517096748e-01,1.078057602140930216e-01,1.060295665659873460e-01,1.043166125584091830e-01,1.026695191730725432e-01,1.010908075561734176e-01,9.958287845784832837e-02,9.814801041497440981e-02,9.678836783530407606e-02,9.550599553511743278e-02,9.430280698926686578e-02,9.318059183882419771e-02,9.214099841170600436e-02,9.118556015799311742e-02,9.031566240147177738e-02,8.953255769215719140e-02,8.883736595049483709e-02,8.823106732982635703e-02,8.771449252478107084e-02,8.728834722665786139e-02,8.695318187258987974e-02,8.670942093694809782e-02,8.655733168988052895e-02,8.649705379007258110e-02,8.652856462315455799e-02,8.665173016684424301e-02,8.686625278656463778e-02,8.717170125410547699e-02,8.756751325826346577e-02,8.805298555046442432e-02,8.862727358661200150e-02,8.928940480471564412e-02,9.003827424979859995e-02,9.087264385752046036e-02,9.179115262792338081e-02,9.279230583029790536e-02,9.387449676290972322e-02,9.503599286524604117e-02,9.627494180749283925e-02,9.758937744764067945e-02,9.897723488518718471e-02,1.004363202612936351e-01,1.019643556384567107e-01,1.035589492076502971e-01,1.052176198210831026e-01,1.069377902373588041e-01,1.087167974462671938e-01,1.105518917938693585e-01,1.124402464251914036e-01,1.143789489613698529e-01,1.163650311715573316e-01,1.183954386211242549e-01,1.204670794754394703e-01,1.225767830850853779e-01,1.247213380557142814e-01,1.268974789233736078e-01,1.291018961053223557e-01,1.313312475404271873e-01,1.335821610722573716e-01,1.358512309535154228e-01,1.381350290002252845e-01,1.404301047268810276e-01,1.427330077592070534e-01,1.450402639528459714e-01,1.473484184858147306e-01,1.496539928650564844e-01,1.519535359739061509e-01,1.542436030680526537e-01,1.565207689221064513e-01,1.587816249860648510e-01,1.610228021459286785e-01,1.632409448706838018e-01,1.654327634267731273e-01,1.675949781386431303e-01,1.697243774290407847e-01,1.718177958958107543e-01,1.738721297886670070e-01,1.758843215048880304e-01,1.778513911299285932e-01,1.797704198709866585e-01,1.816385681082138548e-01,1.834530774210030024e-01,1.852112509423523012e-01,1.869105078228487649e-01,1.885483249323655353e-01,1.901222913726928754e-01,1.916300807830867703e-01,1.930694746870664502e-01,1.944383514522060596e-01,1.957346924316950842e-01,1.969565949699597918e-01,1.981022566184043321e-01,1.991700001437985423e-01,2.001582465692567092e-01,2.010655507507670692e-01,2.018905817522603507e-01,2.026321256415885563e-01,2.032890962925043843e-01,2.038605262869869206e-01,2.043455832085902812e-01,2.047435625676251869e-01,2.050538563541353665e-01,2.052760347548250874e-01,2.054097710488432815e-01,2.054548631524552305e-01,2.054112439420197889e-01,2.052789756426593448e-01,2.050582619226291869e-01,2.047494121549729151e-01,2.043528964449333740e-01,2.038692836426723443e-01,2.032992767988582861e-01,2.026437197203601326e-01,2.019035616141066913e-01,2.010798936224166833e-01,2.001739110837029711e-01,1.991869349924213772e-01,1.981204223585236457e-01,1.969759217622623071e-01,1.957551047480373951e-01,1.944597479971687248e-01,1.930917584648529639e-01,1.916531267412626138e-01,1.901459558949374351e-01,1.885724440843133398e-01,1.869348878901517241e-01,1.852356895272386228e-01,1.834773234520459539e-01,1.816623564254412349e-01,1.797934377859259913e-01,1.778733111083857787e-01,1.759047696587699439e-01,1.738906890738491640e-01,1.718340223784852461e-01,1.697377658566943670e-01,1.676049847804674808e-01,1.654387986902462193e-01,1.632423721897637570e-01,1.610189159064955855e-01,1.587716795864267394e-01,1.565039536272466170e-01,1.542190486850177344e-01,1.519203117293594085e-01,1.496110969139917701e-01,1.472947873903534266e-01,1.449747691895256485e-01,1.426544325245747424e-01,1.403371847949984319e-01,1.380264066803560397e-01,1.357254749909615754e-01,1.334377626030786024e-01,1.311666192694716238e-01,1.289153580287753786e-01,1.266872846258987884e-01,1.244856455616895341e-01,1.223136720814758521e-01,1.201745349907473170e-01,1.180713610407083392e-01,1.160072260453122450e-01,1.139851524966536134e-01,1.120080813266217112e-01,1.100789120319787540e-01,1.082004528021304757e-01,1.063754363579015316e-01,1.046065369297702885e-01,1.028963218468902929e-01,1.012472776323857099e-01,9.966179472749982227e-02,9.814218020282655663e-02,9.669063225644922155e-02,9.530924972016201202e-02,9.400001807301688883e-02,9.276482033589593390e-02,9.160543025702397313e-02,9.052349681362242828e-02,8.952055327142723062e-02,8.859802195272591108e-02,8.775719254331025565e-02,8.699923117711950982e-02,8.632517722090611578e-02,8.573594743387723260e-02,8.523231432976415001e-02,8.481493017352789709e-02,8.448430904135875719e-02,8.424082980521870045e-02,8.408474314075002620e-02,8.401615132052964174e-02
4.614864782105589786e-02,4.551915033905565289e-02,4.488398570414000449e-02,4.424434634253038290e-02,4.360143368667699498e-02,4.295645337722257817e-02,4.231061222694984525e-02,4.166512410145419704e-02,4.102119634791376312e-02,4.038003550335972358e-02,3.974284031309949228e-02,3.911080328023312791e-02,3.848510464441660950e-02,3.786691296262690437e-02,3.725738120081366345e-02,3.665764655619799944e-02,3.606882502037096760e-02,3.549201290122399460e-02,3.492828342414890097e-02,3.437868075620287983e-02,3.384422648523852800e-02,3.332591057518875799e-02,3.282469149956972893e-02,3.234149703290184474e-02,3.187721882204148233e-02,3.143271129966453831e-02,3.100879472455452326e-02,3.060624606203539433e-02,3.022580661231324267e-02,2.986817271748778285e-02,2.953399759851793940e-02,2.922389139824864424e-02,2.893842098022840481e-02,2.867810411433630371e-02,2.844341346568836706e-02,2.823477406020501179e-02,2.805256282101871446e-02,2.789710872532798203e-02,2.776868943048439731e-02,2.766753563431645010e-02,2.759382805788788626e-02,2.754769628128751410e-02,2.752922008956283292e-02,2.753843204625866861e-02,2.757531297662949715e-02,2.763979364252469942e-02,2.773175929432480577e-02,2.785104305331879276e-02,2.799743179701534579e-02,2.817066555808468362e-02,2.837043677015103210e-02,2.859639248010593937e-02,2.884813678780718052e-02,2.912522629860801737e-02,2.942717809609034577e-02,2.975346694710975792e-02,3.010352548249943527e-02,3.047674930926100312e-02,3.087249721710253261e-02,3.129008866679160172e-02,3.172881122530453457e-02,3.218791985508877296e-02,3.266663303335211321e-02,3.316414530086089774e-02,3.367962061315021155e-02,3.421219667362954825e-02,3.476098622017123607e-02,3.532508044729239932e-02,3.590354892603518644e-02,3.649544105779879699e-02,3.709979357774718239e-02,3.771562319072465502e-02,3.834193616054047682e-02,3.897772703328849370e-02,3.962198262583367658e-02,4.027367990126236308e-02,4.093179387523513540e-02,4.159529281014618524e-02,4.226314721552955345e-02,4.293432719445477302e-02,4.360780334913596373e-02,4.428255348166728472e-02,4.495756255774319143e-02,4.563182029730700889e-02,4.630432961658603047e-02,4.697410519738250134e-02,4.764017438217624939e-02,4.830157833133773976e-02,4.895738072905176513e-02,4.960665700386348437e-02,5.024850885353997210e-02,5.088205380700187158e-02,5.150643945944411578e-02,5.212083098333747389e-02,5.272442532244596414e-02,5.331644091967038812e-02,5.389612971567485367e-02,5.446277012930929307e-02,5.501567104061854535e-02,5.555417350801469811e-02,5.607764956399348411e-02,5.658550812634279698e-02,5.707718729022273618e-02,5.755216160671489112e-02,5.800994326944459989e-02,5.845007414713590532e-02,5.887213846271130424e-02,5.927575286426398082e-02,5.966057361889550575e-02,6.002629063046629326e-02,6.037263324340919751e-02,6.069936762502876892e-02,6.100629882065398274e-02,6.129326455502285415e-02,6.156014043718055495e-02,6.180684366426416471e-02,6.203332142582555081e-02,6.223955985271505120e-02,6.242558274574782490e-02,6.259144278375340653e-02,6.273723388422360048e-02,6.286307872632214411e-02,6.296913336362253144e-02,6.305559231577725909e-02,6.312267064514473502e-02,6.317062725044371441e-02,6.319973866928586814e-02,6.321031904532813106e-02,6.320270482367013054e-02,6.317726335744691668e-02,6.313438477117477854e-02,6.307448359536259319e-02,6.299799767071455336e-02,6.290539452807857035e-02,6.279715297062972434e-02,6.267377492504927483e-02,6.253578414159204069e-02,6.238371610826749791e-02,6.221812906604944071e-02,6.203959100008203664e-02,6.184868610700759023e-02,6.164601067305865156e-02,6.143216929829090067e-02,6.120778138331482016e-02,6.097347214477684407e-02,6.072987260020521610e-02,6.047762055960582278e-02,6.021736009374583504e-02,5.994973832805097769e-02,5.967540299407907145e-02,5.939500342759873597e-02,5.910919108954696549e-02,5.881861320243610136e-02,5.852391574795869772e-02,5.822574037295127902e-02,5.792472620933887539e-02,5.762150602082039691e-02,5.731670446886850262e-02,5.701093820245960175e-02,5.670482031181613841e-02,5.639894809751204441e-02,5.609391190556220486e-02,5.579029158107538106e-02,5.548865424772739252e-02,5.518955244984399128e-02,5.489352904164495478e-02,5.460110953542466478e-02,5.431280874289821925e-02,5.402912287586351947e-02,5.375053531208570656e-02,5.347751066300648892e-02,5.321049984858749332e-02,5.294993468157007527e-02,5.269622953038757135e-02,5.244978421052095413e-02,5.221098038574902706e-02,5.198017773013277609e-02,5.175772063487544400e-02,5.154393628830999247e-02,5.133913239205788875e-02,5.114359788709418181e-02,5.095760311844860224e-02,5.078140215284270009e-02,5.061522744565120913e-02,5.045929569040418644e-02,5.031380403659427986e-02,5.017893349878684017e-02,5.005484659769306871e-02,4.994168571974616500e-02,4.983957862143483658e-02,4.974863503419979516e-02,4.966895014624726074e-02,4.960059837969759550e-02,4.954364051121133705e-02,4.949812291904272937e-02,4.946407177564772495e-02,4.944150259537006403e-02,4.943041328368895371e-02,4.943079074211688406e-02,4.944260168444865322e-02,4.946580691926208417e-02,4.950034826275160477e-02,4.954615568553842608e-02,4.960315045659433736e-02,4.967123752200618136e-02,4.975030988804784310e-02,4.984025443959067686e-02,4.994094187488567343e-02,5.005223549395835386e-02,5.017398801158298033e-02,5.030604184028684978e-02,5.044823095103389415e-02,5.060038139698937176e-02,5.076230562456787720e-02,5.093381439892920998e-02,5.111470703514031655e-02,5.130477615855156409e-02,5.150380843422704136e-02,5.171158189604597305e-02,5.192786760452064443e-02,5.215242783574150498e-02,5.238502641112371960e-02,5.262541416112449799e-02,5.287333907563212393e-02,5.312854281287112540e-02,5.339076250434945242e-02,5.365972735252598491e-02,5.393516544088553660e-02,5.421679819573940740e-02,5.450434222510054660e-02,5.479750872435254494e-02,5.509600413506520605e-02,5.539953365893812015e-02,5.570779490196676315e-02,5.602047995176146628e-02,5.633728225648203941e-02,5.665788569657548984e-02,5.698197262770458155e-02,5.730921882543944107e-02,5.763930067553849762e-02,5.797188260211805916e-02,5.830663568933825563e-02,5.864321613094954089e-02,5.898128360198825332e-02,5.932048979251607762e-02,5.966048634833729519e-02,6.000091702440819852e-02,6.034142356372374644e-02,6.068164273519028457e-02,6.102120908573762520e-02,6.135975232985039357e-02,6.169689949475174601e-02,6.203227351197194289e-02,6.236549420132510291e-02,6.269617422814605101e-02,6.302392774153008081e-02,6.334836648888081401e-02,6.366909435020871866e-02,6.398571581217074589e-02,6.429783116843257318e-02,6.460503927746039099e-02,6.490693756626182698e-02,6.520311657437381780e-02,6.549317171181455455e-02,6.577669454813268868e-02,6.605327328556252764e-02,6.632249814312339564e-02,6.658395691354616897e-02,6.683723923264368871e-02,6.708193685585657484e-02,6.731763411019757448e-02,6.754392479968381047e-02,6.776040256695753383e-02,6.796666320119036653e-02,6.816230070606002500e-02,6.834692158926589101e-02,6.852012765773531078e-02,6.868152766427079725e-02,6.883073806243542037e-02,6.896738028250311292e-02,6.909107852218097923e-02,6.920146655651995826e-02,6.929818577783861122e-02,6.938088758235208542e-02,6.944922652898918858e-02,6.950287418893118241e-02,6.954150948592134618e-02,6.956482321122661738e-02,6.957251606922389142e-02,6.956430299788135541e-02,6.953991342622042882e-02,6.949909054903670447e-02,6.944158854763218813e-02,6.936718737092573139e-02,6.927567009655107022e-02,6.916685165898170395e-02,6.904055166769079710e-02,6.889661594193331740e-02,6.873490659391036373e-02,6.855531105078654930e-02,6.835773032183535547e-02,6.814209069072439673e-02,6.790834200687891065e-02,6.765645455413070442e-02,6.738642015635561144e-02,6.709825954279845239e-02,6.679201380388966047e-02,6.646775168161295211e-02,6.612556356651468070e-02,6.576556993052912192e-02,6.538791219369845253e-02,6.499276653492526423e-02,6.458032485741928286e-02,6.415081609764987369e-02,6.370449174246622936e-02,6.324163029550562698e-02,6.276253865506636886e-02,6.226755431658721751e-02,6.175703665367362344e-02,6.123137700310967574e-02,6.069099220447566473e-02,6.013632758391167926e-02,5.956785455344528607e-02,5.898606976641856958e-02,5.839150132345104910e-02,5.778469909213765354e-02,5.716624067210704374e-02,5.653672655876105374e-02,5.589678449295375218e-02,5.524706589204977925e-02,5.458824244333948528e-02,5.392101269275455244e-02,5.324609297848961059e-02,5.256422594093720924e-02,5.187616648460823682e-02,5.118269434764759207e-02,5.048460794243109229e-02,4.978271727226030174e-02,4.907785322821996143e-02,4.837085802537673812e-02,4.766258994845592317e-02,4.695391821418692935e-02,4.624572110309717321e-02,4.553889019818271183e-02,4.483432076693208423e-02,4.413291958623068167e-02,4.343559387013751910e-02,4.274325728146713410e-02,4.205682475715888380e-02,4.137721331049107332e-02,4.070533612087118974e-02,4.004210574769768299e-02,3.938843043419540391e-02,3.874521050919527837e-02,3.811334302308508337e-02,3.749371096953821314e-02,3.688718928855763690e-02,3.629464012601926054e-02,3.571691306157095958e-02,3.515483634934904456e-02,3.460922714484161722e-02,3.408088023133749173e-02,3.357056865950758945e-02,3.307904694722556271e-02,3.260704254123749507e-02,3.215525958483972380e-02,3.172437159511210664e-02,3.131502886288349552e-02,3.092784829964394938e-02,3.056341638332203681e-02,3.022228859489596228e-02,2.990498223050788024e-02,2.961198638128151664e-02,2.934374546455885066e-02,2.910067460509034240e-02,2.888314384206332880e-02,2.869148922136765048e-02,2.852600244738317734e-02,2.838693277636403917e-02,2.827449261511599116e-02,2.818884681850305357e-02,2.813012003637906794e-02,2.809838856495171233e-02,2.809368931896337809e-02,2.811601090587673851e-02,2.816529620009326079e-02,2.824144564083643644e-02,2.834431115959747810e-02,2.847370020329677287e-02,2.862937336291680041e-02,2.881104750209473667e-02,2.901839395523581749e-02,2.925103640867668386e-02,2.950855689862276476e-02,2.979049164411619322e-02,3.009633411303848025e-02,3.042553344665515497e-02,3.077749855322215247e-02,3.115159440742825553e-02,3.154714919493997738e-02,3.196344771713299088e-02,3.239973864818197768e-02,3.285523291429468667e-02,3.332910635496007939e-02,3.382049888139270627e-02,3.432851936325735653e-02,3.485224172973993423e-02,3.539071281020240989e-02,3.594294826807347548e-02,3.650794077535140375e-02,3.708465371042787839e-02,3.767203105573739552e-02,3.826899217439758139e-02,3.887443855153942252e-02,3.948725398557405980e-02,4.010630863443264554e-02,4.073045576347778668e-02,4.135853975210679323e-02,4.198939472380778387e-02,4.262184972557145346e-02,4.325472649329997060e-02,4.388684411810772623e-02,4.451702312729516331e-02,4.514408595497708399e-02,4.576685651343298522e-02,4.638416673608235230e-02,4.699485873636599642e-02
2.290795000572275475e-01,2.294176263744918676e-01,2.298174422771808445e-01,2.302769896999304067e-01,2.307942412351279282e-01,2.313670567387042243e-01,2.319932503743931118e-01,2.326705283078335518e-01,2.333965511329574027e-01,2.341689130341728653e-01,2.349851457590685366e-01,2.358427540243651088e-01,2.367391815977397118e-01,2.376718492783432835e-01,2.386381631737998499e-01,2.396354819561118954e-01,2.406611726539973350e-01,2.417125958296197918e-01,2.427871072911262362e-01,2.438820689684712273e-01,2.449948678705401173e-01,2.461228918283771827e-01,2.472635877199358956e-01,2.484144049343159077e-01,2.495728555180098673e-01,2.507364816366552951e-01,2.519028904889408227e-01,2.530697371807907325e-01,2.542347491671379522e-01,2.553957057539275044e-01,2.565504906714146105e-01,2.576970221464550681e-01,2.588333444718963205e-01,2.599575586302793617e-01,2.610678658508354122e-01,2.621625701227076610e-01,2.632400612949377661e-01,2.642988429574323339e-01,2.653375056832900647e-01,2.663547584779877853e-01,2.673494159077952625e-01,2.683204120944748250e-01,2.692667733038980882e-01,2.701876546102244814e-01,2.710823187435398851e-01,2.719501556899633909e-01,2.727906520118121847e-01,2.736034102308949056e-01,2.743881765318824661e-01,2.751447801320078823e-01,2.758731713954521436e-01,2.765734132005198131e-01,2.772456759084013234e-01,2.778902496971189517e-01,2.785075225731808990e-01,2.790979931218852683e-01,2.796622408955846684e-01,2.802009680297859462e-01,2.807149558718654014e-01,2.812050770612799511e-01,2.816723049800202161e-01,2.821176859716831298e-01,2.825423500796714338e-01,2.829474914986637724e-01,2.833343973948665440e-01,2.837043878905824990e-01,2.840588827043786790e-01,2.843993212122439274e-01,2.847272229459932857e-01,2.850441326087677640e-01,2.853516461647080393e-01,2.856513927471857617e-01,2.859450290133231931e-01,2.862342277829897919e-01,2.865206898608469444e-01,2.868061324507721888e-01,2.870922724587209873e-01,2.873808274395044382e-01,2.876735089345915375e-01,2.879720324361658701e-01,2.882780828335834156e-01,2.885933261109895898e-01,2.889194182174358860e-01,2.892579502264565616e-01,2.896105191359388820e-01,2.899786621465195724e-01,2.903638587018338990e-01,2.907675483079992240e-01,2.911911194436928585e-01,2.916358977254789875e-01,2.921031334553109149e-01,2.925940391852827616e-01,2.931097220712067242e-01,2.936512384639297091e-01,2.942195529968936740e-01,2.948155608551232820e-01,2.954400514478116024e-01,2.960937555459965398e-01,2.967773115190127098e-01,2.974912390322394518e-01,2.982360015679544341e-01,2.990119455421236250e-01,2.998193248622504359e-01,3.006583127088166552e-01,3.015289625284390818e-01,3.024312492886118697e-01,3.033650454245687134e-01,3.043301189836331022e-01,3.053261572649130229e-01,3.063527350468321364e-01,3.074093419848197284e-01,3.084953679646576519e-01,3.096101200151920030e-01,3.107528131105186664e-01,3.119225615023807907e-01,3.131184061365968052e-01,3.143393067995775558e-01,3.155841320350696311e-01,3.168516792398873849e-01,3.181406723348227938e-01,3.194497558421739436e-01,3.207775151053177121e-01,3.221224746022828267e-01,3.234830880769903882e-01,3.248577565560575864e-01,3.262448415684233716e-01,3.276426273996280170e-01,3.290493990435486293e-01,3.304633688662103608e-01,3.318827243411183181e-01,3.333056268681623413e-01,3.347302122091398435e-01,3.361546024766618457e-01,3.375768957138922111e-01,3.389951847746380809e-01,3.404075612759171476e-01,3.418121082287698398e-01,3.432069210215037414e-01,3.445901061682252742e-01,3.459597854006593032e-01,3.473140914481577246e-01,3.486511807308183553e-01,3.499692674520853974e-01,3.512665395299541249e-01,3.525412929901364789e-01,3.537918196152360917e-01,3.550164709472711788e-01,3.562136389670261805e-01,3.573817942841921447e-01,3.585194334675341765e-01,3.596251349312316048e-01,3.606975372336650443e-01,3.617353467980798376e-01,3.627373237490643110e-01,3.637023330148780320e-01,3.646292890879885285e-01,3.655171892115022803e-01,3.663651163128441857e-01,3.671722227427713925e-01,3.679377616971380993e-01,3.686610534867051370e-01,3.693415128650037182e-01,3.699786367799713371e-01,3.705720179517196233e-01,3.711213131568105172e-01,3.716262766205169488e-01,3.720867731062914019e-01,3.725027117455574355e-01,3.728741085475715256e-01,3.732010664346308015e-01,3.734837671654760438e-01,3.737224784830951441e-01,3.739175333313191074e-01,3.740693542930034754e-01,3.741784384806247643e-01,3.742453566515226981e-01,3.742707588126010787e-01,3.742553376791721842e-01,3.741998736796165459e-01,3.741051983254496394e-01,3.739722252271897585e-01,3.738018917806117392e-01,3.735952096593810889e-01,3.733532211707105697e-01,3.730770312273898326e-01,3.727677703368905693e-01,3.724266282711503617e-01,3.720547916785134634e-01,3.716535075801071231e-01,3.712240379003149959e-01,3.707676538028163438e-01,3.702856640217579987e-01,3.697793644123637535e-01,3.692500743675253827e-01,3.686991058591149728e-01,3.681277866531196818e-01,3.675374082384185170e-01,3.669292881805342188e-01,3.663047005579890825e-01,3.656649241732716771e-01,3.650111854698207536e-01,3.643447233539039432e-01,3.636667001038612068e-01,3.629782959716741919e-01,3.622806257879250258e-01,3.615747553164181949e-01,3.608617242939740066e-01,3.601425238488681901e-01,3.594180773268449425e-01,3.586892793124403234e-01,3.579569578249149342e-01,3.572218825353402627e-01,3.564847651556932173e-01,3.557462548547962733e-01,3.550069409927226749e-01,3.542673488451210106e-01,3.535279206251179529e-01,3.527890726113196429e-01,3.520511009845100348e-01,3.513142683813670342e-01,3.505787724371892122e-01,3.498447138681932134e-01,3.491121457635883996e-01,3.483810597386669539e-01,3.476513568192741710e-01,3.469228912691842970e-01,3.461954524841796554e-01,3.454687349213243497e-01,3.447424287814813693e-01,3.440161120005760798e-01,3.432893271612392216e-01,3.425615684806472827e-01,3.418322491390845541e-01,3.411007625209142580e-01,3.403664478767866042e-01,3.396285876866737552e-01,3.388864256724073432e-01,3.381391766121398246e-01,3.373860184195411893e-01,3.366260912499232094e-01,3.358585335214355205e-01,3.350824340112131261e-01,3.342968747116522588e-01,3.335009204536503735e-01,3.326936400546284811e-01,3.318740712784125635e-01,3.310412721565154648e-01,3.301943060425048815e-01,3.293322440533354989e-01,3.284541449645603239e-01,3.275591251645444402e-01,3.266462985091641014e-01,3.257148047263815904e-01,3.247638286616356118e-01,3.237925842706678714e-01,3.228003254061517224e-01,3.217863487734047845e-01,3.207500116889838160e-01,3.196906995816511943e-01,3.186078769560194424e-01,3.175010713105452798e-01,3.163698626881437659e-01,3.152139008064600012e-01,3.140329052190302672e-01,3.128266874570602707e-01,3.115951109617511872e-01,3.103381428461443048e-01,3.090558279091051297e-01,3.077482730718714699e-01,3.064157124601076809e-01,3.050584460802892028e-01,3.036768706782844163e-01,3.022714670032206619e-01,3.008428202818105857e-01,2.993916097732071124e-01,2.979186193319381948e-01,2.964247016123975897e-01,2.949108277533090128e-01,2.933780546203738626e-01,2.918275411207860714e-01,2.902605411191048201e-01,2.886783858739419006e-01,2.870825158538009569e-01,2.854744473388817760e-01,2.838557983883375213e-01,2.822282720878640516e-01,2.805936309062381784e-01,2.789537540875535737e-01,2.773105701315845550e-01,2.756660959281608814e-01,2.740224030222878082e-01,2.723816523700908210e-01,2.707460434088059253e-01,2.691178531767615123e-01,2.674993988328613903e-01,2.658930586621406911e-01,2.643012255022576529e-01,2.627263814848262991e-01,2.611709933205356160e-01,2.596375728983719156e-01,2.581286686977702916e-01,2.566468234766106082e-01,2.551945988769087625e-01,2.537745559782125238e-01,2.523892623639480970e-01,2.510412847558440852e-01,2.497331521473745430e-01,2.484673838183252270e-01,2.472464764050606445e-01,2.460728893976017184e-01,2.449490473869336826e-01,2.438773113989051167e-01,2.428600177089532131e-01,2.418994121279344212e-01,2.409977057857473903e-01,2.401570137532986760e-01,2.393793976190660422e-01,2.386668129487454493e-01,2.380211306186806042e-01,2.374441415316536630e-01,2.369375292698096269e-01,2.365028691450563880e-01,2.361416253364361506e-01,2.358551488882937863e-01,2.356446769560742727e-01,2.355113061973122257e-01,2.354560262003678184e-01,2.354796742991600300e-01,2.355829642922653011e-01,2.357664656774956791e-01,2.360306068466989093e-01,2.363756750233561299e-01,2.368017920438524604e-01,2.373089612538131499e-01,2.378970024830138197e-01,2.385656115802752553e-01,2.393142981591807883e-01,2.401424437244212562e-01,2.410492600057898560e-01,2.420338091061722818e-01,2.430949977661563399e-01,2.442315770918193629e-01,2.454421470162521379e-01,2.467251517117064197e-01,2.480788852718573967e-01,2.495014959874431726e-01,2.509909818788449432e-01,2.525452080726991455e-01,2.541618940617631495e-01,2.558386145229789577e-01,2.575728243852215549e-01,2.593618473737417940e-01,2.612028730214857597e-01,2.630929860242458562e-01,2.650291532063374089e-01,2.670082253134065664e-01,2.690269654044920578e-01,2.710820153169654079e-01,2.731699517654949672e-01,2.752872469922847398e-01,2.774303123011545025e-01,2.795954744864532215e-01,2.817790067265161791e-01,2.839771161547348655e-01,2.861859608903417618e-01,2.884016758953593662e-01,2.906203314517010750e-01,2.928379901801927976e-01,2.950507108745739071e-01,2.972545144827716812e-01,2.994454282758902131e-01,3.016194979723990088e-01,3.037727634807005916e-01,3.059012936405026140e-01,3.080012031637008318e-01,3.100686261110857100e-01,3.120997414789186131e-01,3.140908027945366610e-01,3.160380979261096512e-01,3.179380169131210687e-01,3.197869948798586215e-01,3.215815757790189688e-01,3.233183826849370668e-01,3.249941431950946757e-01,3.266056851218934187e-01,3.281499604454963248e-01,3.296240285350230392e-01,3.310250915144362094e-01,3.323504581727080853e-01,3.335975925637768569e-01,3.347641066119504405e-01,3.358477398246870194e-01,3.368464032100020877e-01,3.377581503397392160e-01,3.385812113108749855e-01,3.393139697349908945e-01,3.399549803875757670e-01,3.405029878458027959e-01,3.409568725109277110e-01,3.413157332889151796e-01,3.415788179305150329e-01,3.417455723396287115e-01,3.418156146350769253e-01,3.417887480865025585e-01,3.416649697621321202e-01,3.414444353851095459e-01,3.411275016110604796e-01,3.407147070993750138e-01,3.402067582488250141e-01,3.396045584572493503e-01,3.389091728032235795e-01,3.381218365843639551e-01,3.372439859924297179e-01,3.362771909574975848e-01,3.352232062681287927e-01,3.340839424993580775e-01,3.328614677071260464e-01,3.315580179069497757e-01,3.301759440668693424e-01,3.287177707121462511e-01,3.271861369717538603e-01,3.255838159838784218e-01,3.239137413474507676e-01,3.221789226704685483e-01,3.203824904860283485e-01,3.185276991962857074e-01,3.166178848171851690e-01
5.190810006543642441e-01,5.196533365992815900e-01,5.202310098480984468e-01,5.208150678307837955e-01,5.214065594678396476e-01,5.220065380193635862e-01,5.226160371920491876e-01,5.232361036739355820e-01,5.238677437640906209e-01,5.245119816408306823e-01,5.251697746741593731e-01,5.258420823069307470e-01,5.265298132236003736e-01,5.272338385148505058e-01,5.279550058199263818e-01,5.286940945076757936e-01,5.294518331031758951e-01,5.302289006791255366e-01,5.310259190997353995e-01,5.318434357129496748e-01,5.326819367236416136e-01,5.335418244794805087e-01,5.344234228249779006e-01,5.353270107274897827e-01,5.362527353105996930e-01,5.372006860383963245e-01,5.381708492751068329e-01,5.391631336149589337e-01,5.401773251582838720e-01,5.412131486663970259e-01,5.422702098838435569e-01,5.433480016849856487e-01,5.444459443081152150e-01,5.455633345858532657e-01,5.466993596488269880e-01,5.478531143558376115e-01,5.490235820782644049e-01,5.502096406376676407e-01,5.514100748385161177e-01,5.526235575303790615e-01,5.538486218341085454e-01,5.550837621595077209e-01,5.563273266036096176e-01,5.575775788180644676e-01,5.588326705931765392e-01,5.600906897119941608e-01,5.613495889815518503e-01,5.626072809189451851e-01,5.638615551765751022e-01,5.651101246147622881e-01,5.663506290559499057e-01,5.675806441853417095e-01,5.687976445477527232e-01,5.699990632211198172e-01,5.711822739257520487e-01,5.723445808915295085e-01,5.734832447679990564e-01,5.745954902838669165e-01,5.756784773943572908e-01,5.767293517729676910e-01,5.777452321678366864e-01,5.787232078047892525e-01,5.796603570210473455e-01,5.805537538540954667e-01,5.814004627940033698e-01,5.821975600099221770e-01,5.829421334290809664e-01,5.836312703201609331e-01,5.842621138837258421e-01,5.848318393948607197e-01,5.853376267242367259e-01,5.857767469410568584e-01,5.861464813552211828e-01,5.864441999890590562e-01,5.866673315735961847e-01,5.868133947478576529e-01,5.868799652978280434e-01,5.868647182591925082e-01,5.867654256158166826e-01,5.865799579391156593e-01,5.863062911580088077e-01,5.859425146358242520e-01,5.854868358240473691e-01,5.849375906721441254e-01,5.842932333140463674e-01,5.835523925175742921e-01,5.827137783718083774e-01,5.817762842895874975e-01,5.807389450327069547e-01,5.796009697943482752e-01,5.783616741601665945e-01,5.770205786446230833e-01,5.755773605035837681e-01,5.740318608641620246e-01,5.723840922418812482e-01,5.706342322660402644e-01,5.687826260173497461e-01,5.668298303385490566e-01,5.647765520784381321e-01,5.626236720988927464e-01,5.603722573487392999e-01,5.580235551140027006e-01,5.555790007539966879e-01,5.530401807363929390e-01,5.504088906031978645e-01,5.476870551660129038e-01,5.448768277420420469e-01,5.419804886053531945e-01,5.390005136404337760e-01,5.359395218541758155e-01,5.328003083601702272e-01,5.295858283026482205e-01,5.262991698860655099e-01,5.229436146662048701e-01,5.195225241963279394e-01,5.160394670394274907e-01,5.124980975402699812e-01,5.089022255314158416e-01,5.052557575419270863e-01,5.015627530889336105e-01,4.978273375816749668e-01,4.940537750984680954e-01,4.902464077140434862e-01,4.864096731772741822e-01,4.825480801449842372e-01,4.786662160722621184e-01,4.747687302734050485e-01,4.708603443845509329e-01,4.669458062332162984e-01,4.630298865485505400e-01,4.591174639099401267e-01,4.552133461831058825e-01,4.513224133998944843e-01,4.474495358280498047e-01,4.435995813701548163e-01,4.397773926103168418e-01,4.359878105636048051e-01,4.322356264906365153e-01,4.285256193299694649e-01,4.248625004040029740e-01,4.212509235493547277e-01,4.176954834521520166e-01,4.142007101472582331e-01,4.107710382691211470e-01,4.074108226519021492e-01,4.041243187444850116e-01,4.009156592100482919e-01,3.977888965137340582e-01,3.947479362239758593e-01,3.917965783793995738e-01,3.889384507489971332e-01,3.861770957258164327e-01,3.835158539240572373e-01,3.809579651548326562e-01,3.785064608263141173e-01,3.761642420613421911e-01,3.739340058669196609e-01,3.718183381061282988e-01,3.698195770953310313e-01,3.679399167391176895e-01,3.661813493208718739e-01,3.645456964194604965e-01,3.630345657719578623e-01,3.616493880404175187e-01,3.603913822820196122e-01,3.592615773702013127e-01,3.582608217832808362e-01,3.573897158966313214e-01,3.566486919332452210e-01,3.560379925763316189e-01,3.555576317104199302e-01,3.552074420588812731e-01,3.549870495755949040e-01,3.548958745337453813e-01,3.549331621466709219e-01,3.550979591019064463e-01,3.553891035410768340e-01,3.558052728560250899e-01,3.563449516278439644e-01,3.570064368460664772e-01,3.577878517956109561e-01,3.586871501592544531e-01,3.597021330696996699e-01,3.608304330564301443e-01,3.620695140796357236e-01,3.634167081515550790e-01,3.648691830102192557e-01,3.664239948577223682e-01,3.680780533237282270e-01,3.698281516255360613e-01,3.716709445767651943e-01,3.736030209925049195e-01,3.756208193238695925e-01,3.777207106107898782e-01,3.798989686263684051e-01,3.821518002713811812e-01,3.844753256054950219e-01,3.868655987605907898e-01,3.893186430300877854e-01,3.918304023534319724e-01,3.943968089516712294e-01,3.970137466940134030e-01,3.996770890680612087e-01,4.023826714558145778e-01,4.051263489040045629e-01,4.079039570891330735e-01,4.107113845939727725e-01,4.135444732868912565e-01,4.163991203572124378e-01,4.192712647274287607e-01,4.221568820661568133e-01,4.250519730107731875e-01,4.279526298233053971e-01,4.308549737215939257e-01,4.337552208813674759e-01,4.366496332797678570e-01,4.395345746775795037e-01,4.424064857220865732e-01,4.452619283682800466e-01,4.480975166923551467e-01,4.509099919734803064e-01,4.536962095717479437e-01,4.564531462894773073e-01,4.591778664872465665e-01,4.618675805049317074e-01,4.645196180960263765e-01,4.671314352315362739e-01,4.697006202261643781e-01,4.722249033679197794e-01,4.747021299491214763e-01,4.771303162945005893e-01,4.795076094760928331e-01,4.818322813840327790e-01,4.841027419228927653e-01,4.863175916794854614e-01,4.884755265317747286e-01,4.905754113946902417e-01,4.926162404718658627e-01,4.945971523944897585e-01,4.965174428557366793e-01,4.983765408770926553e-01,5.001739940236025195e-01,5.019094954666774022e-01,5.035829095205791583e-01,5.051941697702266865e-01,5.067433986326284057e-01,5.082307882111534170e-01,5.096566950340141178e-01,5.110215707375670435e-01,5.123259953757096641e-01,5.135706485950340960e-01,5.147563031960926683e-01,5.158838833397166868e-01,5.169543548300526981e-01,5.179687938068897601e-01,5.189283650151373939e-01,5.198343253746130488e-01,5.206879749779297351e-01,5.214907290524907202e-01,5.222440259281477815e-01,5.229493968893705880e-01,5.236083934146302798e-01,5.242226345884668515e-01,5.247937865875984542e-01,5.253235505525566396e-01,5.258136189939562888e-01,5.262657735019651284e-01,5.266817638070004914e-01,5.270633834444028443e-01,5.274123985338303733e-01,5.277306275918646206e-01,5.280198150696868709e-01,5.282817747930804719e-01,5.285182524865055242e-01,5.287309845762144800e-01,5.289216961257698912e-01,5.290920736687103609e-01,5.292437552859187155e-01,5.293783642926104260e-01,5.294974909038577815e-01,5.296026435178661229e-01,5.296952740007648819e-01,5.297768403814882010e-01,5.298486603844989595e-01,5.299120671490420431e-01,5.299682828338532214e-01,5.300184671370873346e-01,5.300637186632092268e-01,5.301050775412506910e-01,5.301434846599210049e-01,5.301798024959217814e-01,5.302148464099363245e-01,5.302493444740943307e-01,5.302839115915719548e-01,5.303191398786166744e-01,5.303554937243289968e-01,5.303933751169249700e-01,5.304331109990279014e-01,5.304749319178980738e-01,5.305190194338993415e-01,5.305654474858257919e-01,5.306142289987935134e-01,5.306652987764413076e-01,5.307185061773460610e-01,5.307736628344607022e-01,5.308304505720539135e-01,5.308885639291111014e-01,5.309475576713879041e-01,5.310069724688684101e-01,5.310662658165429262e-01,5.311248538847628264e-01,5.311820909939182211e-01,5.312372803007228139e-01,5.312896924253479591e-01,5.313385501854618331e-01,5.313830269649918447e-01,5.314222680262364884e-01,5.314553979058054267e-01,5.314815108321853110e-01,5.314996830184793852e-01,5.315089467139479940e-01,5.315083592492578779e-01,5.314969293549282048e-01,5.314736958372857645e-01,5.314376742958520916e-01,5.313879071157090461e-01,5.313234059555992372e-01,5.312432369256555598e-01,5.311464543990527254e-01,5.310321483600417558e-01,5.308994134463431713e-01,5.307474007602064336e-01,5.305752836574284537e-01,5.303822384113824340e-01,5.301675258815836678e-01,5.299304308406703745e-01,5.296702818055822881e-01,5.293864744310303738e-01,5.290784260051143439e-01,5.287456332466037301e-01,5.283876436865680981e-01,5.280040654179345427e-01,5.275945733161733209e-01,5.271588868217034207e-01,5.266968060192082079e-01,5.262082244201081727e-01,5.256930501457549587e-01,5.251513101561816610e-01,5.245830741070141023e-01,5.239884996816289719e-01,5.233678178793157443e-01,5.227213139347712811e-01,5.220493690112991692e-01,5.213524271981553326e-01,5.206310141694294735e-01,5.198856964463529629e-01,5.191171532728268145e-01,5.183261050338039411e-01,5.175133669426296157e-01,5.166797772206086492e-01,5.158262921311638216e-01,5.149538813159648676e-01,5.140636355865467744e-01,5.131566399199993800e-01,5.122340816696336896e-01,5.112971967016179953e-01,5.103472220678824112e-01,5.093855238943585384e-01,5.084134560605061415e-01,5.074324250875200670e-01,5.064438770081551855e-01,5.054493025184213506e-01,5.044502096881992026e-01,5.034481483182292605e-01,5.024446720136539479e-01,5.014413696169096601e-01,5.004398339663415074e-01,4.994416763366942846e-01,4.984485198418344143e-01,4.974619627773205210e-01,4.964836532338995356e-01,4.955151665509478498e-01,4.945581304934171252e-01,4.936141359716516575e-01,4.926847272929827937e-01,4.917714806057787991e-01,4.908759051234231063e-01,4.899994969342041928e-01,4.891437114201575564e-01,4.883099814746014178e-01,4.874996807236198770e-01,4.867141334509004214e-01,4.859546532819922771e-01,4.852224645268448655e-01,4.845187502881933006e-01,4.838446303583883168e-01,4.832011795243678631e-01,4.825894065912335607e-01,4.820102567587185582e-01,4.814645623508790884e-01,4.809531620739999069e-01,4.804767715908666026e-01,4.800360571276883204e-01,4.796315919437955100e-01,4.792638894668669880e-01,4.789333701019288236e-01,4.786403953758310847e-01,4.783852516838510982e-01,4.781681093910122859e-01,4.779891196470897885e-01,4.778482944089239570e-01,4.777455984654410126e-01,4.776809310934015951e-01,4.776540921271098528e-01,4.776648075410437899e-01,4.777127559416735059e-01,4.777974921748912585e-01,4.779185339085983419e-01,4.780753466152403153e-01,4.782672913719917540e-01,4.784936671405699005e-01,4.787537380589385605e-01,4.790466894303166412e-01,4.793716411503055053e-01,4.797276699120723853e-01,4.801138055858115150e-01,4.805290257972087975e-01
4.737562662625152132e-01,4.745826766095326277e-01,4.755538921197210445e-01,4.766672379063859877e-01,4.779197503896524535e-01,4.793082516089125500e-01,4.808292626502796430e-01,4.824790637826428807e-01,4.842536955644486940e-01,4.861489704813271584e-01,4.881604643181991499e-01,4.902835444061800496e-01,4.925133586487959181e-01,4.948448580492477156e-01,4.972728029385450332e-01,4.997917945996708244e-01,5.023962591427180158e-01,5.050804529471711879e-01,5.078385002564913542e-01,5.106643915325933536e-01,5.135519969974109422e-01,5.164950926638570694e-01,5.194873826804077277e-01,5.225224036395051952e-01,5.255937133459306354e-01,5.286947804468121737e-01,5.318190369345385804e-01,5.349598967533667482e-01,5.381107279357419948e-01,5.412649541771695771e-01,5.444159682558032953e-01,5.475571923109763262e-01,5.506821358105671305e-01,5.537843007580590671e-01,5.568572951268508930e-01,5.598948051597131270e-01,5.628906015742193292e-01,5.658385462660030507e-01,5.687326694556795736e-01,5.715670743481937599e-01,5.743360509353352406e-01,5.770340238797996291e-01,5.796555998634296270e-01,5.821955469088848645e-01,5.846488232255943052e-01,5.870105773501345103e-01,5.892761871375725713e-01,5.914412416477463630e-01,5.935015459191796960e-01,5.954531323279502741e-01,5.972922982311625884e-01,5.990155801445760098e-01,6.006197420398020625e-01,6.021018579363512924e-01,6.034592412661562433e-01,6.046894542656667815e-01,6.057903827973918354e-01,6.067601767268470114e-01,6.075972377933944735e-01,6.083002940314276019e-01,6.088683528796443589e-01,6.093006717206476130e-01,6.095968376877123340e-01,6.097567364197681306e-01,6.097804842355780686e-01,6.096685279085051201e-01,6.094216088762042238e-01,6.090407204315411160e-01,6.085271512493547474e-01,6.078824471167498800e-01,6.071084528939266756e-01,6.062072655119871145e-01,6.051812413958461701e-01,6.040329610346378830e-01,6.027653268288944988e-01,6.013814255522877961e-01,5.998845652031919995e-01,5.982783403587876858e-01,5.965664968855943773e-01,5.947530284551446611e-01,5.928421176569496076e-01,5.908381266167246348e-01,5.887456037271594500e-01,5.865692491406755416e-01,5.843139455531448645e-01,5.819847017324498717e-01,5.795866590078049274e-01,5.771250822293521043e-01,5.746053729295870216e-01,5.720329681526914456e-01,5.694134614698532770e-01,5.667524604407564448e-01,5.640556699740009172e-01,5.613288357523227301e-01,5.585777195537826589e-01,5.558081189033559077e-01,5.530258349701974163e-01,5.502366827220118717e-01,5.474464160543925928e-01,5.446608174042839590e-01,5.418855718559002499e-01,5.391263575348169690e-01,5.363887625827362671e-01,5.336782834136495346e-01,5.310003551761570684e-01,5.283602934522266814e-01,5.257633016563509898e-01,5.232144658013686556e-01,5.207187170946669941e-01,5.182808907678876364e-01,5.159056143470419631e-01,5.135973650904658294e-01,5.113604681866672497e-01,5.091990312676876185e-01,5.071170004861609293e-01,5.051181250848683080e-01,5.032059355731888228e-01,5.013837425630086608e-01,4.996546445437201056e-01,4.980215315683921840e-01,4.964870553341932946e-01,4.950535986149766643e-01,4.937233732942598596e-01,4.924982925983468207e-01,4.913800443812511021e-01,4.903700655872823000e-01,4.894695436220266038e-01,4.886794247150941795e-01,4.880003935115151958e-01,4.874328887849157521e-01,4.869770820749479978e-01,4.866328957713912384e-01,4.864000465999450129e-01,4.862779180468933538e-01,4.862657353433963991e-01,4.863624343025784724e-01,4.865667222520339563e-01,4.868770739442968010e-01,4.872917366115537274e-01,4.878087226217547867e-01,4.884258325237778031e-01,4.891406554623759506e-01,4.899505644800089543e-01,4.908527424712942899e-01,4.918441812611252795e-01,4.929216848745117674e-01,4.940818621146530476e-01,4.953211832497723122e-01,4.966359431869332708e-01,4.980222745462419276e-01,4.994761747377725603e-01,5.009935435295054251e-01,5.025701049428787925e-01,5.042015036903465530e-01,5.058832583694602425e-01,5.076108205126185213e-01,5.093795312949445098e-01,5.111847013912017568e-01,5.130215274845517648e-01,5.148852005615057736e-01,5.167708372002830508e-01,5.186735684416026171e-01,5.205884471487643994e-01,5.225105882183477268e-01,5.244350361963648899e-01,5.263569099083048597e-01,5.282713261293355833e-01,5.301734247010095880e-01,5.320584030446223744e-01,5.339215209059695599e-01,5.357580658087500725e-01,5.375634616986961767e-01,5.393331489127798362e-01,5.410626871037464980e-01,5.427477361750593365e-01,5.443840745779534585e-01,5.459675621953999913e-01,5.474942266230136134e-01,5.489601945795014037e-01,5.503617471467807665e-01,5.516953000632487392e-01,5.529574361746203426e-01,5.541448666035894144e-01,5.552545037200934397e-01,5.562833837573839535e-01,5.572287812893766956e-01,5.580880781641955890e-01,5.588588546106485477e-01,5.595388893029812349e-01,5.601261730473994227e-01,5.606188396750557690e-01,5.610152197419087106e-01,5.613138745730189560e-01,5.615135155050261506e-01,5.616130642047710841e-01,5.616116622132161229e-01,5.615086239535227453e-01,5.613034551048762255e-01,5.609958639238459277e-01,5.605857518904240333e-01,5.600732128866011683e-01,5.594585145710918583e-01,5.587421352215554693e-01,5.579247251057879442e-01,5.570071001512886255e-01,5.559902964213282450e-01,5.548754526209771498e-01,5.536639490201999969e-01,5.523572941279641935e-01,5.509571463271107916e-01,5.494653555501332054e-01,5.478838763308465643e-01,5.462148317019424049e-01,5.444604899629097439e-01,5.426232204162591000e-01,5.407055567022800435e-01,5.387101153533622178e-01,5.366396539005420241e-01,5.344970030033638908e-01,5.322851508704066203e-01,5.300070917597331510e-01,5.276659861654874328e-01,5.252650465755831499e-01,5.228075334521065098e-01,5.202967869658308153e-01,5.177362030697149065e-01,5.151292468396233559e-01,5.124794150124136749e-01,5.097902268101557333e-01,5.070652389452878772e-01,5.043080331840815722e-01,5.015222158620173953e-01,4.987113965331724796e-01,4.958791715142557011e-01,4.930291712334053944e-01,4.901649461367389993e-01,4.872901209685541191e-01,4.844082518652896852e-01,4.815228591751202214e-01,4.786374548298616971e-01,4.757554947275565160e-01,4.728803986020990169e-01,4.700155472075063789e-01,4.671642605430904038e-01,4.643297978120747849e-01,4.615153703558965703e-01,4.587241232033949512e-01,4.559591222470805172e-01,4.532233748299918652e-01,4.505198095303615258e-01,4.478512827647649353e-01,4.452205629123806019e-01,4.426303512459315859e-01,4.400832479829749344e-01,4.375817863896366289e-01,4.351284022550141461e-01,4.327254500045820129e-01,4.303751951179903279e-01,4.280797973061735706e-01,4.258413749118857283e-01,4.236618891744244886e-01,4.215432741015554541e-01,4.194873338302108623e-01,4.174957943021562756e-01,4.155703159944121872e-01,4.137124434335731626e-01,4.119236363626698205e-01,4.102052917109919594e-01,4.085587116234829508e-01,4.069851221970903210e-01,4.054856528201976618e-01,4.040613707935961085e-01,4.027132508771804065e-01,4.014422187086664207e-01,4.002491222780277802e-01,3.991347316211054097e-01,3.980997234079815539e-01,3.971447744937776636e-01,3.962704476341084581e-01,3.954772504902828167e-01,3.947656552837673916e-01,3.941360692242891206e-01,3.935888305685017463e-01,3.931242609488652118e-01,3.927425961841340962e-01,3.924440489823723399e-01,3.922288092876131116e-01,3.920969845087476924e-01,3.920486599153906737e-01,3.920838892435415390e-01,3.922026944217607558e-01,3.924050408667419942e-01,3.926909107475370364e-01,3.930602102233640704e-01,3.935128295698271383e-01,3.940486473222893915e-01,3.946675039950734987e-01,3.953692274612532476e-01,3.961535925363867117e-01,3.970204070671789487e-01,3.979693953809431139e-01,3.990003019390053196e-01,4.001128424351085844e-01,4.013066897449693027e-01,4.025815134367384251e-01,4.039369911747980324e-01,4.053727029573657714e-01,4.068882815676408971e-01,4.084832988626801997e-01,4.101573094231201755e-01,4.119098570035844009e-01,4.137404374462766432e-01,4.156485221972623378e-01,4.176335670841859748e-01,4.196949994822252727e-01,4.218321926520098852e-01,4.240445055208812430e-01,4.263312615590957866e-01,4.286917380800109312e-01,4.311251623609204109e-01,4.336307394749759903e-01,4.362076255673952296e-01,4.388549231386508764e-01,4.415716887304316218e-01,4.443569133210402144e-01,4.472095706548897542e-01,4.501285245853812178e-01,4.531126421565228046e-01,4.561606659402713260e-01,4.592713132260746733e-01,4.624432439784793569e-01,4.656750060585754802e-01,4.689651138763303861e-01,4.723119926190030848e-01,4.757139989875143193e-01,4.791694153826021596e-01,4.826764211235580748e-01,4.862331522687208252e-01,4.898376223167305588e-01,4.934877956644146413e-01,4.971815365695716471e-01,5.009166270708267366e-01,5.046907421110798930e-01,5.085015082928091568e-01,5.123464133279730381e-01,5.162229210447167871e-01,5.201283322484563376e-01,5.240599301632904439e-01,5.280148578888848032e-01,5.319901941763685027e-01,5.359829267152832477e-01,5.399899633655469433e-01,5.440081392746997091e-01,5.480341743883403449e-01,5.520647310947967012e-01,5.560963952593990234e-01,5.601256875256938050e-01,5.641490247514190370e-01,5.681627691013102499e-01,5.721632539366500181e-01,5.761467047669595054e-01,5.801093102388801270e-01,5.840471982585604405e-01,5.879564598350575100e-01,5.918331248693130542e-01,5.956731970175499491e-01,5.994726625951513066e-01,6.032274431943127624e-01,6.069334574715012920e-01,6.105866279820566511e-01,6.141828410563046070e-01,6.177179807183980076e-01,6.211879700576171670e-01,6.245886785225576165e-01,6.279160819892086742e-01,6.311660796875157020e-01,6.343346745245335150e-01,6.374178884957356628e-01,6.404117911816608055e-01,6.433125091205965651e-01,6.461162273106834109e-01,6.488192020829453011e-01,6.514177576460582486e-01,6.539083249443415902e-01,6.562874246227126118e-01,6.585516544033995778e-01,6.606977469326932306e-01,6.627225499833221400e-01,6.646230024308195095e-01,6.663962132788632253e-01,6.680394173225494558e-01,6.695500006459192965e-01,6.709255041382360396e-01,6.721635839946428215e-01,6.732621461997547740e-01,6.742191930849626980e-01,6.750329650369306655e-01,6.757018231208584691e-01,6.762243769994927822e-01,6.765994100548821111e-01,6.768258895537959674e-01,6.769030326747101922e-01,6.768302380740973678e-01,6.766071116647470740e-01,6.762334978557842380e-01,6.757094548145065049e-01,6.750352462226362205e-01,6.742113860310910978e-01,6.732386211662011455e-01,6.721179067752817149e-01,6.708504439986745504e-01,6.694376707840764551e-01,6.678812363476046565e-01,6.661830475886292291e-01,6.643452307849306848e-01,6.623701368480355844e-01,6.602603671359146276e-01,6.580187130743812007e-01,6.556482241190092486e-01,6.531521538446631858e-01,6.505339967309902161e-01,6.477974183010857256e-01,6.449463263816277436e-01,6.419848428629105763e-01,6.389172475633977388e-01,6.357480140643437805e-01,6.324818598835580952e-01
4.820878770987684775e-02,4.826529987172309411e-02,4.832768011086324700e-02,4.839662576629146645e-02,4.847281714640136463e-02,4.855692119857984296e-02,4.864957704633884189e-02,4.875141391503438892e-02,4.886302327783689087e-02,4.898498021256253443e-02,4.911782839627801267e-02,4.926207985593761274e-02,4.941821536286934019e-02,4.958668319932532653e-02,4.976789583644421894e-02,4.996222645810011187e-02,5.017001276956956773e-02,5.039154963329144088e-02,5.062709183844641553e-02,5.087685232748188902e-02,5.114099897768049907e-02,5.141965748495959387e-02,5.171290604767771887e-02,5.202078020485702281e-02,5.234326496009542029e-02,5.268030313637611650e-02,5.303178485131608555e-02,5.339755630504283007e-02,5.377741995618962045e-02,5.417112535351053387e-02,5.457837598815429986e-02,5.499883209095465103e-02,5.543210677562518396e-02,5.587776401909781698e-02,5.633532701591228292e-02,5.680427739410924548e-02,5.728404722574298447e-02,5.777403450329211820e-02,5.827359059972189725e-02,5.878203317644870723e-02,5.929863803977068748e-02,5.982264760179444724e-02,6.035327127572969602e-02,6.088968526013141536e-02,6.143103233761492560e-02,6.197642902216448507e-02,6.252496621208245009e-02,6.307571461676091118e-02,6.362771422972464397e-02,6.417998903905219876e-02,6.473154907905824540e-02,6.528138557927005980e-02,6.582847805197408753e-02,6.637179748582862360e-02,6.691030829441821370e-02,6.744296718770331767e-02,6.796872901493962449e-02,6.848655216274686375e-02,6.899539434491072654e-02,6.949422366367760673e-02,6.998201162931511066e-02,7.045774596493145636e-02,7.092042362173306413e-02,7.136905969050615084e-02,7.180268828614425058e-02,7.222036402627796114e-02,7.262116638247077816e-02,7.300419828989328230e-02,7.336860001877459903e-02,7.371353081406807617e-02,7.403818960694437401e-02,7.434181156946434443e-02,7.462366687020056955e-02,7.488306637334728177e-02,7.511935903645730606e-02,7.533194533709788865e-02,7.552025927518826731e-02,7.568379242826017705e-02,7.582207526848207257e-02,7.593469537854943829e-02,7.602128438497658680e-02,7.608153089390004564e-02,7.611516812562034440e-02,7.612199532797341017e-02,7.610185885826284413e-02,7.605465928128073150e-02,7.598035713416396997e-02,7.587896253968812177e-02,7.575054789192386950e-02,7.559523964802052076e-02,7.541322021451778157e-02,7.520472892426618983e-02,7.497005681838615765e-02,7.470955997988337760e-02,7.442363761975742675e-02,7.411274854620639174e-02,7.377740529546711334e-02,7.341817168317123221e-02,7.303566171907523163e-02,7.263053835836676131e-02,7.220351602388244694e-02,7.175535480956760082e-02,7.128685662285123847e-02,7.079887231555578864e-02,7.029229127260119836e-02,6.976804556021486137e-02,6.922709788564225530e-02,6.867045841999930289e-02,6.809915994227754010e-02,6.751427453178469873e-02,6.691689632653000097e-02,6.630815262178885172e-02,6.568918907906116933e-02,6.506117650534651298e-02,6.442530631626498805e-02,6.378277948142795084e-02,6.313481559062884829e-02,6.248264984881611583e-02,6.182751181005863989e-02,6.117065247210334150e-02,6.051331509868860398e-02,5.985674397669169672e-02,5.920218704413352656e-02,5.855088114140280520e-02,5.790405323962349859e-02,5.726292734982717236e-02,5.662870563724631962e-02,5.600257877365850262e-02,5.538571668707462092e-02,5.477927055709539556e-02,5.418436376514543934e-02,5.360209786240042323e-02,5.303354282890357374e-02,5.247973765494319542e-02,5.194169242970206324e-02,5.142037809006975296e-02,5.091672744526215544e-02,5.043163955146143934e-02,4.996596552198943886e-02,4.952052240756747714e-02,4.909607592374277268e-02,4.869335093510887558e-02,4.831301952504853808e-02,4.795571262017937070e-02,4.762200587684249642e-02,4.731242761574771388e-02,4.702745509862252260e-02,4.676751028534154725e-02,4.653296490876900754e-02,4.632413996975449227e-02,4.614129712569495223e-02,4.598464693093065603e-02,4.585434633074610827e-02,4.575050117495368940e-02,4.567315708038865302e-02,4.562231210399374931e-02,4.559790826936342689e-02,4.559983589901806661e-02,4.562793299316569157e-02,4.568198871490310869e-02,4.576173782356685038e-02,4.586687409454357628e-02,4.599703326522314173e-02,4.615181096341729183e-02,4.633075860508925614e-02,4.653337951866782368e-02,4.675913823857489465e-02,4.700745728842095628e-02,4.727771935009274229e-02,4.756927347918293164e-02,4.788143356412179891e-02,4.821347696596882393e-02,4.856465618265937839e-02,4.893418900864539289e-02,4.932126897743185912e-02,4.972506864603128129e-02,5.014473539397019952e-02,5.057939769850496731e-02,5.102816749302890864e-02,5.149013958282012277e-02,5.196440235940984198e-02,5.245002874204533760e-02,5.294608486814746107e-02,5.345163585721159766e-02,5.396573946035525260e-02,5.448745814363938067e-02,5.501584976502486846e-02,5.554998378420217264e-02,5.608893379247742450e-02,5.663178159176258941e-02,5.717762280540480274e-02,5.772556567293861407e-02,5.827473354350617973e-02,5.882427063855068944e-02,5.937333716481410506e-02,5.992111766305598108e-02,6.046682223614883306e-02,6.100968035845336090e-02,6.154896082185579848e-02,6.208394364138945798e-02,6.261395744543091224e-02,6.313835106687251675e-02,6.365651110030801085e-02,6.416785932657273483e-02,6.467184774097597955e-02,6.516797007967012334e-02,6.565575493000910812e-02,6.613477247737793718e-02,6.660462454375618013e-02,6.706496012919757610e-02,6.751546581190875917e-02,6.795586389233547464e-02,6.838591895322954084e-02,6.880543839952049656e-02,6.921426786149216526e-02,6.961229082506896482e-02,6.999943665416377692e-02,7.037566248970311689e-02,7.074097622790320727e-02,7.109541622900288071e-02,7.143906014742644472e-02,7.177202447523205187e-02,7.209445400162438344e-02,7.240653308330806393e-02,7.270847864056369236e-02,7.300053778347687095e-02,7.328299030398058300e-02,7.355613754244584579e-02,7.382031922784530742e-02,7.407588910305182295e-02,7.432323402880999796e-02,7.456276141909089217e-02,7.479489068039066324e-02,7.502007077305040961e-02,7.523875911768414249e-02,7.545143353455463497e-02,7.565857817779654548e-02,7.586069138434488324e-02,7.605828164602634889e-02,7.625185564599472332e-02,7.644193287516337643e-02,7.662903115458215286e-02,7.681366622844762460e-02,7.699635387946993093e-02,7.717760387181442361e-02,7.735792277954191276e-02,7.753780460472413372e-02,7.771773165619380586e-02,7.789817558300708711e-02,7.807959757947720292e-02,7.826243431868233624e-02,7.844710789034321785e-02,7.863402014998649436e-02,7.882354908507729907e-02,7.901604741696581502e-02,7.921185277653605694e-02,7.941126026749607825e-02,7.961454610861508352e-02,7.982195722148971440e-02,8.003370300745921151e-02,8.024996722389095283e-02,8.047089733801478240e-02,8.069660490492637506e-02,8.092717186624806547e-02,8.116263649000217406e-02,8.140300687455877260e-02,8.164825191568446383e-02,8.189830073913299813e-02,8.215304704231210509e-02,8.241234538147015898e-02,8.267601505631294589e-02,8.294383404995357700e-02,8.321554312773632445e-02,8.349084458963726418e-02,8.376940908382732309e-02,8.405086036146944273e-02,8.433479815224133314e-02,8.462077509874874059e-02,8.490832108150718482e-02,8.519692276531865005e-02,8.548603838287059664e-02,8.577509991087037267e-02,8.606350037483605220e-02,8.635060765004844152e-02,8.663577450421545978e-02,8.691830356446046679e-02,8.719749920471440985e-02,8.747262742794298385e-02,8.774294371261788517e-02,8.800767585927472825e-02,8.826604855953830431e-02,8.851726087091257855e-02,8.876050578309314931e-02,8.899496329843756270e-02,8.921980728486511580e-02,8.943421271537013717e-02,8.963733820199636104e-02,8.982835191952080744e-02,9.000641984360521763e-02,9.017071311896326935e-02,9.032040845018307618e-02,9.045469264826319633e-02,9.057276214644512102e-02,9.067382487112773948e-02,9.075710943070770809e-02,9.082185835066343416e-02,9.086733895505030856e-02,9.089283458961623652e-02,9.089765656990655973e-02,9.088114643995276465e-02,9.084266849830666124e-02,9.078162649943223583e-02,9.069744668238616248e-02,9.058960061408841136e-02,9.045758657390880197e-02,9.030095209212606056e-02,9.011927775190656242e-02,8.991218216324561863e-02,8.967934124875753810e-02,8.942045838979201244e-02,8.913529994281840785e-02,8.882366358527964134e-02,8.848540484338916767e-02,8.812042600796139713e-02,8.772867758218652612e-02,8.731016235373409429e-02,8.686493188821206579e-02,8.639309463588266957e-02,8.589480121512348132e-02,8.537026257684331154e-02,8.481974037802736399e-02,8.424354811157339085e-02,8.364204558131273226e-02,8.301565279166042699e-02,8.236483410076438083e-02,8.169010813666487125e-02,8.099203745497249307e-02,8.027124152721409889e-02,7.952838500349321271e-02,7.876417260969754974e-02,7.797936647397171739e-02,7.717476198442037305e-02,7.635120178626374210e-02,7.550957228176960467e-02,7.465079303591992677e-02,7.377583049656764869e-02,7.288567994081403267e-02,7.198137027377368713e-02,7.106396748684111475e-02,7.013456469557022288e-02,6.919428105812769347e-02,6.824426291328820893e-02,6.728567810500979407e-02,6.631971781119977427e-02,6.534758758785938482e-02,6.437051443890631774e-02,6.338973115119675428e-02,6.240648230821203846e-02,6.142202552105672370e-02,6.043761807251861462e-02,5.945452509122760992e-02,5.847400149535424141e-02,5.749731283538070392e-02,5.652570569876443768e-02,5.556042936766582285e-02,5.460271509387024103e-02,5.365378165955118905e-02,5.271483249555395517e-02,5.178705322231452746e-02,5.087160642070925193e-02,4.996963300770710520e-02,4.908224314857025788e-02,4.821052489456574552e-02,4.735552980485017993e-02,4.651827687436300984e-02,4.569975147398196158e-02,4.490090268671963203e-02,4.412263783248639853e-02,4.336582314549271289e-02,4.263128328050463933e-02,4.191979667576537644e-02,4.123209742136369621e-02,4.056887028755420260e-02,3.993075073585258816e-02,3.931832348150297862e-02,3.873212452365600023e-02,3.817263606515980401e-02,3.764028608935224979e-02,3.713545253627420495e-02,3.665845055148779508e-02,3.620955108116778731e-02,3.578896059841009392e-02,3.539683538137147756e-02,3.503327486165778992e-02,3.469832447573777817e-02,3.439197163071881086e-02,3.411415035886335850e-02,3.386474016517022206e-02,3.364356846347480584e-02,3.345040752045135707e-02,3.328497938510427412e-02,3.314695220765659367e-02,3.303594855938864899e-02,3.295153703486953384e-02,3.289324453277151644e-02,3.286054872244600911e-02,3.285288366266510274e-02,3.286963858031230479e-02,3.291016891980056563e-02,3.297378256017679393e-02,3.305975690255695543e-02,3.316733106081890675e-02,3.329571350936199464e-02,3.344407926736818470e-02,3.361157945296135846e-02,3.379733551407278908e-02,3.400044931231413492e-02,3.421999648540208216e-02,3.445503898063651677e-02,3.470461993825915692e-02,3.496777179421010212e-02,3.524351046322318076e-02,3.553085141924014478e-02,3.582879894013601269e-02,3.613635611108230450e-02,3.645252505083769468e-02,3.677631027949797987e-02
3.303016843302423733e-01,3.266077432167002748e-01,3.229729186993078871e-01,3.194024962861871653e-01,3.159016163991318349e-01,3.124752669633538704e-01,3.091282860247356878e-01,3.058653708077478384e-01,3.026910355746655901e-01,2.996096095794648639e-01,2.966252804371293239e-01,2.937420357989584119e-01,2.909636873973128202e-01,2.882938554307709622e-01,2.857359811036419561e-01,2.832933177695799998e-01,2.809689128623296672e-01,2.787656164316932306e-01,2.766861005952822583e-01,2.747328190186732466e-01,2.729080513704967847e-01,2.712138602543954780e-01,2.696521198706776090e-01,2.682245075145779922e-01,2.669325010140410348e-01,2.657773802775516003e-01,2.647602541156705014e-01,2.638820073236505248e-01,2.631433519578589286e-01,2.625448258175311356e-01,2.620867629805313515e-01,2.617693317781925599e-01,2.615925103484958436e-01,2.615561157657158020e-01,2.616597849218101346e-01,2.619029941742936352e-01,2.622850550368333589e-01,2.628051180000353093e-01,2.634621929832653975e-01,2.642551323500692551e-01,2.651826282840648030e-01,2.662432747207847950e-01,2.674354767040021952e-01,2.687575492577678471e-01,2.702076759032639997e-01,2.717839071704548637e-01,2.734841866128894794e-01,2.753063520266985087e-01,2.772481211638753718e-01,2.793071242504135410e-01,2.814808974266294617e-01,2.837668848992951909e-01,2.861624281700589911e-01,2.886648171244737271e-01,2.912712403721861576e-01,2.939788191566746756e-01,2.967846282468002417e-01,2.996856660399471739e-01,3.026788483311799172e-01,3.057610991423271307e-01,3.089292198763997077e-01,3.121800016335224415e-01,3.155102005384770036e-01,3.189165314920291427e-01,3.223956422669009836e-01,3.259441933118343293e-01,3.295587899593793724e-01,3.332360071726471196e-01,3.369724138392488078e-01,3.407645521689290358e-01,3.446089374982736486e-01,3.485020888974423303e-01,3.524404851553029627e-01,3.564206296237706906e-01,3.604389773483060999e-01,3.644920096279705146e-01,3.685761593944992809e-01,3.726879175863426763e-01,3.768237237433892384e-01,3.809800224882898823e-01,3.851532713815842834e-01,3.893399298819031906e-01,3.935364490962621198e-01,3.977392846768008083e-01,4.019449049939753937e-01,4.061497646766065173e-01,4.103503352075828503e-01,4.145431176112546190e-01,4.187245679461790160e-01,4.228911973409970049e-01,4.270394931546479533e-01,4.311659698358167314e-01,4.352671367108136846e-01,4.393395156028722659e-01,4.433796794479965553e-01,4.473841260056799496e-01,4.513494544193625280e-01,4.552722194871580697e-01,4.591490119094714939e-01,4.629764264606937574e-01,4.667510769794493974e-01,4.704696169631081837e-01,4.741286759233683812e-01,4.777249181962078817e-01,4.812550456106672869e-01,4.847157640517101851e-01,4.881038067372347466e-01,4.914159282812825547e-01,4.946489281347616895e-01,4.977996077629950333e-01,5.008648209367381199e-01,5.038414287620323062e-01,5.067263701969650924e-01,5.095165779218493451e-01,5.122090772724182672e-01,5.148008864402433549e-01,5.172890808720113087e-01,5.196708239367757720e-01,5.219432855834991170e-01,5.241037133459407471e-01,5.261494303778504467e-01,5.280778047203383840e-01,5.298862705754855407e-01,5.315723466850108547e-01,5.331336178438313977e-01,5.345677638363323103e-01,5.358725298110674773e-01,5.370457701735300571e-01,5.380854191585748847e-01,5.389895067684726815e-01,5.397562009807331806e-01,5.403837126993894513e-01,5.408704303476027375e-01,5.412148033186594542e-01,5.414154530327300874e-01,5.414710955435597661e-01,5.413805950058844241e-01,5.411429220551020602e-01,5.407572291059483671e-01,5.402227801993951806e-01,5.395390167892529787e-01,5.387054845440267803e-01,5.377219519344795806e-01,5.365883128347068709e-01,5.353046360354603017e-01,5.338711295975546722e-01,5.322882314979874296e-01,5.305565163661359884e-01,5.286767495221265101e-01,5.266498756198305653e-01,5.244770366929188965e-01,5.221595471034152780e-01,5.196989391870812103e-01,5.170968901468664392e-01,5.143553362286767960e-01,5.114763487733630098e-01,5.084622440784337671e-01,5.053154905241951100e-01,5.020387985966487943e-01,4.986350461384675969e-01,4.951073328967437459e-01,4.914589292518493635e-01,4.876933269796298043e-01,4.838142091280102641e-01,4.798254340120141070e-01,4.757310646063834803e-01,4.715353416400652753e-01,4.672427323005316491e-01,4.628578149654609120e-01,4.583853995620599253e-01,4.538304535695829589e-01,4.491981032061758694e-01,4.444936654491991046e-01,4.397225865017101443e-01,4.348904807745093137e-01,4.300031062698772555e-01,4.250663428397898902e-01,4.200862412174358185e-01,4.150689276421732909e-01,4.100206959921262051e-01,4.049478919853196079e-01,3.998570108401531820e-01,3.947546162739284381e-01,3.896473407804554312e-01,3.845419101328922395e-01,3.794450994440947689e-01,3.743637503944917677e-01,3.693047193845329645e-01,3.642749031771055912e-01,3.592812238927470259e-01,3.543306141782472940e-01,3.494299861072103219e-01,3.445862456092862458e-01,3.398062711634869948e-01,3.350969215215261476e-01,3.304649492629854746e-01,3.259171053342637125e-01,3.214600220430341437e-01,3.171002789597682225e-01,3.128443228327939529e-01,3.086985056691328722e-01,3.046690628370237741e-01,3.007620646299136724e-01,2.969834821726469731e-01,2.933390744457727295e-01,2.898344614103789407e-01,2.864750631762935651e-01,2.832661251502519573e-01,2.802126674132832118e-01,2.773195083708166475e-01,2.745912368022206951e-01,2.720322048949129212e-01,2.696465147594629963e-01,2.674380152063025040e-01,2.654102920596629889e-01,2.635666584410188973e-01,2.619101551191137522e-01,2.604434969288866308e-01,2.591691542112869451e-01,2.580892654504324812e-01,2.572056450608880551e-01,2.565198261992413520e-01,2.560330071518520101e-01,2.557460565080481030e-01,2.556595074582708182e-01,2.557735871692361496e-01,2.560881607577936148e-01,2.566027681074762312e-01,2.573166160312703732e-01,2.582285574005234174e-01,2.593371192888963006e-01,2.606404809653960486e-01,2.621364794099668161e-01,2.638226296434728613e-01,2.656961003504302865e-01,2.677537381791668114e-01,2.699920467642717425e-01,2.724072223681184290e-01,2.749951537882973085e-01,2.777513774144744207e-01,2.806711779808489515e-01,2.837494975174721379e-01,2.869810068398849223e-01,2.903600948129195225e-01,2.938808848629175241e-01,2.975372120600559556e-01,3.013226888076723786e-01,3.052306575304742919e-01,3.092542375523129050e-01,3.133863479169723965e-01,3.176196727993212399e-01,3.219467135443268568e-01,3.263597973599931534e-01,3.308510652468740210e-01,3.354125179298918513e-01,3.400360107634565754e-01,3.447133057879332996e-01,3.494359827139305597e-01,3.541956088922831314e-01,3.589836173671281938e-01,3.637914045170543287e-01,3.686103136426638338e-01,3.734316519965515946e-01,3.782467293782799111e-01,3.830468404422444628e-01,3.878233165062245358e-01,3.925675167143733435e-01,3.972708309411860927e-01,4.019247631217900962e-01,4.065208615603054798e-01,4.110508017152973981e-01,4.155063717346791918e-01,4.198794905927101251e-01,4.241622151136661412e-01,4.283468040248545883e-01,4.324256571752063127e-01,4.363913891149948654e-01,4.402368397331726246e-01,4.439550333569133311e-01,4.475392717595349512e-01,4.509830926866855716e-01,4.542802945407229953e-01,4.574249617367328602e-01,4.604114771772653270e-01,4.632345027968400308e-01,4.658890260214308410e-01,4.683703500167630818e-01,4.706741224446521210e-01,4.727963095742980237e-01,4.747332393727427546e-01,4.764816113341360237e-01,4.780384477689811895e-01,4.794011939349951401e-01,4.805676096706653633e-01,4.815358752688723709e-01,4.823045556998951100e-01,4.828725743052136310e-01,4.832392579045594605e-01,4.834043396427798456e-01,4.833679070362461583e-01,4.831304568064519467e-01,4.826929014931835016e-01,4.820565037812338249e-01,4.812229190933520195e-01,4.801941879665123647e-01,4.789727659135746829e-01,4.775614083675319144e-01,4.759633012264386509e-01,4.741819682240788758e-01,4.722212826807830610e-01,4.700854923687369236e-01,4.677791314570642345e-01,4.653071158398591201e-01,4.626746746843368174e-01,4.598872896650018083e-01,4.569508214378259492e-01,4.538713413405224828e-01,4.506552593396179196e-01,4.473092028429361267e-01,4.438400589663180629e-01,4.402549454512509897e-01,4.365611977030106061e-01,4.327663580715144787e-01,4.288781660390751926e-01,4.249044888811994714e-01,4.208534391223393012e-01,4.167331621377817763e-01,4.125519983041516792e-01,4.083183820305147371e-01,4.040408220137832740e-01,3.997278992100982697e-01,3.953882648250927057e-01,3.910305906231417161e-01,3.866635676377805364e-01,3.822959075391146877e-01,3.779362961256653164e-01,3.735933711173879401e-01,3.692757316710623128e-01,3.649919113577421159e-01,3.607503506223850298e-01,3.565593885035386879e-01,3.524272526708729925e-01,3.483620229896214893e-01,3.443716346863285316e-01,3.404638496590481900e-01,3.366462533013362401e-01,3.329262256254969521e-01,3.293109394213578622e-01,3.258073313381024128e-01,3.224221094838586876e-01,3.191617114018245882e-01,3.160323361306594525e-01,3.130398575688310148e-01,3.101899070504114952e-01,3.074877836904238992e-01,3.049384918729604044e-01,3.025467063549787117e-01,3.003167663746518223e-01,2.982527037932944380e-01,2.963581637864024509e-01,2.946364774505518258e-01,2.930905810660704436e-01,2.917230826313159109e-01,2.905362062672945389e-01,2.895317978871860820e-01,2.887113517368197768e-01,2.880759717201397674e-01,2.876263919864571195e-01,2.873629511942658032e-01,2.872856338175510671e-01,2.873940385585722623e-01,2.876874054741928588e-01,2.881645673435439536e-01,2.888240247937072791e-01,2.896638956322867275e-01,2.906819455653877338e-01,2.918755902636342436e-01,2.932418802706571181e-01,2.947775721818539085e-01,2.964790161702020033e-01,2.983423094600366476e-01,3.003632090009072941e-01,3.025371548974521430e-01,3.048592974820842905e-01,3.073245226482098635e-01,3.099274049046017998e-01,3.126623044476410929e-01,3.155233059546289631e-01,3.185042613991831972e-01,3.215987997942586496e-01,3.248003540565785885e-01,3.281021451070650907e-01,3.314972265160778808e-01,3.349784782605625955e-01,3.385386342825916217e-01,3.421703024709523144e-01,3.458659511622509952e-01,3.496179668538609842e-01,3.534186220246424148e-01,3.572601496500210083e-01,3.611346881315348756e-01,3.650343589024345747e-01,3.689512677568059229e-01,3.728774901982779832e-01,3.768051065689261292e-01,3.807262562728205291e-01,3.846330798663250006e-01,3.885177844051243556e-01,3.923726459245430176e-01,3.961900290752017884e-01,3.999623938236813170e-01,4.036823271860097706e-01,4.073425181122580785e-01,4.109358139523555109e-01,4.144552285723325791e-01,4.178939126414794591e-01,4.212452290334225413e-01,4.245027152926262870e-01,4.276601341790554067e-01,4.307114383026292015e-01,4.336508246048423332e-01,4.364727324581988976e-01,4.391718293463481859e-01,4.417430526029924032e-01,4.441815924050103170e-01,4.464829372546536002e-01,4.486428210271011796e-01
4.271245137134758174e-01,4.260857626397220876e-01,4.251313626104858412e-01,4.242626462762518758e-01,4.234808395078019094e-01,4.227870842133843454e-01,4.221824636408580966e-01,4.216679595058543950e-01,4.212444999835956438e-01,4.209129270091709896e-01,4.206739988904715233e-01,4.205284291493052162e-01,4.204768300692963146e-01,4.205197651308079654e-01,4.206577156401970496e-01,4.208911073399438929e-01,4.212202904212146160e-01,4.216455589776841872e-01,4.221671401664994772e-01,4.227851853887652500e-01,4.234998128591209166e-01,4.243110494957572087e-01,4.252188737273369656e-01,4.262232101668488315e-01,4.273239340079523219e-01,4.285208277854540837e-01,4.298136493911370870e-01,4.312020924366107844e-01,4.326857791631691375e-01,4.342642858417158913e-01,4.359371400957088305e-01,4.377037952970952994e-01,4.395636600110354730e-01,4.415160715380949119e-01,4.435603333109691682e-01,4.456956722499269552e-01,4.479212552613988652e-01,4.502362027454812066e-01,4.526395430122802099e-01,4.551302952731871576e-01,4.577073765439031439e-01,4.603696480160961446e-01,4.631159044445767869e-01,4.659448885214751979e-01,4.688552605133210482e-01,4.718456152547737537e-01,4.749144858861433227e-01,4.780603247302537273e-01,4.812815210309074332e-01,4.845763672526932631e-01,4.879431089912732999e-01,4.913798876220665246e-01,4.948847988802255182e-01,4.984558079504717854e-01,5.020908568137542050e-01,5.057877580368185244e-01,5.095442503708160764e-01,5.133580099767801608e-01,5.172266074006537373e-01,5.211474952099550695e-01,5.251181124628317987e-01,5.291357197587552852e-01,5.331975676044339307e-01,5.373007468079674664e-01,5.414422952716461124e-01,5.456191517302774185e-01,5.498281532375233205e-01,5.540660463727944407e-01,5.583294995093615043e-01,5.626150702560906991e-01,5.669192373382719863e-01,5.712383818954911430e-01,5.755688011024647777e-01,5.799066836303868877e-01,5.842481697995599577e-01,5.885892732303742436e-01,5.929259508087431074e-01,5.972540766348088948e-01,6.015694340877570934e-01,6.058677480559836459e-01,6.101446525697504786e-01,6.143957119399505729e-01,6.186164422135788099e-01,6.228023009882223127e-01,6.269486573677212071e-01,6.310508690594255343e-01,6.351042083611797562e-01,6.391039104025562079e-01,6.430451928585996235e-01,6.469232226545429398e-01,6.507331569103835811e-01,6.544701050171748413e-01,6.581291797939263777e-01,6.617054829274924277e-01,6.651941172958649728e-01,6.685901956815709646e-01,6.718888301488763481e-01,6.750851630733876174e-01,6.781743348982607333e-01,6.811515649162396269e-01,6.840121024491421231e-01,6.867512215218585236e-01,6.893642777311709269e-01,6.918466985418109116e-01,6.941939733690375425e-01,6.964016754414359411e-01,6.984654731118064008e-01,7.003811443079164256e-01,7.021445504074154131e-01,7.037517113959665949e-01,7.051987278493815348e-01,7.064818679309240457e-01,7.075975211387469654e-01,7.085422431283379119e-01,7.093127650049211308e-01,7.099059213916514288e-01,7.103187894968721050e-01,7.105486037723106607e-01,7.105927833804065452e-01,7.104489836035913219e-01,7.101149932327481817e-01,7.095888745524777663e-01,7.088688932624782613e-01,7.079535563379991681e-01,7.068415510206998986e-01,7.055318497007871947e-01,7.040236708962334111e-01,7.023164625831131991e-01,7.004099309085950464e-01,6.983040290925104365e-01,6.959989936209397543e-01,6.934953225047486569e-01,6.907937681231832716e-01,6.878953885952138192e-01,6.848014615197947075e-01,6.815136022678962568e-01,6.780336577758001582e-01,6.743637724777502562e-01,6.705063530885772005e-01,6.664641300361153764e-01,6.622400717013056104e-01,6.578374189485238777e-01,6.532597150502623684e-01,6.485107549376482039e-01,6.435946109739784093e-01,6.385156384733399193e-01,6.332784379861429169e-01,6.278878588427043717e-01,6.223490393194167636e-01,6.166673264756526995e-01,6.108483501065541388e-01,6.048979398120825079e-01,5.988221844115370063e-01,5.926273776070973831e-01,5.863200225157931822e-01,5.799068431849873084e-01,5.733947729306922980e-01,5.667908793392010258e-01,5.601024718779563649e-01,5.533369894147071033e-01,5.465020393195147985e-01,5.396053560756616241e-01,5.326548435846510943e-01,5.256585025206673700e-01,5.186244551432031002e-01,5.115609192698642449e-01,5.044761935314895362e-01,4.973786590303367339e-01,4.902767475567377797e-01,4.831789322800079112e-01,4.760937437632448144e-01,4.690297140998214154e-01,4.619953624435750861e-01,4.549992391631219601e-01,4.480498279886958590e-01,4.411556194769080674e-01,4.343250012460792564e-01,4.275663503583757019e-01,4.208879289847062832e-01,4.142978948610883672e-01,4.078043414841034386e-01,4.014152031843960522e-01,3.951382789097603321e-01,3.889812419428878565e-01,3.829515836708551335e-01,3.770566204135789024e-01,3.713034888075454898e-01,3.656991218216824047e-01,3.602502280945131252e-01,3.549632999406415745e-01,3.498445775384516065e-01,3.449000849904221289e-01,3.401355495837236620e-01,3.355564450776794549e-01,3.311679760885564705e-01,3.269750339039281251e-01,3.229822367700041497e-01,3.191938529950751335e-01,3.156139041922015331e-01,3.122460222850031997e-01,3.090935612760173368e-01,3.061595003750620103e-01,3.034465196796681252e-01,3.009569043838924429e-01,2.986926371984052753e-01,2.966553284457081885e-01,2.948462265168145802e-01,2.932662312245129521e-01,2.919158781526542401e-01,2.907953500806948477e-01,2.899044557468286598e-01,2.892426490177764653e-01,2.888090272907788969e-01,2.886023438979030131e-01,2.886209560657981843e-01,2.888629220271837772e-01,2.893259203790009559e-01,2.900072827778411022e-01,2.909040326495073159e-01,2.920128241426381277e-01,2.933300069685136902e-01,2.948516124506946334e-01,2.965733620138607529e-01,2.984906555594004640e-01,3.005986242102431372e-01,3.028921241869532710e-01,3.053656927436288471e-01,3.080136385464740112e-01,3.108300120473540540e-01,3.138086157401001053e-01,3.169430310904820525e-01,3.202266263960066861e-01,3.236525521472069511e-01,3.272137885917253963e-01,3.309031080744715414e-01,3.347131574571872714e-01,3.386364117453772860e-01,3.426652265330741853e-01,3.467918041749276648e-01,3.510082917198452668e-01,3.553067224547630243e-01,3.596790548620993899e-01,3.641171806430911206e-01,3.686129674828549918e-01,3.731582413519920483e-01,3.777448306601878802e-01,3.823645533582871736e-01,3.870092392471320975e-01,3.916707927032744840e-01,3.963410982699113738e-01,4.010121932191758054e-01,4.056760950026055967e-01,4.103250076502632515e-01,4.149511892322894635e-01,4.195470408202253698e-01,4.241050941356539483e-01,4.286180214906851194e-01,4.330786828012470613e-01,4.374800941256789533e-01,4.418154819201950412e-01,4.460782426187790417e-01,4.502620060180512751e-01,4.543606541784271924e-01,4.583682405054028686e-01,4.622791142172018031e-01,4.660878498361579192e-01,4.697893105761909993e-01,4.733785959231169294e-01,4.768511248471215547e-01,4.802025836421512373e-01,4.834289429665029059e-01,4.865264892986776446e-01,4.894917929878609408e-01,4.923217721655271939e-01,4.950136134021631551e-01,4.975648388382626908e-01,4.999732976896681946e-01,5.022371480710383640e-01,5.043548845433770689e-01,5.063252942741418572e-01,5.081475169333813380e-01,5.098210180322272356e-01,5.113455344619259879e-01,5.127211933911678399e-01,5.139483780434361826e-01,5.150278005607533682e-01,5.159604958336301284e-01,5.167477998191043476e-01,5.173913179565776677e-01,5.178929850082131248e-01,5.182549888643716018e-01,5.184798248321620395e-01,5.185702246723391529e-01,5.185292300155627254e-01,5.183600805351636920e-01,5.180663133130564146e-01,5.176516486700327713e-01,5.171200724841493734e-01,5.164757675963854711e-01,5.157231262975636721e-01,5.148667240800003375e-01,5.139113310799919843e-01,5.128618547292059793e-01,5.117234051366644776e-01,5.105011957219331986e-01,5.092005891974182852e-01,5.078270810514822209e-01,5.063862121074577116e-01,5.048836945435789536e-01,5.033252627406825663e-01,5.017167382378739937e-01,5.000639912783679808e-01,4.983729248534944922e-01,4.966494586989996796e-01,4.948995533029443283e-01,4.931291256803068124e-01,4.913441021296018896e-01,4.895503907556718604e-01,4.877538149569093928e-01,4.859601809861224808e-01,4.841752383442902707e-01,4.824045931355345762e-01,4.806538222473062394e-01,4.789283624790784399e-01,4.772335599534480166e-01,4.755746186552025079e-01,4.739565982133359667e-01,4.723844413842204215e-01,4.708628871042133124e-01,4.693965389355376772e-01,4.679898200930227015e-01,4.666469540680892591e-01,4.653719776989350132e-01,4.641687475205293900e-01,4.630408509857504296e-01,4.619917234552312624e-01,4.610245507790252106e-01,4.601423005893046647e-01,4.593476862542823502e-01,4.586432205502342097e-01,4.580311261052558702e-01,4.575134387643873812e-01,4.570918904934100357e-01,4.567680062195647595e-01,4.565430338963430978e-01,4.564179870091564784e-01,4.563936090282117997e-01,4.564704043480830586e-01,4.566486269837739531e-01,4.569282602259614467e-01,4.573090558658915450e-01,4.577905104706400108e-01,4.583718826886666320e-01,4.590521900204393990e-01,4.598302034370297386e-01,4.607044769148413432e-01,4.616733240817286754e-01,4.627348472003388613e-01,4.638869109774357291e-01,4.651271913892122689e-01,4.664531657323117142e-01,4.678621009642284778e-01,4.693510520210112946e-01,4.709169356185646804e-01,4.725564897148435417e-01,4.742662612439717540e-01,4.760426580024597065e-01,4.778819411105590387e-01,4.797802351412674415e-01,4.817335305828027159e-01,4.837377120422978738e-01,4.857885177421675804e-01,4.878816649457743959e-01,4.900127135082719687e-01,4.921771556741484921e-01,4.943704564237137444e-01,4.965879767222415864e-01,4.988250832852611505e-01,5.010770559633261900e-01,5.033391666136468601e-01,5.056067111774601441e-01,5.078748979791487539e-01,5.101390441160027489e-01,5.123944099355105530e-01,5.146363092753715174e-01,5.168600933748220827e-01,5.190611490060458300e-01,5.212349320807654340e-01,5.233769791298673590e-01,5.254828361634448219e-01,5.275482216044317108e-01,5.295688944210437121e-01,5.315407223792567581e-01,5.334596761622778516e-01,5.353218627476999947e-01,5.371235094102757568e-01,5.388609549592850989e-01,5.405306907945132133e-01,5.421293651610962216e-01,5.436537217816244105e-01,5.451007532868203942e-01,5.464675253100590435e-01,5.477513279460964890e-01,5.489495983850689598e-01,5.500599308414692024e-01,5.510801146603822032e-01,5.520081356803779871e-01,5.528421398526114361e-01,5.535804820240860513e-01,5.542216620043231012e-01,5.547644313473749644e-01,5.552076626613715593e-01,5.555504739094994093e-01,5.557921536541136076e-01,5.559321736183960860e-01,5.559701976839442894e-01,5.559061035519931027e-01,5.557399190109554299e-01,5.554718928552445645e-01,5.551024137837257122e-01,5.546321031509212629e-01,5.540617266207656932e-01,5.533922305169534095e-01,5.526247555029611958e-01,5.517605611917235642e-01,5.508011126597907037e-01,5.497480425348464372e-01
3.708614661511114852e-01,3.717336613490719865e-01,3.725818970914696604e-01,3.734066703249780406e-01,3.742084442997978821e-01,3.749877902175748345e-01,3.757452407781448622e-01,3.764813603596012248e-01,3.771967398832101748e-01,3.778919588864683710e-01,3.785676096745585473e-01,3.792242742911848818e-01,3.798625247356997581e-01,3.804829298763939827e-01,3.810860460374408398e-01,3.816723865613327327e-01,3.822424683042969784e-01,3.827967487218687515e-01,3.833356688479170882e-01,3.838596522676525069e-01,3.843690332140114463e-01,3.848641506563899584e-01,3.853452778196097550e-01,3.858126316794792121e-01,3.862663929510902761e-01,3.867066932248390265e-01,3.871335853749615086e-01,3.875470713181962679e-01,3.879471247316799154e-01,3.883336180432722662e-01,3.887063936589377211e-01,3.890652286445818175e-01,3.894098255811415665e-01,3.897398290558081735e-01,3.900548438826204611e-01,3.903543943919162151e-01,3.906379566453179741e-01,3.909049306188676076e-01,3.911546926694361992e-01,3.913865441380764976e-01,3.915997255360929574e-01,3.917934617591531388e-01,3.919668735638083268e-01,3.921190924164089653e-01,3.922491848568151473e-01,3.923561895363789631e-01,3.924390746696256316e-01,3.924968291473470705e-01,3.925283860659162238e-01,3.925326472497795427e-01,3.925085089813364903e-01,3.924548570264180247e-01,3.923705527965342110e-01,3.922544594561753750e-01,3.921054415826731865e-01,3.919223494260495322e-01,3.917040648473088527e-01,3.914494761034346682e-01,3.911574810107552591e-01,3.908270022830516166e-01,3.904569960061641809e-01,3.900464403072343988e-01,3.895943807809932324e-01,3.890998674485359188e-01,3.885620076802841494e-01,3.879799861529538152e-01,3.873530079162452733e-01,3.866803570937134560e-01,3.859613922206776015e-01,3.851955172604960009e-01,3.843822360370101054e-01,3.835211021459054570e-01,3.826117688859465571e-01,3.816539776501651215e-01,3.806475446157990827e-01,3.795923782545851388e-01,3.784884763191794788e-01,3.773359561619456515e-01,3.761350067181947199e-01,3.748859308532664913e-01,3.735891202929236821e-01,3.722450796285836638e-01,3.708544213954536595e-01,3.694178550804778083e-01,3.679361925057984539e-01,3.664103637066818964e-01,3.648413989727833373e-01,3.632304202242042646e-01,3.615786615761769074e-01,3.598874716271839858e-01,3.581582859786018869e-01,3.563926365976559096e-01,3.545921639162187833e-01,3.527586053848119629e-01,3.508937698606950373e-01,3.489995809345293187e-01,3.470780162152833359e-01,3.451311701969426160e-01,3.431611866239697162e-01,3.411702982349980595e-01,3.391607915783040883e-01,3.371350460003679217e-01,3.350954692990580908e-01,3.330445287160995194e-01,3.309847488217366185e-01,3.289187015778100021e-01,3.268489692610564989e-01,3.247781828429907591e-01,3.227090098707763866e-01,3.206441149171807559e-01,3.185861689890167048e-01,3.165378639466538413e-01,3.145018828646170550e-01,3.124809001238172956e-01,3.104775590333584412e-01,3.084945175665749217e-01,3.065343698787870719e-01,3.045996684673769606e-01,3.026929557368734924e-01,3.008166970303565169e-01,2.989733028081592026e-01,2.971651420820423661e-01,2.953944594152344005e-01,2.936634798634167876e-01,2.919743338636419105e-01,2.903290210284841244e-01,2.887294943047385432e-01,2.871775703109560318e-01,2.856749834961846979e-01,2.842233393745914882e-01,2.828241326858488280e-01,2.814787249290224835e-01,2.801883629839567180e-01,2.789541734868968281e-01,2.777771088598813276e-01,2.766580180632254304e-01,2.755975868630045622e-01,2.745963766631159819e-01,2.736547796672778587e-01,2.727730450449970534e-01,2.719512874190941343e-01,2.711894382807456538e-01,2.704872839622164959e-01,2.698444775159306031e-01,2.692604908132353869e-01,2.687346600953828268e-01,2.682661478814882261e-01,2.678539776644303094e-01,2.674970192099329069e-01,2.671939998486287937e-01,2.669434714268992259e-01,2.667438749297684208e-01,2.665934905209407790e-01,2.664904756500771632e-01,2.664328330321956706e-01,2.664184526653938234e-01,2.664450981019937936e-01,2.665104009768761162e-01,2.666118898178547192e-01,2.667469767827234661e-01,2.669129880420398893e-01,2.671071503907985756e-01,2.673265707428216786e-01,2.675683210604195561e-01,2.678293719156356056e-01,2.681066387937907636e-01,2.683969496950662781e-01,2.686971302601398048e-01,2.690039319893981484e-01,2.693140746257157159e-01,2.696242809241739535e-01,2.699312136724652533e-01,2.702315562710823627e-01,2.705220035440878412e-01,2.707992362425940547e-01,2.710599675373882023e-01,2.713009590198042775e-01,2.715189718222072446e-01,2.717108590187848338e-01,2.718735033724392625e-01,2.720038554783467677e-01,2.720989624177025390e-01,2.721559362570319385e-01,2.721719952154061928e-01,2.721444533189318893e-01,2.720707392713818673e-01,2.719484087504847047e-01,2.717751117258630500e-01,2.715486930300912705e-01,2.712670744317173810e-01,2.709283701106310338e-01,2.705308471032044082e-01,2.700729173058566968e-01,2.695531750864213483e-01,2.689703967371933624e-01,2.683235245816883996e-01,2.676117007920825741e-01,2.668342523315094805e-01,2.659906944325171052e-01,2.650807341791333593e-01,2.641043176526809977e-01,2.630615598176035963e-01,2.619527931461143044e-01,2.607785550413813103e-01,2.595395960708180572e-01,2.582368840431458756e-01,2.568715854853622638e-01,2.554450805426183857e-01,2.539589642587054552e-01,2.524150498191530811e-01,2.508153287622919558e-01,2.491619985640041168e-01,2.474575034368729221e-01,2.457044345942507868e-01,2.439055906992685374e-01,2.420639767367995521e-01,2.401827633434625298e-01,2.382653017650118721e-01,2.363151294595300100e-01,2.343359390159523159e-01,2.323315720878736390e-01,2.303060498492233432e-01,2.282635114767711526e-01,2.262082387994037436e-01,2.241446641042500743e-01,2.220773014406586532e-01,2.200107980656551276e-01,2.179498975354918766e-01,2.158994352070067457e-01,2.138642947417191131e-01,2.118494850974159405e-01,2.098600187105902348e-01,2.079009871484040761e-01,2.059775060864962593e-01,2.040947143675761188e-01,2.022577673475821070e-01,2.004718265292429191e-01,1.987420194478976831e-01,1.970734756975868751e-01,1.954712782035441243e-01,1.939404657090925133e-01,1.924860124100207792e-01,1.911128339882329219e-01,1.898257564586725288e-01,1.886295060911073185e-01,1.875287079586783201e-01,1.865278805544401397e-01,1.856313913638846236e-01,1.848434853364093189e-01,1.841682682553751338e-01,1.836096512948829362e-01,1.831714041643131841e-01,1.828570960892060837e-01,1.826701236584359900e-01,1.826136765351405733e-01,1.826907367945578564e-01,1.829040524101714638e-01,1.832561748657021705e-01,1.837494120529051533e-01,1.843858195698764302e-01,1.851672352416354472e-01,1.860952094520429145e-01,1.871710710983359727e-01,1.883958607227491089e-01,1.897703694844669053e-01,1.912950890098103762e-01,1.929702801550303159e-01,1.947958920395015392e-01,1.967716197854860460e-01,1.988968421933493547e-01,2.011707003777191693e-01,2.035920250709187251e-01,2.061593701109248333e-01,2.088710293591572731e-01,2.117249836717388645e-01,2.147189641868468002e-01,2.178504166247887397e-01,2.211165213843294675e-01,2.245141958209753152e-01,2.280400741431086731e-01,2.316905564393782757e-01,2.354617822208949773e-01,2.393496590851693362e-01,2.433498351747585553e-01,2.474577422895941903e-01,2.516685779387326516e-01,2.559773498686299664e-01,2.603788278338967088e-01,2.648676083551143035e-01,2.694380970684199239e-01,2.740845113084604545e-01,2.788009295366900009e-01,2.835812429173095728e-01,2.884192162862479480e-01,2.933084876992446133e-01,2.982425798608854262e-01,3.032148834599450171e-01,3.082187113620421526e-01,3.132472987416964894e-01,3.182937938102360920e-01,3.233513194763283916e-01,3.284129229633447333e-01,3.334716414578267618e-01,3.385204944248970116e-01,3.435524864978167225e-01,3.485606408758604724e-01,3.535380235468866816e-01,3.584777142142277495e-01,3.633728362738862794e-01,3.682166107564762703e-01,3.730023131729103825e-01,3.777233191747402241e-01,3.823730955090961503e-01,3.869452402052593887e-01,3.914334743403525829e-01,3.958316487108751724e-01,4.001337927716528409e-01,4.043340697913924697e-01,4.084268286137918702e-01,4.124066234942976306e-01,4.162681688282882098e-01,4.200064223083897486e-01,4.236165245711421834e-01,4.270938552295614477e-01,4.304340257858814134e-01,4.336329022466960947e-01,4.366865577595369641e-01,4.395913692672261952e-01,4.423439500138773850e-01,4.449411901151745230e-01,4.473802344875262849e-01,4.496585347299281721e-01,4.517737994748835528e-01,4.537240239945268261e-01,4.555075243012097208e-01,4.571228718482103770e-01,4.585689274100627211e-01,4.598448735174545110e-01,4.609501822918952163e-01,4.618845921671460575e-01,4.626481627409948505e-01,4.632412358003017427e-01,4.636644301198085127e-01,4.639186877864528991e-01,4.640051872456595339e-01,4.639254373405005683e-01,4.636811885030057701e-01,4.632744583446026243e-01,4.627075512534382651e-01,4.619830367270004179e-01,4.611037253628518240e-01,4.600726703805588791e-01,4.588931700577958961e-01,4.575687466738792009e-01,4.561031608425389350e-01,4.545003846975714801e-01,4.527645781813693371e-01,4.509001268488627701e-01,4.489115665982049697e-01,4.468036459726109078e-01,4.445812515378221863e-01,4.422494395566322622e-01,4.398133956864886951e-01,4.372784522854537559e-01,4.346500722289111662e-01,4.319337946589145161e-01,4.291352548388994714e-01,4.262602427354694745e-01,4.233145446936103506e-01,4.203040330351157094e-01,4.172346424913191965e-01,4.141123380846271074e-01,4.109431005965593631e-01,4.077329365027641539e-01,4.044878395749584299e-01,4.012138330175976098e-01,3.979168504801598449e-01,3.946028506255286894e-01,3.912777201044319586e-01,3.879473016486295611e-01,3.846173506199649927e-01,3.812935761837004112e-01,3.779815633743193182e-01,3.746868225691664112e-01,3.714147553544744906e-01,3.681706399962075826e-01,3.649596191817222612e-01,3.617867139268040044e-01,3.586567893631877335e-01,3.555745791444517301e-01,3.525446208246796886e-01,3.495713289852552252e-01,3.466589168526256759e-01,3.438114215246262928e-01,3.410326959750314968e-01,3.383264085945323352e-01,3.356960276304670754e-01,3.331448237150625991e-01,3.306758661493082729e-01,3.282919989763379842e-01,3.259958877461859306e-01,3.237899701308713518e-01,3.216764600586480838e-01,3.196573788627648516e-01,3.177345184940231215e-01,3.159094544902913415e-01,3.141835523283853515e-01,3.125579673051392948e-01,3.110336218347309334e-01,3.096112438304842729e-01,3.082913584384913142e-01,3.070742659851973255e-01,3.059600724102035096e-01,3.049486723680401856e-01,3.040397793269769000e-01,3.032329057681718565e-01,3.025273804714615489e-01,3.019223392711193887e-01,3.014167590894603621e-01,3.010094358119227986e-01,3.006989864561278036e-01,3.004838900974988181e-01,3.003624761272241095e-01,3.003328922354067121e-01,3.003931914079174259e-01,3.005412907965418490e-01,3.007749389264351980e-01
6.863676482663336742e-01,6.890516808739445276e-01,6.916974446699433177e-01,6.943027198082825091e-01,6.968653556077463174e-01,6.993833038386838563e-01,7.018545812974588127e-01,7.042772761117856994e-01,7.066495661694278674e-01,7.089696881808583706e-01,7.112359774129418666e-01,7.134468568930176779e-01,7.156007904664831720e-01,7.176963593902493388e-01,7.197321762116343224e-01,7.217069939300684300e-01,7.236195801414351259e-01,7.254688075506195988e-01,7.272536266498441648e-01,7.289730394160592875e-01,7.306261349459002297e-01,7.322120815502835001e-01,7.337301036512073882e-01,7.351794812842378235e-01,7.365596123930266970e-01,7.378698923027294798e-01,7.391098613438519260e-01,7.402790506287133532e-01,7.413771046188302183e-01,7.424036988275746207e-01,7.433585688658177482e-01,7.442415522632941371e-01,7.450525006838856212e-01,7.457913375159647140e-01,7.464580475636179990e-01,7.470526489248570101e-01,7.475752677216079833e-01,7.480260047059548167e-01,7.484050495851196638e-01,7.487126701464947853e-01,7.489491589550607564e-01,7.491148330445216441e-01,7.492100882802276152e-01,7.492353702714400487e-01,7.491911435855393986e-01,7.490779573626775711e-01,7.488963482508634861e-01,7.486469260506567469e-01,7.483304008700781829e-01,7.479474192737884941e-01,7.474987179901160239e-01,7.469851301625880513e-01,7.464074371162447985e-01,7.457665003261069181e-01,7.450632441964188946e-01,7.442985934725814268e-01,7.434735244782886276e-01,7.425890775044046155e-01,7.416463108629747225e-01,7.406463011775639149e-01,7.395902088042833888e-01,7.384791967964153825e-01,7.373144859650317962e-01,7.360973206230085886e-01,7.348289879818843406e-01,7.335108134611729724e-01,7.321441635205060416e-01,7.307304376963105197e-01,7.292710684896397400e-01,7.277675500690650168e-01,7.262213615571617709e-01,7.246340755529340205e-01,7.230072554758613101e-01,7.213425206457124705e-01,7.196415375076609111e-01,7.179059753304883884e-01,7.161375688078404078e-01,7.143380764401635608e-01,7.125092731631351706e-01,7.106529986189176196e-01,7.087710776721262151e-01,7.068654070593020089e-01,7.049379111222581207e-01,7.029905162561596033e-01,7.010251930955803124e-01,6.990439585680594536e-01,6.970488082728336643e-01,6.950418016768097340e-01,6.930250109492512856e-01,6.910005175700671964e-01,6.889704360834221220e-01,6.869369077184006578e-01,6.849020627145331330e-01,6.828680580248467358e-01,6.808370904767419018e-01,6.788113048672959060e-01,6.767929271192747454e-01,6.747841327223690344e-01,6.727871393891698970e-01,6.708041395697125209e-01,6.688373351471083028e-01,6.668889167308839072e-01,6.649610938209709055e-01,6.630560293291568597e-01,6.611758976634826146e-01,6.593228449375697631e-01,6.574990383177613529e-01,6.557065593672490866e-01,6.539475171334643289e-01,6.522239641885774208e-01,6.505379403060390642e-01,6.488914517754134081e-01,6.472864630280328324e-01,6.457248715336498801e-01,6.442085768303726923e-01,6.427394263692162157e-01,6.413191883855128284e-01,6.399495875189946670e-01,6.386322950318445990e-01,6.373689409469969203e-01,6.361610644759507771e-01,6.350101606678169031e-01,6.339176346245514182e-01,6.328848418916943608e-01,6.319130505009995513e-01,6.310034374151602954e-01,6.301571161047272440e-01,6.293751300235382873e-01,6.286584004373625412e-01,6.280077736121300047e-01,6.274240275343562212e-01,6.269078112499044675e-01,6.264597110997079943e-01,6.260801838434048028e-01,6.257696183558956182e-01,6.255282678386465678e-01,6.253563160943214072e-01,6.252538195228908302e-01,6.252207410582315550e-01,6.252569210353027263e-01,6.253621160841923432e-01,6.255359700003640944e-01,6.257780087977571348e-01,6.260876278185855126e-01,6.264641630097748104e-01,6.269068030698172755e-01,6.274146468773612595e-01,6.279866970653996683e-01,6.286218201072766298e-01,6.293187781545428461e-01,6.300762573192169036e-01,6.308928271745897209e-01,6.317669487517356686e-01,6.326969852784067871e-01,6.336812201395204402e-01,6.347178102450530268e-01,6.358048588022942038e-01,6.369403402661998337e-01,6.381221973337614095e-01,6.393482147006440686e-01,6.406161515849038146e-01,6.419236815539313135e-01,6.432684289439047909e-01,6.446478802860869939e-01,6.460595222618361611e-01,6.475007873462584884e-01,6.489689838819298062e-01,6.504614420689083243e-01,6.519754287078746158e-01,6.535081451411108855e-01,6.550567888883291889e-01,6.566185041125101041e-01,6.581904271579384069e-01,6.597696789261284778e-01,6.613533537090515724e-01,6.629385304049649763e-01,6.645223324550179056e-01,6.661018103324238826e-01,6.676741156878449601e-01,6.692363481810491566e-01,6.707856397974001350e-01,6.723191849180969459e-01,6.738341976675940037e-01,6.753278980286723243e-01,6.767976094275209853e-01,6.782406256991042603e-01,6.796544083503013312e-01,6.810363751538200949e-01,6.823840761046241488e-01,6.836951121353681549e-01,6.849671826828932497e-01,6.861980404660754651e-01,6.873855738618724898e-01,6.885277085119284601e-01,6.896224970797539822e-01,6.906681248780586202e-01,6.916628578428174468e-01,6.926050506179390887e-01,6.934932159120478223e-01,6.943259865455515545e-01,6.951020803035248274e-01,6.958203854370413888e-01,6.964798848245780105e-01,6.970797402965220879e-01,6.976192057279857472e-01,6.980976954162599890e-01,6.985147477089250767e-01,6.988700766146146437e-01,6.991635012241982361e-01,6.993949945684608815e-01,6.995647122367699700e-01,6.996728818046463738e-01,6.997199573501141634e-01,6.997064814738606087e-01,6.996331822861767691e-01,6.995008740751642584e-01,6.993106108460810377e-01,6.990634810004329180e-01,6.987607758434100091e-01,6.984039196823081941e-01,6.979944534923118171e-01,6.975340830429529460e-01,6.970246107647102285e-01,6.964679600748104882e-01,6.958662101164628799e-01,6.952215505696465181e-01,6.945362805138916018e-01,6.938127965212822490e-01,6.930536089069121441e-01,6.922613408138181823e-01,6.914387079672486003e-01,6.905884842029921256e-01,6.897135893101855597e-01,6.888169520252895861e-01,6.879016161615010283e-01,6.869706807148188155e-01,6.860273131298280092e-01,6.850746701488285018e-01,6.841160548758457027e-01,6.831547586913510051e-01,6.821940783242311790e-01,6.812373578033660282e-01,6.802879705627546958e-01,6.793492766421200812e-01,6.784246382312848489e-01,6.775174340498578696e-01,6.766310026982654824e-01,6.757686870923538258e-01,6.749337478982462279e-01,6.741294740883464476e-01,6.733590889158277415e-01,6.726257222586429219e-01,6.719324964961651547e-01,6.712824598196188708e-01,6.706785285372697247e-01,6.701236229534462963e-01,6.696204967404227881e-01,6.691718858772566225e-01,6.687803437837700482e-01,6.684483845286649517e-01,6.681783705134014539e-01,6.679725190811746094e-01,6.678329827472074820e-01,6.677617364070791428e-01,6.677606306411851822e-01,6.678313442006867939e-01,6.679754749324131602e-01,6.681944026764016220e-01,6.684893754032242841e-01,6.688614802823549255e-01,6.693116424576528445e-01,6.698406135569580089e-01,6.704489785368241694e-01,6.711371293523442638e-01,6.719053198261443205e-01,6.727536020723857701e-01,6.736818470108792978e-01,6.746897469134814918e-01,6.757768334872070737e-01,6.769424261251880681e-01,6.781856858529554666e-01,6.795055842838435556e-01,6.809009181685016232e-01,6.823702887211225976e-01,6.839121393519933534e-01,6.855247589610224956e-01,6.872061972634014859e-01,6.889543919166990493e-01,6.907671072612950880e-01,6.926418884145387755e-01,6.945762164725404197e-01,6.965673324132771738e-01,6.986123512665386448e-01,7.007082769913617337e-01,7.028519372536764509e-01,7.050400054516710036e-01,7.072690776282070102e-01,7.095355832000058705e-01,7.118358581417462139e-01,7.141661040890582290e-01,7.165224714819886653e-01,7.189009395794542234e-01,7.212974377553470484e-01,7.237078336550407665e-01,7.261278859388019535e-01,7.285533017140071177e-01,7.309797201429754088e-01,7.334027466080763613e-01,7.358179460711861131e-01,7.382208413464854679e-01,7.406069260513734598e-01,7.429716675159450112e-01,7.453105928687923099e-01,7.476191378020218270e-01,7.498928091733532142e-01,7.521271448955079153e-01,7.543176422325923447e-01,7.564599109980693070e-01,7.585495696058217607e-01,7.605822848711751849e-01,7.625538240400825396e-01,7.644599803941883875e-01,7.662966808172054778e-01,7.680598801316285140e-01,7.697456906131630028e-01,7.713502733486350404e-01,7.728699295877707875e-01,7.743011125606992229e-01,7.756403186446877429e-01,7.768842533489029867e-01,7.780297498874243489e-01,7.790737726958915088e-01,7.800134297785547011e-01,7.808460250427836646e-01,7.815689814546178393e-01,7.821799454395317319e-01,7.826766997250151903e-01,7.830572139497423700e-01,7.833196567589333359e-01,7.834623741358868187e-01,7.834839086959647370e-01,7.833829772559530724e-01,7.831585534081859645e-01,7.828097278649491786e-01,7.823358859927189712e-01,7.817365465090487797e-01,7.810114418175786444e-01,7.801605448763027084e-01,7.791840280332418267e-01,7.780822320444937823e-01,7.768557722572844160e-01,7.755054057706749493e-01,7.740321263268783447e-01,7.724371309028438271e-01,7.707218129511508309e-01,7.688877417914722345e-01,7.669367532675462895e-01,7.648708027167860912e-01,7.626920821357947577e-01,7.604029280504517319e-01,7.580059352170971376e-01,7.555037913638037450e-01,7.528993785830939700e-01,7.501958034753376525e-01,7.473962810950266489e-01,7.445041863789876313e-01,7.415230970573571945e-01,7.384566471992214387e-01,7.353086990448223226e-01,7.320832013368562263e-01,7.287842413792061658e-01,7.254159858523181459e-01,7.219827948009773788e-01,7.184890423405598803e-01,7.149392756277955785e-01,7.113380814439821398e-01,7.076901315887633714e-01,7.040001864262009912e-01,7.002730475017691081e-01,6.965135912313497046e-01,6.927267347647436679e-01,6.889174196108439618e-01,6.850906526309966660e-01,6.812514310899004943e-01,6.774047842412370679e-01,6.735557180696027935e-01,6.697092566595742591e-01,6.658704308565152052e-01,6.620441847315623463e-01,6.582355197931386570e-01,6.544493445716861313e-01,6.506905320121209035e-01,6.469639189823485070e-01,6.432742603660114300e-01,6.396262584175915755e-01,6.360245271153356361e-01,6.324736195003169970e-01,6.289779785640043919e-01,6.255419510621201828e-01,6.221698076244187581e-01,6.188656656875438644e-01,6.156335718887108177e-01,6.124774159711365851e-01,6.094009907371750190e-01,6.064079181469259616e-01,6.035017301791988364e-01,6.006857949833164234e-01,5.979633162243028766e-01,5.953373573213357473e-01,5.928108770274423955e-01,5.903865923455475784e-01,5.880671074371472962e-01,5.858548682826932863e-01,5.837521437606738584e-01,5.817610190550067673e-01,5.798834150766648543e-01,5.781211050429039267e-01,5.764756549434463251e-01,5.749484755558056381e-01,5.735408126315311161e-01,5.722537079856419018e-01,5.710880452496254200e-01,5.700445243175634724e-01,5.691236865150602897e-01,5.683258844882174143e-01,5.676513012323470830e-01,5.670999427473517596e-01
1.347385848610963555e-01,1.342581894386034591e-01,1.338175687146648807e-01,1.334141877870334003e-01,1.330455083625275425e-01,1.327089731778319237e-01,1.324020387491587902e-01,1.321221665526745026e-01,1.318668483023610616e-01,1.316335858502433453e-01,1.314199368008302227e-01,1.312234819280095333e-01,1.310418665154454432e-01,1.308727720520358462e-01,1.307139680588475239e-01,1.305632747642990199e-01,1.304185938887088003e-01,1.302779099108290484e-01,1.301392960049885250e-01,1.300009196413409451e-01,1.298610352589139316e-01,1.297180091120655465e-01,1.295703257225824245e-01,1.294165727915083108e-01,1.292554426805296308e-01,1.290857669733020130e-01,1.289064947169305253e-01,1.287166899144423504e-01,1.285155633349643889e-01,1.283024404251529582e-01,1.280767905654569550e-01,1.278382155558184241e-01,1.275864479515016747e-01,1.273213522114415852e-01,1.270429448266732486e-01,1.267513500458742892e-01,1.264468589216697358e-01,1.261298870880623035e-01,1.258009573262783565e-01,1.254607637084588778e-01,1.251100951603501266e-01,1.247498918625100789e-01,1.243812032571527809e-01,1.240052001066263843e-01,1.236231841935355319e-01,1.232365493608312684e-01,1.228468128549448646e-01,1.224555918551147871e-01,1.220646071535026744e-01,1.216756707013778860e-01,1.212906814861417909e-01,1.209116317184746880e-01,1.205405781313705904e-01,1.201796542849826593e-01,1.198310720003470387e-01,1.194970834392365538e-01,1.191799998517835552e-01,1.188821929846419906e-01,1.186060433277238285e-01,1.183540005740531947e-01,1.181285038661005204e-01,1.179320308405571588e-01,1.177670614472683536e-01,1.176360799588137551e-01,1.175415732750286352e-01,1.174860032520150949e-01,1.174718223925620142e-01,1.175014619085260892e-01,1.175772938144100666e-01,1.177016828458625208e-01,1.178769217004126402e-01,1.181052577669362835e-01,1.183888782517693999e-01,1.187298893413124834e-01,1.191303377818207776e-01,1.195921857553966933e-01,1.201172930977845582e-01,1.207074519232302356e-01,1.213643291148955167e-01,1.220895079766687874e-01,1.228844450969712176e-01,1.237504844773208712e-01,1.246888696796414620e-01,1.257006909872698253e-01,1.267869373317299930e-01,1.279484490281458664e-01,1.291859291545111588e-01,1.304999651340622013e-01,1.318909771145430621e-01,1.333592457337604287e-01,1.349049344341002599e-01,1.365280196294423598e-01,1.382283515864982937e-01,1.400056316898097564e-01,1.418593976197998485e-01,1.437890598310596901e-01,1.457938504224073617e-01,1.478728726883891953e-01,1.500250756339384095e-01,1.522492547968450904e-01,1.545440685424709082e-01,1.569080287826896403e-01,1.593395006340347642e-01,1.618367236847720325e-01,1.643977773403412779e-01,1.670206417754069861e-01,1.697031318930194987e-01,1.724429736661844681e-01,1.752377422507783722e-01,1.780849127878322835e-01,1.809818458558948573e-01,1.839258061231437702e-01,1.869139255355251883e-01,1.899432796884558405e-01,1.930108365591109987e-01,1.961134710637304490e-01,1.992479966426790872e-01,2.024111533451701528e-01,2.055996079434051216e-01,2.088099855449637721e-01,2.120388416307230905e-01,2.152826993784288656e-01,2.185380449608295139e-01,2.218013332975125596e-01,2.250689860954994959e-01,2.283374233897827454e-01,2.316030579745707862e-01,2.348622835008432608e-01,2.381115301608043300e-01,2.413472073149246500e-01,2.445657572189079698e-01,2.477636626973331313e-01,2.509374220357848961e-01,2.540835819392454065e-01,2.571987387913846068e-01,2.602795433889197874e-01,2.633227022942545847e-01,2.663249802802508115e-01,2.692832427744659696e-01,2.721943990029822014e-01,2.750554641085386498e-01,2.778635555935531909e-01,2.806158402690060449e-01,2.833096294985415486e-01,2.859423100988551236e-01,2.885114000611100349e-01,2.910145177435105035e-01,2.934493930819582763e-01,2.958138792534423245e-01,2.981059631995785497e-01,3.003237544111083124e-01,3.024654818736369766e-01,3.045295077583252130e-01,3.065143367659950435e-01,3.084185898709355111e-01,3.102410579857343143e-01,3.119806367198848518e-01,3.136363671920692209e-01,3.152074290420765479e-01,3.166931463340592612e-01,3.180929756439320744e-01,3.194065106111991237e-01,3.206334773979648278e-01,3.217737411635621658e-01,3.228272985023991071e-01,3.237942886832544942e-01,3.246749500984612014e-01,3.254696809843874439e-01,3.261789750514186847e-01,3.268034706914030862e-01,3.273439118137770332e-01,3.278011582438049021e-01,3.281761669745975607e-01,3.284700208799442578e-01,3.286839070854519207e-01,3.288190771743586538e-01,3.288769218542567652e-01,3.288588836212550381e-01,3.287665082717452503e-01,3.286014158923747375e-01,3.283652806673505453e-01,3.280598778671438009e-01,3.276870325896945046e-01,3.272486088733279619e-01,3.267465583939636042e-01,3.261828372044679458e-01,3.255594931082984589e-01,3.248785446690833911e-01,3.241421033544401031e-01,3.233522673637470590e-01,3.225111673049141925e-01,3.216209386905704015e-01,3.206837374280461783e-01,3.197017055387301743e-01,3.186770085968890776e-01,3.176117674588409545e-01,3.165081276833505153e-01,3.153681908951142532e-01,3.141940556340502289e-01,3.129877745480674767e-01,3.117513970035961091e-01,3.104868970200254652e-01,3.091962608249156919e-01,3.078813780418015456e-01,3.065441432021460133e-01,3.051863466044888451e-01,3.038097879282794511e-01,3.024161632155055734e-01,3.010071264321680373e-01,2.995842719017655087e-01,2.981491357374947415e-01,2.967031785190967774e-01,2.952478119429995940e-01,2.937843581225366152e-01,2.923140925020906167e-01,2.908382053581262672e-01,2.893578339254699316e-01,2.878740269228635129e-01,2.863877811115750904e-01,2.849000033828670286e-01,2.834115555403093900e-01,2.819232175615238867e-01,2.804357021415164186e-01,2.789496708037897954e-01,2.774656952724521841e-01,2.759843162942591244e-01,2.745059773919408252e-01,2.730310984082515158e-01,2.715600321949880880e-01,2.700930744724363008e-01,2.686304721095503778e-01,2.671724229021817387e-01,2.657190956756283473e-01,2.642705954345383468e-01,2.628270143887511678e-01,2.613883967203868286e-01,2.599547490649772863e-01,2.585260724282218980e-01,2.571023370358357374e-01,2.556835018654356473e-01,2.542694856827285577e-01,2.528602259572512168e-01,2.514556503990544312e-01,2.500556744805572662e-01,2.486602253948744512e-01,2.472692208642222889e-01,2.458826197558283133e-01,2.445003522337990398e-01,2.431224231231232380e-01,2.417488026674575186e-01,2.403795206605333912e-01,2.390146302748092921e-01,2.376542266816668303e-01,2.362984218560113536e-01,2.349473817916757912e-01,2.336013130843235808e-01,2.322604706706712097e-01,2.309251570360076888e-01,2.295957299380130823e-01,2.282725872722938809e-01,2.269562121447919745e-01,2.256471130672251801e-01,2.243458799247621815e-01,2.230531587648662273e-01,2.217696600389573447e-01,2.204961586401140150e-01,2.192334787126015427e-01,2.179825419558461541e-01,2.167443065234438138e-01,2.155198125702649792e-01,2.143101508133928301e-01,2.131164941410072511e-01,2.119400605423041317e-01,2.107821466934360899e-01,2.096440999096117197e-01,2.085273363650704814e-01,2.074333169343380301e-01,2.063635668100243514e-01,2.053196673917715431e-01,2.043032384176194649e-01,2.033159554733661167e-01,2.023595260358163062e-01,2.014357120926715539e-01,2.005463164116827457e-01,1.996931507383007398e-01,1.988780719369665217e-01,1.981029594866491883e-01,1.973697054917272486e-01,1.966802235844430369e-01,1.960364428939565251e-01,1.954402789013839348e-01,1.948936548206580133e-01,1.943984932695579093e-01,1.939567075681375152e-01,1.935701708137847199e-01,1.932407642202318976e-01,1.929703256306719850e-01,1.927606530671292506e-01,1.926135134457999665e-01,1.925306328356211627e-01,1.925136668693863962e-01,1.925642455377260254e-01,1.926838851171898959e-01,1.928740828604494362e-01,1.931362405239656355e-01,1.934716688393174899e-01,1.938816186323057134e-01,1.943672270298640037e-01,1.949295470394059038e-01,1.955695229872801144e-01,1.962879942945111311e-01,1.970856922557230051e-01,1.979632274492242050e-01,1.989210970289023162e-01,1.999596720963915664e-01,2.010791810633025256e-01,2.022797441399306617e-01,2.035613281080961567e-01,2.049237677617369302e-01,2.063667672861559110e-01,2.078898525993277957e-01,2.094924450966540452e-01,2.111738046973986316e-01,2.129330183898018314e-01,2.147690517603706717e-01,2.166807053295421726e-01,2.186666327655023556e-01,2.207253249465371825e-01,2.228551410103563890e-01,2.250542553779551758e-01,2.273207254126816679e-01,2.296524359920120162e-01,2.320471402419736484e-01,2.345024302404349337e-01,2.370157622553235588e-01,2.395844438992936198e-01,2.422056592330142644e-01,2.448764463942592617e-01,2.475937072023590702e-01,2.503542362013628786e-01,2.531546887338627094e-01,2.559916054875928659e-01,2.588614197330680877e-01,2.617604490386079008e-01,2.646849269470359922e-01,2.676309699819512389e-01,2.705946143866038711e-01,2.735718162930618202e-01,2.765584531318798778e-01,2.795503352406836783e-01,2.825432176789696159e-01,2.855327848200978624e-01,2.885146855563589519e-01,2.914845377530901893e-01,2.944379050838891732e-01,2.973703628275451427e-01,3.002774357230371116e-01,3.031546626716831727e-01,3.059975889977662455e-01,3.088017610325842210e-01,3.115627411111374090e-01,3.142761385884662584e-01,3.169375823990634999e-01,3.195427510858022679e-01,3.220873764208868062e-01,3.245672527990670631e-01,3.269782501034533828e-01,3.293163114710210837e-01,3.315774716782045051e-01,3.337578565473095504e-01,3.358536819728321077e-01,3.378613149319629194e-01,3.397771958027109851e-01,3.415979203007860621e-01,3.433201904069230759e-01,3.449408927978825368e-01,3.464570014327635894e-01,3.478656974526450618e-01,3.491642743349069877e-01,3.503502161456932273e-01,3.514211788169717687e-01,3.523749808185913102e-01,3.532096288523491889e-01,3.539233008352960508e-01,3.545143777228184079e-01,3.549814203613615993e-01,3.553231927490210218e-01,3.555386483604162651e-01,3.556269397035602409e-01,3.555874333894611383e-01,3.554196827557806193e-01,3.551234459648055508e-01,3.546987092813345122e-01,3.541456338715430197e-01,3.534646001876795007e-01,3.526562073636820838e-01,3.517212226896747063e-01,3.506606341778781832e-01,3.494756449087620953e-01,3.481676346302748359e-01,3.467381852126003028e-01,3.451890611832533762e-01,3.435222295158990580e-01,3.417398359237359684e-01,3.398441969957296527e-01,3.378378213283642628e-01,3.357233683628624843e-01,3.335036785409111748e-01,3.311817416048590812e-01,3.287606985071734322e-01,3.262438376618501112e-01,3.236345968563106856e-01,3.209365166502676225e-01,3.181533106852295623e-01,3.152887697396745126e-01,3.123467922727738988e-01,3.093314143222379298e-01,3.062467288714754154e-01,3.030969241223198662e-01,2.998862769741393319e-01,2.966191204961189931e-01,2.932998430446401295e-01,2.899328866518702807e-01,2.865227368041403655e-01,2.830739008476922947e-01,2.795909182503759638e-01,2.760783463176045283e-01
4.484843762430298919e-01,4.492147735102762773e-01,4.500517697344135204e-01,4.509938846732923223e-01,4.520394580163697440e-01,4.531866532191985986e-01,4.544334979372081085e-01,4.557777943436878143e-01,4.572172609145726541e-01,4.587493745494729547e-01,4.603715401422693310e-01,4.620809385888783316e-01,4.638746841375979146e-01,4.657496971510656780e-01,4.677027838025412665e-01,4.697306334726607524e-01,4.718298147533213638e-01,4.739967654636089156e-01,4.762278591391533866e-01,4.785193052055637386e-01,4.808673165809823624e-01,4.832679239793757908e-01,4.857171469090292848e-01,4.882109357013137974e-01,4.907451548586992396e-01,4.933156422182338741e-01,4.959181890836081852e-01,4.985485484745626472e-01,5.012024526956724291e-01,5.038756157104936628e-01,5.065637684336623536e-01,5.092626259537037514e-01,5.119679149833442633e-01,5.146753892844848632e-01,5.173808428368760204e-01,5.200800787396073765e-01,5.227689959375559914e-01,5.254435160920291059e-01,5.280996304392688856e-01,5.307334188564388766e-01,5.333410195354880701e-01,5.359187099321579550e-01,5.384628138123599417e-01,5.409697918587038634e-01,5.434362153657821271e-01,5.458587737585076649e-01,5.482342834630626882e-01,5.505597054827057191e-01,5.528321411446373013e-01,5.550488383801270853e-01,5.572072097602266405e-01,5.593048195392877897e-01,5.613393796977126371e-01,5.633088019739829200e-01,5.652111786916274028e-01,5.670447351456422425e-01,5.688079377687410565e-01,5.704993894644738717e-01,5.721179124108007885e-01,5.736625166155744360e-01,5.751323973116548860e-01,5.765269212889415629e-01,5.778457086750031779e-01,5.790885154812795976e-01,5.802553506911606318e-01,5.813463632926771929e-01,5.823619354806430781e-01,5.833026233486617862e-01,5.841692146323816948e-01,5.849626077761140852e-01,5.856839743460523495e-01,5.863346168107512746e-01,5.869160446143847354e-01,5.874299439801352607e-01,5.878781643244710420e-01,5.882627164693979838e-01,5.885857928663825733e-01,5.888497419498359697e-01,5.890570627224679390e-01,5.892103859567336954e-01,5.893124999277757903e-01,5.893663254391851014e-01,5.893749027539930685e-01,5.893413950657556688e-01,5.892690691152453475e-01,5.891613053224693530e-01,5.890215739491875269e-01,5.888534284448290190e-01,5.886605119966391575e-01,5.884465162055345644e-01,5.882152152548503210e-01,5.879704212645173733e-01,5.877159965449894052e-01,5.874558166087487932e-01,5.871938044376922017e-01,5.869338937463021155e-01,5.866799889232102716e-01,5.864360466431225438e-01,5.862059541865366485e-01,5.859936007482198228e-01,5.858028488946642742e-01,5.856375045586112993e-01,5.855013236037149849e-01,5.853979934785245032e-01,5.853311543735744138e-01,5.853043359042789939e-01,5.853210102775020518e-01,5.853845422012474708e-01,5.854981860509295144e-01,5.856650704591188639e-01,5.858882442720038108e-01,5.861705985395386787e-01,5.865148785249951757e-01,5.869237506871234356e-01,5.873996596415957949e-01,5.879449276193640106e-01,5.885617308263993985e-01,5.892520553277923456e-01,5.900177135650822580e-01,5.908603805621435168e-01,5.917815411586865304e-01,5.927824583689801363e-01,5.938642480530409440e-01,5.950278200811011109e-01,5.962739072108965699e-01,5.976030449469109662e-01,5.990155591359652698e-01,6.005115902098947522e-01,6.020910784008717265e-01,6.037537811499873452e-01,6.054992222719658423e-01,6.073267809017601770e-01,6.092356014788233853e-01,6.112246455527841071e-01,6.132926827559610494e-01,6.154382845492515353e-01,6.176598577098431075e-01,6.199556070077616443e-01,6.223235779344010732e-01,6.247616112212426298e-01,6.272674031411873408e-01,6.298384486184092079e-01,6.324721300757442100e-01,6.351656378948499215e-01,6.379160255788614009e-01,6.407202010551620308e-01,6.435749572520786943e-01,6.464768977896498958e-01,6.494225817061050066e-01,6.524083937663104349e-01,6.554306472537626549e-01,6.584855296792738732e-01,6.615691748406991035e-01,6.646775712546922898e-01,6.678066780966469551e-01,6.709524060741771656e-01,6.741105630646891944e-01,6.772769517773307157e-01,6.804472816456361706e-01,6.836172959678780137e-01,6.867826679436316306e-01,6.899390630468998920e-01,6.930822143862765961e-01,6.962077479300771143e-01,6.993113974047450165e-01,7.023888721033056948e-01,7.054359332855477671e-01,7.084483753620730573e-01,7.114220668123507618e-01,7.143529075505778980e-01,7.172368612641116803e-01,7.200700134220494597e-01,7.228484988663452793e-01,7.255685334030116396e-01,7.282264640331390648e-01,7.308187501828871113e-01,7.333419050125701277e-01,7.357926145622587510e-01,7.381677036521230306e-01,7.404640907244595116e-01,7.426788574649788588e-01,7.448092455873661644e-01,7.468525922095685665e-01,7.488064452883955724e-01,7.506685083876122322e-01,7.524365972116510148e-01,7.541087527553728131e-01,7.556831711875818813e-01,7.571581899613889499e-01,7.585323878768177597e-01,7.598044516485120692e-01,7.609732970274987185e-01,7.620380001405204773e-01,7.629978413055059638e-01,7.638522218503684957e-01,7.646008312865316681e-01,7.652434536943525378e-01,7.657800619653962748e-01,7.662108759469943298e-01,7.665362127754264954e-01,7.667566366731594085e-01,7.668728302567376920e-01,7.668856947754639775e-01,7.667962746262239060e-01,7.666057642830722552e-01,7.663155870253872681e-01,7.659272558723320135e-01,7.654424588820544217e-01,7.648630607873329046e-01,7.641910264692245436e-01,7.634285023521791835e-01,7.625777319935186371e-01,7.616411180828634997e-01,7.606211708770476143e-01,7.595205105860557415e-01,7.583418876196753589e-01,7.570881183923157121e-01,7.557621520007262728e-01,7.543670247547615837e-01,7.529058349768638081e-01,7.513817687312114302e-01,7.497980702202861059e-01,7.481580565383793013e-01,7.464651034278572128e-01,7.447225870618544574e-01,7.429339985639117350e-01,7.411027972521548879e-01,7.392324876481959350e-01,7.373265628111103087e-01,7.353885894140884671e-01,7.334220593606554095e-01,7.314305207077018700e-01,7.294174645122299960e-01,7.273863926315763395e-01,7.253407456093214911e-01,7.232839622582022399e-01,7.212194186791843764e-01,7.191504548841356481e-01,7.170803518748993799e-01,7.150123402701864528e-01,7.129495746944389811e-01,7.108951171858026719e-01,7.088520345375590725e-01,7.068232189137000354e-01,7.048115111414162692e-01,7.028196754530777746e-01,7.008503504080895175e-01,6.989061227401351939e-01,6.969894138986549859e-01,6.951025995019360915e-01,6.932479188462841169e-01,6.914274695102062829e-01,6.896432799863556617e-01,6.878972521118822403e-01,6.861911560947560051e-01,6.845266146996076273e-01,6.829052008063877244e-01,6.813283094089984671e-01,6.797972174667517020e-01,6.783131023389689096e-01,6.768769836099495230e-01,6.754897906579446776e-01,6.741522897563453354e-01,6.728651915562418040e-01,6.716289982700891503e-01,6.704441442059703160e-01,6.693109671311556763e-01,6.682296198108843566e-01,6.672002126514260389e-01,6.662227093304082803e-01,6.652969638344368164e-01,6.644227189604500206e-01,6.635996311323776320e-01,6.628272642809952542e-01,6.621050379494032301e-01,6.614323621110054230e-01,6.608084616444590553e-01,6.602325666048308728e-01,6.597037640000190661e-01,6.592210664570707923e-01,6.587834601986810590e-01,6.583898704370870769e-01,6.580390595335541271e-01,6.577298307141106193e-01,6.574609182670634322e-01,6.572309758910964694e-01,6.570386107570510559e-01,6.568824425952493051e-01,6.567609898917874389e-01,6.566727929565570054e-01,6.566163332127095131e-01,6.565900956760976070e-01,6.565925239024630322e-01,6.566220805157013674e-01,6.566771613776151151e-01,6.567562580711581166e-01,6.568577583091043115e-01,6.569801118033552489e-01,6.571217760484456827e-01,6.572812058442336625e-01,6.574568661008086679e-01,6.576472532893096190e-01,6.578508892138207331e-01,6.580663240120675495e-01,6.582921192510299280e-01,6.585268923975385880e-01,6.587692528036406259e-01,6.590178836940470131e-01,6.592715190771106792e-01,6.595288900431336421e-01,6.597888029670643251e-01,6.600501002403781348e-01,6.603116480070810868e-01,6.605723808542410813e-01,6.608312932599338385e-01,6.610873766452027844e-01,6.613397174251417487e-01,6.615874616130514863e-01,6.618297436315907500e-01,6.620657962644813654e-01,6.622948790637633865e-01,6.625162988623326532e-01,6.627294306055122597e-01,6.629336486272278117e-01,6.631284204792771142e-01,6.633132176542130276e-01,6.634875968047861949e-01,6.636511160534829257e-01,6.638033602449806558e-01,6.639440120788836497e-01,6.640727245014546032e-01,6.641892126069319779e-01,6.642932036882708280e-01,6.643844801217668739e-01,6.644628142697223128e-01,6.645280417288697006e-01,6.645799724097679606e-01,6.646184569120484609e-01,6.646433477568174375e-01,6.646545233488229121e-01,6.646518730501600469e-01,6.646352512010793578e-01,6.646045736629383471e-01,6.645597210258858967e-01,6.645005692213362680e-01,6.644270013428872357e-01,6.643388854122062037e-01,6.642360971152914129e-01,6.641184419282133433e-01,6.639857883915303294e-01,6.638379292006684196e-01,6.636746579031538307e-01,6.634957383171581347e-01,6.633009262311497789e-01,6.630899307218056649e-01,6.628624503086320008e-01,6.626181154285717412e-01,6.623566081780599690e-01,6.620774984657272766e-01,6.617803325958341309e-01,6.614646619946126238e-01,6.611299852509343600e-01,6.607757528613565912e-01,6.604013911369680523e-01,6.600063098292940911e-01,6.595898183964042927e-01,6.591512741333963588e-01,6.586899738596863063e-01,6.582051309864604960e-01,6.576959825566065510e-01,6.571617270184869630e-01,6.566014911479937100e-01,6.560144304598723997e-01,6.553996382551936506e-01,6.547561922674706159e-01,6.540831450119436452e-01,6.533795203062453538e-01,6.526443547435269998e-01,6.518766392248686037e-01,6.510753398428407168e-01,6.502394538209479435e-01,6.493679517070557461e-01,6.484598126533362983e-01,6.475139866570459590e-01,6.465294514295679695e-01,6.455051839506986688e-01,6.444401852933323571e-01,6.433334623746326253e-01,6.421840488831784821e-01,6.409909791848243943e-01,6.397533408511165698e-01,6.384702434176249275e-01,6.371408357264531919e-01,6.357642949334644245e-01,6.343398537365713130e-01,6.328668089234167349e-01,6.313444541905260943e-01,6.297722012410558179e-01,6.281495069622482497e-01,6.264758636695357819e-01,6.247508695313396254e-01,6.229741591199903228e-01,6.211454879774529481e-01,6.192646374263113263e-01,6.173315289627454572e-01,6.153461199859413533e-01,6.133085278435680410e-01,6.112188567222046620e-01,6.090773988583187970e-01,6.068844973173016522e-01,6.046406398494276191e-01,6.023463627982468260e-01,6.000023532014301386e-01,5.976093680551058940e-01,5.951682941985759756e-01,5.926801501935654581e-01,5.901460145806834978e-01,5.875671151001379267e-01,5.849447760828526688e-01,5.822804467417972418e-01,5.795756851148098354e-01,5.768321577105959275e-01,5.740516293111386226e-01,5.712359905479263977e-01,5.683872474491180604e-01,5.655075192202774215e-01,5.625989885773904353e-01
8.822334739450182761e-01,8.810420544430007661e-01,8.798962927217084395e-01,8.787964474415462801e-01,8.777426549447993054e-01,8.767348057740682599e-01,8.757726526683855539e-01,8.748557499740937660e-01,8.739834554158966151e-01,8.731549702259107093e-01,8.723693070224940449e-01,8.716253067940900046e-01,8.709216502102247182e-01,8.702568522615584667e-01,8.696292745151500414e-01,8.690371050630887328e-01,8.684784240741946215e-01,8.679511418671489453e-01,8.674530588026629907e-01,8.669818204566359654e-01,8.665350251611034782e-01,8.661100644637781398e-01,8.657043036340419384e-01,8.653149944397177107e-01,8.649393226267495516e-01,8.645743861562726895e-01,8.642172229492680602e-01,8.638648222659773834e-01,8.635141385112288237e-01,8.631621105311737541e-01,8.628056138706275968e-01,8.624415356324908188e-01,8.620667908471005836e-01,8.616782830096053614e-01,8.612729217517071101e-01,8.608476780101128600e-01,8.603995818876650770e-01,8.599256600292756181e-01,8.594230517466548980e-01,8.588889979579988898e-01,8.583207510619829117e-01,8.577157087426192650e-01,8.570713806134658830e-01,8.563853850758210706e-01,8.556554326408231104e-01,8.548794272636621727e-01,8.540553722167704143e-01,8.531814473623734463e-01,8.522559737242555444e-01,8.512774618978954377e-01,8.502445568861429770e-01,8.491561407460446187e-01,8.480112521229183908e-01,8.468091125318918388e-01,8.455491499785720011e-01,8.442310285488980881e-01,8.428545664125769443e-01,8.414198361261665537e-01,8.399270738646930079e-01,8.383767995685009744e-01,8.367697002777919613e-01,8.351067084619182568e-01,8.333889277483953473e-01,8.316177510296239861e-01,8.297947414672864896e-01,8.279217041805868593e-01,8.260006513668610717e-01,8.240337998213401738e-01,8.220235775781614684e-01,8.199726623535319447e-01,8.178838673769358580e-01,8.157602174551794594e-01,8.136049757536162330e-01,8.114215388834412623e-01,8.092135225636009066e-01,8.069846840332058902e-01,8.047389444884422982e-01,8.024803867297544135e-01,8.002132580844408816e-01,7.979419330753007022e-01,7.956709032205629972e-01,7.934047632181211451e-01,7.911482445287321141e-01,7.889061882444792229e-01,7.866834835332412457e-01,7.844850782867937022e-01,7.823160433705144134e-01,7.801814513078602076e-01,7.780864518259973384e-01,7.760361594984576117e-01,7.740357335189884669e-01,7.720903472038795901e-01,7.702051339928672746e-01,7.683852155009077700e-01,7.666356458445692246e-01,7.649614674636616707e-01,7.633676260468217345e-01,7.618589725267598256e-01,7.604403209947432352e-01,7.591163268670783060e-01,7.578915168983502149e-01,7.567703304175139589e-01,7.557570776243940358e-01,7.548558224193113730e-01,7.540705436398741357e-01,7.534050180362157345e-01,7.528628250962517976e-01,7.524473462974544669e-01,7.521617555537184474e-01,7.520089833318727157e-01,7.519917685685254538e-01,7.521125735407135915e-01,7.523736409979708828e-01,7.527769296463715509e-01,7.533241704749014112e-01,7.540167983764213266e-01,7.548559638312390963e-01,7.558425437205030795e-01,7.569771438308205980e-01,7.582600730937385514e-01,7.596913272615235524e-01,7.612706322383884228e-01,7.629973926770503567e-01,7.648706937172421449e-01,7.668893968125064520e-01,7.690519651755345354e-01,7.713566107334037802e-01,7.738012725005209980e-01,7.763834894672667630e-01,7.791006262898148016e-01,7.819496777758447870e-01,7.849274012471653128e-01,7.880301933736990616e-01,7.912542587616218093e-01,7.945954810287468861e-01,7.980495002240108882e-01,8.016116724377982949e-01,8.052771526273658775e-01,8.090407954365474996e-01,8.128972640568530306e-01,8.168410110719424022e-01,8.208662361671840157e-01,8.249669533711885272e-01,8.291370169379930211e-01,8.333700556976413321e-01,8.376595787198598542e-01,8.419989189360035375e-01,8.463812938728199065e-01,8.507997550534679432e-01,8.552472875660929175e-01,8.597167337441089519e-01,8.642009118510687316e-01,8.686925297414831437e-01,8.731842290784203042e-01,8.776686987295606590e-01,8.821384818636209824e-01,8.865861945412852885e-01,8.910044499669106388e-01,8.953858832048269267e-01,8.997231349187978511e-01,9.040089718606226787e-01,9.082361572475456946e-01,9.123975493622122901e-01,9.164861416945169204e-01,9.204950270786518285e-01,9.244174041455863744e-01,9.282466374913198592e-01,9.319762520047139009e-01,9.355998913703307274e-01,9.391114568166949450e-01,9.425049826220386340e-01,9.457747676253935865e-01,9.489152848864279566e-01,9.519212306022332148e-01,9.547876134012566185e-01,9.575095889965204998e-01,9.600826707811423999e-01,9.625025967351364953e-01,9.647653921681481615e-01,9.668673504312857991e-01,9.688051290646774172e-01,9.705755908703028734e-01,9.721759888557235385e-01,9.736038350146345444e-01,9.748570103170393075e-01,9.759336428488137871e-01,9.768322678062284492e-01,9.775517166382482470e-01,9.780911146008780532e-01,9.784499536873240144e-01,9.786280764007413424e-01,9.786256235314456653e-01,9.784430405450496027e-01,9.780811525737667100e-01,9.775411049769641147e-01,9.768243149255875224e-01,9.759325809605579050e-01,9.748679611783529486e-01,9.736328534646301325e-01,9.722299271514632801e-01,9.706621805790957014e-01,9.689328940527076606e-01,9.670455802452257998e-01,9.650040790939172775e-01,9.628124649220286546e-01,9.604750523838226917e-01,9.579964440236803380e-01,9.553813994124213949e-01,9.526349751800299304e-01,9.497623873943679129e-01,9.467690449489495341e-01,9.436605780378459762e-01,9.404427412169389378e-01,9.371214642026217678e-01,9.337028257951663912e-01,9.301930533849619431e-01,9.265984442177664926e-01,9.229254373149831103e-01,9.191805270210570145e-01,9.153703133922174162e-01,9.115014406340291586e-01,9.075805893557520321e-01,9.036144825518988011e-01,8.996098485748978968e-01,8.955734259768584060e-01,8.915119156196962269e-01,8.874320383060472217e-01,8.833404242758384761e-01,8.792436877628476699e-01,8.751483454619207736e-01,8.710608413276382800e-01,8.669875173663841306e-01,8.629346338857338816e-01,8.589082890462139686e-01,8.549144784563297295e-01,8.509590524476818851e-01,8.470476663061182743e-01,8.431858677055928952e-01,8.393790112790853186e-01,8.356322127940611910e-01,8.319504617271964442e-01,8.283385334691538704e-01,8.248008948801964779e-01,8.213419555354680712e-01,8.179657810051768063e-01,8.146762079597961170e-01,8.114769075678871513e-01,8.083712339481827769e-01,8.053622973348484315e-01,8.024530190437172417e-01,7.996460114658794360e-01,7.969436101014014673e-01,7.943479494425466081e-01,7.918608636623304387e-01,7.894839441463199492e-01,7.872184917475033572e-01,7.850655975081699545e-01,7.830260105538529025e-01,7.811003242134120228e-01,7.792888151558310383e-01,7.775915064053581238e-01,7.760081896741417573e-01,7.745384210417648463e-01,7.731815160207524684e-01,7.719365366372216153e-01,7.708023632321741037e-01,7.697775831020307047e-01,7.688606635836285896e-01,7.680497801682997228e-01,7.673429618815930109e-01,7.667380698859028731e-01,7.662327402450759273e-01,7.658244448011882755e-01,7.655105224362021010e-01,7.652881414176416763e-01,7.651543371244048375e-01,7.651060202455448600e-01,7.651399726848542304e-01,7.652528692625162332e-01,7.654413054082809253e-01,7.657017628780770080e-01,7.660307154911323302e-01,7.664244549876960688e-01,7.668793517237844082e-01,7.673916608919520987e-01,7.679576340658517131e-01,7.685734807256738854e-01,7.692354604811164620e-01,7.699397853801215330e-01,7.706827070927557699e-01,7.714605122571848161e-01,7.722695084391187903e-01,7.731060535066316408e-01,7.739666221408060265e-01,7.748476698401159934e-01,7.757457767476297894e-01,7.766576191027095843e-01,7.775799708116193365e-01,7.785096951637254792e-01,7.794437719472945281e-01,7.803793057389626364e-01,7.813135541871590872e-01,7.822438767572514884e-01,7.831677979612463592e-01,7.840829804821827231e-01,7.849872508166145790e-01,7.858785786537043627e-01,7.867551155803264029e-01,7.876151644053263068e-01,7.884572213023468557e-01,7.892799174478081214e-01,7.900821152900323607e-01,7.908627617631397433e-01,7.916211212224126825e-01,7.923564897050539013e-01,7.930684442239031018e-01,7.937566921450602830e-01,7.944211113145126513e-01,7.950618018999022762e-01,7.956789829205327402e-01,7.962730541864110334e-01,7.968446331872328647e-01,7.973944237833927584e-01,7.979233456192396101e-01,7.984324194090831606e-01,7.989228587298178308e-01,7.993960121508280059e-01,7.998533395930920165e-01,8.002964547440144516e-01,8.007270836896822619e-01,8.011470623058637441e-01,8.015583494170394063e-01,8.019629777001719972e-01,8.023631060905668244e-01,8.027609437503627765e-01,8.031587906412132050e-01,8.035590302231747639e-01,8.039640521161238729e-01,8.043763210320139523e-01,8.047983598017836027e-01,8.052326729382903725e-01,8.056818267710204040e-01,8.061483918240124336e-01,8.066348615330630745e-01,8.071438516241294936e-01,8.076778186113792168e-01,8.082393063416387635e-01,8.088307489166404185e-01,8.094545426335661986e-01,8.101130404908988281e-01,8.108085085753269361e-01,8.115431543275596349e-01,8.123191044414903583e-01,8.131383829435872013e-01,8.140029115298768048e-01,8.149144828136073437e-01,8.158748351900900753e-01,8.168855140986576169e-01,8.179479684103516668e-01,8.190635318752874650e-01,8.202333677639643827e-01,8.214584886384207474e-01,8.227397394862215885e-01,8.240778779142581278e-01,8.254734227602543717e-01,8.269267739848410459e-01,8.284381732624033212e-01,8.300076117127807018e-01,8.316350268280728875e-01,8.333200906829348886e-01,8.350623169828031989e-01,8.368611140892535660e-01,8.387155987917287447e-01,8.406248090189843980e-01,8.425875481429485614e-01,8.446024968287098034e-01,8.466681083747625847e-01,8.487827237354532706e-01,8.509444962166363702e-01,8.531513871849107922e-01,8.554012663666332728e-01,8.576917987999028714e-01,8.600205028529540607e-01,8.623847963894655244e-01,8.647819141107850882e-01,8.672089870896523278e-01,8.696630057913213863e-01,8.721408728281856426e-01,8.746393306492480368e-01,8.771551004473281399e-01,8.796847194533071734e-01,8.822247046561574324e-01,8.847714645008971646e-01,8.873213598342236663e-01,8.898706637298218203e-01,8.924156490758724525e-01,8.949524992547596147e-01,8.974773893397146596e-01,8.999864825057020123e-01,9.024759233888400844e-01,9.049418574957519557e-01,9.073804216306229353e-01,9.097877960805519360e-01,9.121601901368364684e-01,9.144938202890994239e-01,9.167850101641874527e-01,9.190300806368726372e-01,9.212254458711072180e-01,9.233676102274995801e-01,9.254531288197201944e-01,9.274786877264993290e-01,9.294410760844337149e-01,9.313371713845285393e-01,9.331639684781449784e-01,9.349186227188045484e-01,9.365984093470696159e-01,9.382007264650201739e-01,9.397231655012651119e-01,9.411634368178133370e-01,9.425194095371974834e-01,9.437891626205651141e-01,9.449708978271800230e-01,9.460630127628982811e-01,9.470641077981337697e-01,9.479729353974470918e-01,9.487884735761913380e-01,9.495098293097379294e-01
2.951890182457500567e-01,2.964228626054000171e-01,2.976225895187190607e-01,2.987873940398409478e-01,2.999164908280171349e-01,3.010091245559143869e-01,3.020645693054970216e-01,3.030821092056014132e-01,3.040610676193184481e-01,3.050007776733201781e-01,3.059006040564505313e-01,3.067599272326357873e-01,3.075781662058191257e-01,3.083547454261077458e-01,3.090891165751007974e-01,3.097807666740031163e-01,3.104291880557987771e-01,3.110339121196611933e-01,3.115944805996689881e-01,3.121104654843318560e-01,3.125814735755120810e-01,3.130071205742373519e-01,3.133870537821997204e-01,3.137209517719357632e-01,3.140085234347981258e-01,3.142494968027882418e-01,3.144436317701848616e-01,3.145907165515780535e-01,3.146905796079930151e-01,3.147430811263748907e-01,3.147481024028525587e-01,3.147055628472303912e-01,3.146154340733983701e-01,3.144776972223833900e-01,3.142923905625091274e-01,3.140595946171050312e-01,3.137794207433345361e-01,3.134520229404330616e-01,3.130775946762917039e-01,3.126563870810009638e-01,3.121886911930441544e-01,3.116748304015135584e-01,3.111151981298341807e-01,3.105102206317036373e-01,3.098603897431418952e-01,3.091662354173761451e-01,3.084283336194307834e-01,3.076473330577531029e-01,3.068239278342913545e-01,3.059588543672165928e-01,3.050529220569020983e-01,3.041069904326626494e-01,3.031219752465279527e-01,3.020988392177663684e-01,3.010386183932601267e-01,2.999423931126206089e-01,2.988113088108495519e-01,2.976465627724753094e-01,2.964494128922085525e-01,2.952211678854130827e-01,2.939631975149825660e-01,2.926769275676345816e-01,2.913638310833871481e-01,2.900254502974901616e-01,2.886633584969809929e-01,2.872791962320907500e-01,2.858746447682174452e-01,2.844514449516782340e-01,2.830113764827874023e-01,2.815562591467591358e-01,2.800879637756371610e-01,2.786083975856741834e-01,2.771195099497013592e-01,2.756232873799770999e-01,2.741217405196987311e-01,2.726169141568551280e-01,2.711108913748106475e-01,2.696057685010262994e-01,2.681036578433730888e-01,2.666067104422671918e-01,2.651170738012648687e-01,2.636369141765302349e-01,2.621684083906983265e-01,2.607137278336807418e-01,2.592750548153945345e-01,2.578545582596566965e-01,2.564544018574335671e-01,2.550767412908148679e-01,2.537237239491981211e-01,2.523974543948660498e-01,2.511000333726680078e-01,2.498335141667072934e-01,2.485999370360524874e-01,2.474013048662959957e-01,2.462395530230423180e-01,2.451165926984731347e-01,2.440342853130557654e-01,2.429944332972048260e-01,2.419987780663972743e-01,2.410489995302664834e-01,2.401467112954482896e-01,2.392934546962403874e-01,2.384907022639853047e-01,2.377398415386967057e-01,2.370421769238293674e-01,2.363989218128180470e-01,2.358112227016467832e-01,2.352801006318626098e-01,2.348065057482847384e-01,2.343912802262187178e-01,2.340351544496661607e-01,2.337387709401753666e-01,2.335026573456535082e-01,2.333272185160148449e-01,2.332127705956598684e-01,2.331595004672183391e-01,2.331674832561675126e-01,2.332366680131451320e-01,2.333669085398805132e-01,2.335579137341821099e-01,2.338092868904958488e-01,2.341205065380417838e-01,2.344909309006739939e-01,2.349197910514262133e-01,2.354062133129273260e-01,2.359491790327729877e-01,2.365475818124539720e-01,2.372001655687960286e-01,2.379055852755251887e-01,2.386623549917313569e-01,2.394689013127430932e-01,2.403235117014896338e-01,2.412243856173509338e-01,2.421696186345371760e-01,2.431571789620404767e-01,2.441849698801156765e-01,2.452507651459231441e-01,2.463522719446963327e-01,2.474870880516050753e-01,2.486527504357275153e-01,2.498466960676404280e-01,2.510662820357195679e-01,2.523088278449728827e-01,2.535715607547435746e-01,2.548516486590073349e-01,2.561462174764301269e-01,2.574523380837341890e-01,2.587670491097547321e-01,2.600873264481921021e-01,2.614101382496805126e-01,2.627324378331929444e-01,2.640511299308052617e-01,2.653631292231159455e-01,2.666653372061872362e-01,2.679546796766035799e-01,2.692280458174085012e-01,2.704823797933358365e-01,2.717146425829270462e-01,2.729218032251315984e-01,2.741009017094001021e-01,2.752489831812066079e-01,2.763631606749051284e-01,2.774406159124724880e-01,2.784785669706354438e-01,2.794743278403752917e-01,2.804252607194140934e-01,2.813288415721400537e-01,2.821826100060589870e-01,2.829842193941216055e-01,2.837314038064873700e-01,2.844220297126282548e-01,2.850540412146737035e-01,2.856255392603831433e-01,2.861347167705881600e-01,2.865799138638635557e-01,2.869595909504806253e-01,2.872723586533216800e-01,2.875169611879831999e-01,2.876922821794438145e-01,2.877973661209661249e-01,2.878313935511717103e-01,2.877937280034326140e-01,2.876838657462760240e-01,2.875014735363074503e-01,2.872463815092201611e-01,2.869185768895124999e-01,2.865182248321892500e-01,2.860456536457040566e-01,2.855013466900442332e-01,2.848859754702461888e-01,2.842003673089653626e-01,2.834455062708280959e-01,2.826225673572848596e-01,2.817328840442273608e-01,2.807779367114621727e-01,2.797593890185341436e-01,2.786790544261231739e-01,2.775388983780745500e-01,2.763410493038989668e-01,2.750877951663989185e-01,2.737815545586152477e-01,2.724248930986464257e-01,2.710205147189120312e-01,2.695712625659145156e-01,2.680801104468557572e-01,2.665501566769368225e-01,2.649846011046443350e-01,2.633867791499354682e-01,2.617601127177435205e-01,2.601081456287828719e-01,2.584344903328941179e-01,2.567428496288701734e-01,2.550370265992565333e-01,2.533208676894608269e-01,2.515983099354078822e-01,2.498733156243985454e-01,2.481499182355678124e-01,2.464321898398542376e-01,2.447242183290256889e-01,2.430301266701446472e-01,2.413540572724123257e-01,2.397001409896336865e-01,2.380725229919276043e-01,2.364753264197546334e-01,2.349126606380272375e-01,2.333886057892706201e-01,2.319072007669143731e-01,2.304724449641581407e-01,2.290882781896594333e-01,2.277585782315657836e-01,2.264871445665680438e-01,2.252777127449232253e-01,2.241339173408601337e-01,2.230592975292322588e-01,2.220572986794332182e-01,2.211312438481385090e-01,2.202843328381842158e-01,2.195196539894855858e-01,2.188401461679152504e-01,2.182486199336271804e-01,2.177477327496838144e-01,2.173399889199486290e-01,2.170277283103323740e-01,2.168131423584062079e-01,2.166982225918234195e-01,2.166848195475089556e-01,2.167745732879764742e-01,2.169689536378689998e-01,2.172692456449512866e-01,2.176765283890575997e-01,2.181916954230591066e-01,2.188154390868751464e-01,2.195482479684204014e-01,2.203904085881950303e-01,2.213419947061309734e-01,2.224029097807858624e-01,2.235727913656538057e-01,2.248511240631930752e-01,2.262371481950161412e-01,2.277299113755315296e-01,2.293282703560655111e-01,2.310308419021304960e-01,2.328360718934128493e-01,2.347421954241136477e-01,2.367472376317925897e-01,2.388490407755060052e-01,2.410452632317132138e-01,2.433333422795074252e-01,2.457105712556899024e-01,2.481740268742075595e-01,2.507206512770769335e-01,2.533471715786523859e-01,2.560501885813073475e-01,2.588261218035187716e-01,2.616712464701567153e-01,2.645817011637524030e-01,2.675534771070838813e-01,2.705824218115351898e-01,2.736642825911592691e-01,2.767946765655132646e-01,2.799691251252651725e-01,2.831830267129308853e-01,2.864317106985938555e-01,2.897104107927999661e-01,2.930142911228804659e-01,2.963384466964502084e-01,2.996779153162704157e-01,3.030276920388349504e-01,3.063827415535569365e-01,3.097379677506534312e-01,3.130882931063452834e-01,3.164286106803897991e-01,3.197538067585444788e-01,3.230587810546600158e-01,3.263384728419799208e-01,3.295878100544901157e-01,3.328017932463950279e-01,3.359754362827913621e-01,3.391038333665964966e-01,3.421821289942625355e-01,3.452055504596355240e-01,3.481693933474042657e-01,3.510690531444865536e-01,3.539000128597398209e-01,3.566578784934806845e-01,3.593383630058728517e-01,3.619372882538853253e-01,3.644506210742026187e-01,3.668744675839659131e-01,3.692050685437531787e-01,3.714388112616772708e-01,3.735722440009806022e-01,3.756020895900180623e-01,3.775252151611311890e-01,3.793386775976719805e-01,3.810397116876886314e-01,3.826257357634860190e-01,3.840943306083615116e-01,3.854433074507510049e-01,3.866706618036194754e-01,3.877745525148237893e-01,3.887533779431285308e-01,3.896057307577094342e-01,3.903303895220531783e-01,3.909263627076536296e-01,3.913928525358667532e-01,3.917292734678042843e-01,3.919352408280774025e-01,3.920105870044260921e-01,3.919553519053852186e-01,3.917697743341917449e-01,3.914543044613159606e-01,3.910095950610432691e-01,3.904364916067495916e-01,3.897360661872344978e-01,3.889095540204177692e-01,3.879583987511774357e-01,3.868842406575122017e-01,3.856888881230464139e-01,3.843743503726380073e-01,3.829428085566621842e-01,3.813966051500651266e-01,3.797382579903010313e-01,3.779704492075221522e-01,3.760960164846041121e-01,3.741179516536189409e-01,3.720393827693075917e-01,3.698635733864563124e-01,3.675939250350955811e-01,3.652339734576497410e-01,3.627873601797682590e-01,3.602578242847002121e-01,3.576492462324306065e-01,3.549655625648565627e-01,3.522108123613189590e-01,3.493891213628380621e-01,3.465046915168214503e-01,3.435617741200601705e-01,3.405646893475408055e-01,3.375178069576502127e-01,3.344255156000003892e-01,3.312922804418882983e-01,3.281225592206795660e-01,3.249208305328333268e-01,3.216915883854060132e-01,3.184393437446552122e-01,3.151685725905604141e-01,3.118837547046690029e-01,3.085893446392131145e-01,3.052897857067459197e-01,3.019894549900015157e-01,2.986927121078293279e-01,2.954038646256355038e-01,2.921271446836225527e-01,2.888667436267380317e-01,2.856267787698593685e-01,2.824112922505255807e-01,2.792242360772990151e-01,2.760694858944894303e-01,2.729508236891320383e-01,2.698719345782261692e-01,2.668363966123474262e-01,2.638476850904254989e-01,2.609091600145035383e-01,2.580240769298147718e-01,2.551955624153545155e-01,2.524266126020669465e-01,2.497201222684760635e-01,2.470788329493885382e-01,2.445053662055017563e-01,2.420021997675339542e-01,2.395716894186568913e-01,2.372160421874079939e-01,2.349373255582214992e-01,2.327374705210983052e-01,2.306182642182330045e-01,2.285813479357829692e-01,2.266282318622641623e-01,2.247602634446405900e-01,2.229786617384894587e-01,2.212844963166165912e-01,2.196786997668640218e-01,2.181620734832618314e-01,2.167352499230400520e-01,2.153987444351643799e-01,2.141529407960512943e-01,2.129980771594035260e-01,2.119342642356710493e-01,2.109614700860608094e-01,2.100795586011612592e-01,2.092882533622635599e-01,2.085871561368576044e-01,2.079757537298945747e-01,2.074534161316424208e-01,2.070194070260815422e-01,2.066728660371312531e-01,2.064128565896656275e-01,2.062383080818980252e-01,2.061480701271773686e-01,2.061409099801366496e-01,2.062154843213671873e-01,2.063703708080613097e-01,2.066040738748174954e-01,2.069150216036988732e-01,2.073015628004809818e-01,2.077619859994358775e-01,2.082945082005974724e-01
7.074749326976066399e-01,7.077813838279157777e-01,7.081008490911722131e-01,7.084319391891651385e-01,7.087732648178450834e-01,7.091233844855509005e-01,7.094807918818528680e-01,7.098439792560062855e-01,7.102113789658528464e-01,7.105814096156198856e-01,7.109524374714655259e-01,7.113228849713100210e-01,7.116910587847918856e-01,7.120553203715589419e-01,7.124140101960140248e-01,7.127654861058916325e-01,7.131080517817786069e-01,7.134400985185435085e-01,7.137599695938784405e-01,7.140660379950051206e-01,7.143567258194891689e-01,7.146304243543178947e-01,7.148856047579041917e-01,7.151207640805830046e-01,7.153344015332362416e-01,7.155250943802207164e-01,7.156914552289959097e-01,7.158321144874046915e-01,7.159458124334789897e-01,7.160312785505590361e-01,7.160873522050743567e-01,7.161129075591901039e-01,7.161068694079537611e-01,7.160682776562142804e-01,7.159961791273943277e-01,7.158897237664229030e-01,7.157481430192176308e-01,7.155707163608004961e-01,7.153568213254348773e-01,7.151058937927246006e-01,7.148174618576252914e-01,7.144911341148153516e-01,7.141265749974015087e-01,7.137235788425583261e-01,7.132819859935447537e-01,7.128017143160128022e-01,7.122827750658740076e-01,7.117252784675442978e-01,7.111293813153042320e-01,7.104953529366369036e-01,7.098235156926802070e-01,7.091143097703752618e-01,7.083682350324322918e-01,7.075858096383114137e-01,7.067677448728929557e-01,7.059147220824120161e-01,7.050275610361049772e-01,7.041071237586539189e-01,7.031543362176652101e-01,7.021702056727714414e-01,7.011558015026144730e-01,7.001122435468277727e-01,6.990407294173965891e-01,6.979424753459730901e-01,6.968188035816829107e-01,6.956710566383569327e-01,6.945006327092072551e-01,6.933089466243942400e-01,6.920975189188949273e-01,6.908678448250623605e-01,6.896214733387705520e-01,6.883599834025857511e-01,6.870850239124564052e-01,6.857981941639798018e-01,6.845011967045995238e-01,6.831956696518817207e-01,6.818833371898668227e-01,6.805658740430763354e-01,6.792450171661699176e-01,6.779224790710383086e-01,6.765999651530368864e-01,6.752792028063896446e-01,6.739619036176383027e-01,6.726497518568668177e-01,6.713444688844504293e-01,6.700476944029389870e-01,6.687611221760308977e-01,6.674863543050784109e-01,6.662250309896268208e-01,6.649787174664723022e-01,6.637489838737823389e-01,6.625373479362682838e-01,6.613453163925692158e-01,6.601743284794008293e-01,6.590258154476320573e-01,6.579011494808978400e-01,6.568016615516774070e-01,6.557286408421325596e-01,6.546833560643912087e-01,6.536669610539366237e-01,6.526806431338301184e-01,6.517254783412892438e-01,6.508025395491788823e-01,6.499127837346595493e-01,6.490571913192223485e-01,6.482366267825520056e-01,6.474519453538067904e-01,6.467039133524283834e-01,6.459932453045734713e-01,6.453206287625651294e-01,6.446866913298470170e-01,6.440919563916227553e-01,6.435369641620792835e-01,6.430221410031623508e-01,6.425478840480530751e-01,6.421145672316055375e-01,6.417224498173098590e-01,6.413717790528208340e-01,6.410627449997469141e-01,6.407954926676282525e-01,6.405701017931301200e-01,6.403866118858708711e-01,6.402450258951317696e-01,6.401452929050899243e-01,6.400873135849367568e-01,6.400709540190547830e-01,6.400960388481942154e-01,6.401623499460694644e-01,6.402696312436852999e-01,6.404175986024799316e-01,6.406059275133835218e-01,6.408342613814794753e-01,6.411022083470006017e-01,6.414093418405735214e-01,6.417552367187265849e-01,6.421394016739958577e-01,6.425613710250003274e-01,6.430206076260140957e-01,6.435165641660856028e-01,6.440487040231027693e-01,6.446164375008739400e-01,6.452191822367084884e-01,6.458563226426909942e-01,6.465272649344850908e-01,6.472313465539112354e-01,6.479679478469847487e-01,6.487363966357995171e-01,6.495360705497027487e-01,6.503662732586473760e-01,6.512263324147139487e-01,6.521156052409753379e-01,6.530333981704677937e-01,6.539790096395623475e-01,6.549517736960664971e-01,6.559510191938986434e-01,6.569760170580820624e-01,6.580261111167999832e-01,6.591006185402646933e-01,6.601988350045668863e-01,6.613200722714225321e-01,6.624636641740224707e-01,6.636289109980016976e-01,6.648151114140248286e-01,6.660216017865258076e-01,6.672476979203714187e-01,6.684927032809594438e-01,6.697559333943301496e-01,6.710366935594962445e-01,6.723343166474884391e-01,6.736480871933683279e-01,6.749773128760045982e-01,6.763213016602904748e-01,6.776793604004059945e-01,6.790507581483277155e-01,6.804347999447812878e-01,6.818307431591924539e-01,6.832378654083143266e-01,6.846554309774646185e-01,6.860826836309812382e-01,6.875188754158741977e-01,6.889632136672594331e-01,6.904149300634384590e-01,6.918732049406854934e-01,6.933372203160642622e-01,6.948061592931084052e-01,6.962791666478657104e-01,6.977553504109330618e-01,6.992338392329099372e-01,7.007137156097384967e-01,7.021940486240605406e-01,7.036738847657949547e-01,7.051522486069674578e-01,7.066281275041912391e-01,7.081004934355994429e-01,7.095683198261386604e-01,7.110304812137363539e-01,7.124859193843212646e-01,7.139334858773641601e-01,7.153720184406889837e-01,7.168003500276930451e-01,7.182172370862838218e-01,7.196214516963297392e-01,7.210117530337515346e-01,7.223868337998492484e-01,7.237453551428378873e-01,7.250860138503475438e-01,7.264074036544231339e-01,7.277081619130146839e-01,7.289868532010692626e-01,7.302420435208988314e-01,7.314722751932031253e-01,7.326760553338153015e-01,7.338519126856705155e-01,7.349983101730868107e-01,7.361137336947691789e-01,7.371966248824495249e-01,7.382454238837520277e-01,7.392585873888709580e-01,7.402345176504130375e-01,7.411716602304565527e-01,7.420684263908822187e-01,7.429232454372222128e-01,7.437344958183881305e-01,7.445006569097563087e-01,7.452201398758656614e-01,7.458913725074950429e-01,7.465128610780488172e-01,7.470830305550029138e-01,7.476003970032119028e-01,7.480634779199084594e-01,7.484708068535865788e-01,7.488209887339638549e-01,7.491125865602228373e-01,7.493442670439393050e-01,7.495146995629785591e-01,7.496226265509937647e-01,7.496667931780415239e-01,7.496460420290200766e-01,7.495592434346153299e-01,7.494053183337857638e-01,7.491832664349965532e-01,7.488921185873712583e-01,7.485310079266617178e-01,7.480991509578117649e-01,7.475957784580569143e-01,7.470202165888926160e-01,7.463719185054169536e-01,7.456503791046295015e-01,7.448551425550280491e-01,7.439859264505650494e-01,7.430424858512262309e-01,7.420246579107724338e-01,7.409324013943406895e-01,7.397657557390013849e-01,7.385248982344478907e-01,7.372100123293386931e-01,7.358215314467595469e-01,7.343598520448112454e-01,7.328255401451769790e-01,7.312192855163425209e-01,7.295418494017996691e-01,7.277941159372067759e-01,7.259770921417211254e-01,7.240918516431997798e-01,7.221396474882536554e-01,7.201217855349462127e-01,7.180397062265739816e-01,7.158949279499954299e-01,7.136891325404250974e-01,7.114240690534989753e-01,7.091015976648817887e-01,7.067236945482175958e-01,7.042924350794944610e-01,7.018100025245637141e-01,6.992786561687509561e-01,6.967007938484541807e-01,6.940788499892508456e-01,6.914154190912000786e-01,6.887131209438241974e-01,6.859747273761840347e-01,6.832030343867470101e-01,6.804009251771961919e-01,6.775713897931052720e-01,6.747174877586985531e-01,6.718423178036752041e-01,6.689490518005682951e-01,6.660409253445075395e-01,6.631212168461356748e-01,6.601932734451710916e-01,6.572604708152290920e-01,6.543262222134014205e-01,6.513939961058283767e-01,6.484672620045099922e-01,6.455495015869803233e-01,6.426442779413893414e-01,6.397550855406407555e-01,6.368854748631030960e-01,6.340389864011473087e-01,6.312191569206272446e-01,6.284294622894835980e-01,6.256734504357308602e-01,6.229545851990563321e-01,6.202762967919379644e-01,6.176420197345753316e-01,6.150551041600913482e-01,6.125188679576527573e-01,6.100365980787956222e-01,6.076114885639263274e-01,6.052466858909145708e-01,6.029452452407501051e-01,6.007101912279980693e-01,5.985444038959084612e-01,5.964507474711635560e-01,5.944319211117971014e-01,5.924905725403614154e-01,5.906292465678184556e-01,5.888503499332483626e-01,5.871562018506808478e-01,5.855490012826367607e-01,5.840308382375293261e-01,5.826036447624008963e-01,5.812692647299548820e-01,5.800293767120794364e-01,5.788855429707713274e-01,5.778391972789412856e-01,5.768916070441172383e-01,5.760439020548148159e-01,5.752970858747872285e-01,5.746519792273371285e-01,5.741093139289128455e-01,5.736696067249815734e-01,5.733332432092569375e-01,5.731004733086022540e-01,5.729713750970893971e-01,5.729458759162202597e-01,5.730237555304742436e-01,5.732046415182304733e-01,5.734879797470537888e-01,5.738731155336663781e-01,5.743592027330238770e-01,5.749452343194284554e-01,5.756301188030219507e-01,5.764125582186303554e-01,5.772911315333320026e-01,5.782642675829631207e-01,5.793302742653574366e-01,5.804873197995259471e-01,5.817334235618789595e-01,5.830665178655459746e-01,5.844843443777145708e-01,5.859845855514739243e-01,5.875647965624763991e-01,5.892223940171679164e-01,5.909547015075025111e-01,5.927589682473872745e-01,5.946323045459800394e-01,5.965717631429044987e-01,5.985742835234363346e-01,6.006367667685041933e-01,6.027559834806925920e-01,6.049286874889624466e-01,6.071515690260871345e-01,6.094212197776142093e-01,6.117342125753961746e-01,6.140870770419801783e-01,6.164763100719737876e-01,6.188983890215459249e-01,6.213497144957687013e-01,6.238267493252961371e-01,6.263258886500975287e-01,6.288435495693623922e-01,6.313761457379737374e-01,6.339201013342140589e-01,6.364718488966866206e-01,6.390278810976732782e-01,6.415846710819359533e-01,6.441387574513116610e-01,6.466867133956291092e-01,6.492251562493035477e-01,6.517507802233596381e-01,6.542603011983827432e-01,6.567505251006195977e-01,6.592183478674229491e-01,6.616607100470771607e-01,6.640746301109122784e-01,6.664572481158430595e-01,6.688057700785458026e-01,6.711175180105337645e-01,6.733898691235274958e-01,6.756203796612118007e-01,6.778066318137735413e-01,6.799464195010468393e-01,6.820375522021087100e-01,6.840780071959496889e-01,6.860658678334062843e-01,6.879993908576476080e-01,6.898768869526585856e-01,6.916968400308460829e-01,6.934578742171265686e-01,6.951587043467755134e-01,6.967981905687055111e-01,6.983753705277123691e-01,6.998893422935352771e-01,7.013394147014847535e-01,7.027249873653267365e-01,7.040455912116104775e-01,7.053009096209821305e-01,7.064907489821402597e-01,7.076150655212544160e-01,7.086739258918018924e-01,7.096675075820710887e-01,7.105961795383748392e-01,7.114603668625736344e-01,7.122606450665329714e-01,7.129977058741953089e-01,7.136723838374456896e-01,7.142855899298697908e-01,7.148383420647510533e-01,7.153318067442998585e-01,7.157672071197658248e-01,7.161458743914819181e-01,7.164692761337388971e-01,7.167388994071159924e-01,7.169563665218370296e-01,7.171233669794088161e-01,7.172416621793595848e-01,7.173130736371027272e-01
5.652496130809829822e-01,5.644839853812404495e-01,5.636752263829368781e-01,5.628257220557526530e-01,5.619378904098752958e-01,5.610142373299273899e-01,5.600573077958000967e-01,5.590696805970160055e-01,5.580539543739927444e-01,5.570127894195696650e-01,5.559488073581355660e-01,5.548647142252615128e-01,5.537631444430831662e-01,5.526467721709416026e-01,5.515182519529776561e-01,5.503802121072294273e-01,5.492352678171126268e-01,5.480859829846154163e-01,5.469348937003897237e-01,5.457844935757287796e-01,5.446371951138324619e-01,5.434954126309430311e-01,5.423614369710350047e-01,5.412375035940774071e-01,5.401257959131388064e-01,5.390284011412834753e-01,5.379473138735587634e-01,5.368844332370720229e-01,5.358415867296387747e-01,5.348205019269096638e-01,5.338227735113123540e-01,5.328499310156266100e-01,5.319033604798157899e-01,5.309843674753739196e-01,5.300940986799741461e-01,5.292336490675796368e-01,5.284039387957900624e-01,5.276057982622189835e-01,5.268399118708324558e-01,5.261068842323290973e-01,5.254071603282995939e-01,5.247410835235890580e-01,5.241088835094547260e-01,5.235106183230588961e-01,5.229463086450134579e-01,5.224157907565900594e-01,5.219187976911725535e-01,5.214549811284264758e-01,5.210238316459826491e-01,5.206247729109088063e-01,5.202570728452841076e-01,5.199199591235332818e-01,5.196124906151623479e-01,5.193336931470278195e-01,5.190824501890296538e-01,5.188575707169198470e-01,5.186577767940824257e-01,5.184817222889297472e-01,5.183279721920600602e-01,5.181950269834476597e-01,5.180813250128156744e-01,5.179852195584211394e-01,5.179050228101693687e-01,5.178390120364205762e-01,5.177854010228551962e-01,5.177423711400969131e-01,5.177080592670515458e-01,5.176805785894640355e-01,5.176580362789752199e-01,5.176385040236562984e-01,5.176200459377564567e-01,5.176007192535441170e-01,5.175785932896336261e-01,5.175517133957944216e-01,5.175181816109392097e-01,5.174760827248825468e-01,5.174235367217451254e-01,5.173586774103668962e-01,5.172796770316938630e-01,5.171847640975064664e-01,5.170721830793577611e-01,5.169402509214848784e-01,5.167873080027974853e-01,5.166117757738460936e-01,5.164121145118549805e-01,5.161868565747040893e-01,5.159346160030170436e-01,5.156540703566127037e-01,5.153439466279273740e-01,5.150030836557235592e-01,5.146303965309206863e-01,5.142248427598675731e-01,5.137855282268004586e-01,5.133115944238011430e-01,5.128023069587700489e-01,5.122569786664228353e-01,5.116750633254716352e-01,5.110560767350417199e-01,5.103996368566110498e-01,5.097054353003573901e-01,5.089733044002816564e-01,5.082031133849416182e-01,5.073948720722069039e-01,5.065486347414877022e-01,5.056645983777000586e-01,5.047430189739725570e-01,5.037842314036067304e-01,5.027886801413855578e-01,5.017568991594736350e-01,5.006894782345017170e-01,4.995870955979702099e-01,4.984505246809745049e-01,4.972806202317225921e-01,4.960782542883251378e-01,4.948444275626213140e-01,4.935801723998160528e-01,4.922866035272248642e-01,4.909648773272031752e-01,4.896162158066111880e-01,4.882418889511089266e-01,4.868432212577145646e-01,4.854215356437251994e-01,4.839782712017741129e-01,4.825148425650903072e-01,4.810327189099500300e-01,4.795333692895987765e-01,4.780183222507736196e-01,4.764891020419811940e-01,4.749472488096877498e-01,4.733943036168225538e-01,4.718318271304096090e-01,4.702613698280622145e-01,4.686844891782283029e-01,4.671027183002757210e-01,4.655175983606346657e-01,4.639306425704075587e-01,4.623433198096728591e-01,4.607571333465050878e-01,4.591735114955817765e-01,4.575938827631326200e-01,4.560196189088197571e-01,4.544520697560724964e-01,4.528925426713763525e-01,4.513422952628073914e-01,4.498025573932054044e-01,4.482744821177393479e-01,4.467592243268635466e-01,4.452578288352747604e-01,4.437713346246471846e-01,4.423007025367232115e-01,4.408468428993407295e-01,4.394106120327147535e-01,4.379928227746837099e-01,4.365941875643044034e-01,4.352154148744502016e-01,4.338571261375016586e-01,4.325198802482945748e-01,4.312042002644148608e-01,4.299105209979354192e-01,4.286392605039768267e-01,4.273907457441808999e-01,4.261652743487516770e-01,4.249630818469642968e-01,4.237843509534602315e-01,4.226292300563226911e-01,4.214977907947373148e-01,4.203901051084696361e-01,4.193061599012793406e-01,4.182459315470861139e-01,4.172093370733477857e-01,4.161962955475398962e-01,4.152066399777716854e-01,4.142402269216678423e-01,4.132968820583260983e-01,4.123763759399048379e-01,4.114785100258276929e-01,4.106030196294859769e-01,4.097496724351086805e-01,4.089182104805408891e-01,4.081083916097328901e-01,4.073199551663375106e-01,4.065526358152078967e-01,4.058062066125464051e-01,4.050804300853322881e-01,4.043751054956489788e-01,4.036900477296874179e-01,4.030250617710104954e-01,4.023800194246254791e-01,4.017548179476520542e-01,4.011493647258146944e-01,4.005636287455419664e-01,3.999976091511430742e-01,3.994513362544532264e-01,3.989249150210326667e-01,3.984184729996947949e-01,3.979322043030518175e-01,3.974663273534739250e-01,3.970211735719978985e-01,3.965970824681676055e-01,3.961944563783089124e-01,3.958137904560256048e-01,3.954555983413092224e-01,3.951204860510905692e-01,3.948091259208810766e-01,3.945222328892938890e-01,3.942606005158923455e-01,3.940250849280252377e-01,3.938165979689414176e-01,3.936361301174943761e-01,3.934847353105796475e-01,3.933634976087772572e-01,3.932735930214261155e-01,3.932162632878922204e-01,3.931927673330573025e-01,3.932044487215354267e-01,3.932527117867394284e-01,3.933389833104132816e-01,3.934647508283856676e-01,3.936315441237981383e-01,3.938409364714037242e-01,3.940945363574341331e-01,3.943939760362980551e-01,3.947409308204232747e-01,3.951370793179975749e-01,3.955841474869557506e-01,3.960838646619015413e-01,3.966379536161274144e-01,3.972481628986676006e-01,3.979162453235219332e-01,3.986439236131427144e-01,3.994329252689201581e-01,4.002849580896197801e-01,4.012017209150509633e-01,4.021848752177911712e-01,4.032360203359082185e-01,4.043567646257957837e-01,4.055486468506659947e-01,4.068131563811307472e-01,4.081517192100514446e-01,4.095657119296615689e-01,4.110564177314783851e-01,4.126250765292872047e-01,4.142728245605914461e-01,4.160007304140145301e-01,4.178097398329408407e-01,4.197007229384102089e-01,4.216744561978238992e-01,4.237315823064480291e-01,4.258726574175316637e-01,4.280980731117259297e-01,4.304081724159458111e-01,4.328031050573018512e-01,4.352829032215020377e-01,4.378475043365396835e-01,4.404966565599399697e-01,4.432299942423090777e-01,4.460469879485690625e-01,4.489469751770014949e-01,4.519291212889766096e-01,4.549924795177482384e-01,4.581358901120533567e-01,4.613580891683258800e-01,4.646576271889072962e-01,4.680328952351552885e-01,4.714821310914401598e-01,4.750034177914660982e-01,4.785946825659387893e-01,4.822536636916033292e-01,4.859779771865068154e-01,4.897650756703806896e-01,4.936122382637794237e-01,4.975166072952235674e-01,5.014751689413008418e-01,5.054847653344721747e-01,5.095421124861687634e-01,5.136437563309538268e-01,5.177861075347715003e-01,5.219654733846907924e-01,5.261780270753488864e-01,5.304197971652854227e-01,5.346867216135814393e-01,5.389745977815484368e-01,5.432791627915655175e-01,5.475960289365165989e-01,5.519207154159372353e-01,5.562486748367051481e-01,5.605752549706803922e-01,5.648957683025163101e-01,5.692054343662715787e-01,5.734994714586196807e-01,5.777729782195513142e-01,5.820210807081889204e-01,5.862388616259557317e-01,5.904213602963112040e-01,5.945636320207833281e-01,5.986607263907633980e-01,6.027076973543981087e-01,6.066996398515290823e-01,6.106316258608502912e-01,6.144988011390677407e-01,6.182963711349770408e-01,6.220195744824816853e-01,6.256636864706686119e-01,6.292241313116251344e-01,6.326963728745311766e-01,6.360759256686000507e-01,6.393584775920705399e-01,6.425398008384256565e-01,6.456157917619566033e-01,6.485824669055054725e-01,6.514359761135980476e-01,6.541726160249687894e-01,6.567888471370102454e-01,6.592812945200543506e-01,6.616467319338323883e-01,6.638821189375250231e-01,6.659846037291160536e-01,6.679514957536312192e-01,6.697803320049107167e-01,6.714688514803184294e-01,6.730149601957020611e-01,6.744168310063998195e-01,6.756728027165931350e-01,6.767814400142810882e-01,6.777415756332442198e-01,6.785522094438501961e-01,6.792126253849020134e-01,6.797223013545038439e-01,6.800809921123567303e-01,6.802886109222245903e-01,6.803453942710879776e-01,6.802517935994438769e-01,6.800084546827089849e-01,6.796163020216577921e-01,6.790764709403152022e-01,6.783903890844246165e-01,6.775596394101728315e-01,6.765860996140483641e-01,6.754718240029579102e-01,6.742191373286147149e-01,6.728305540426500198e-01,6.713088304651355642e-01,6.696569042678117700e-01,6.678779443863568366e-01,6.659753423715421006e-01,6.639526148989250975e-01,6.618135543045334801e-01,6.595620635820590438e-01,6.572022615460929584e-01,6.547384262151604295e-01,6.521750123398964982e-01,6.495165798983841832e-01,6.467678834001776567e-01,6.439337736554423541e-01,6.410192499741909078e-01,6.380294110585706946e-01,6.349694952515403390e-01,6.318447967732498949e-01,6.286607104394605905e-01,6.254227062321341402e-01,6.221363325769294628e-01,6.188071897669438215e-01,6.154408890746256855e-01,6.120431104727691585e-01,6.086195627485208037e-01,6.051759483554209895e-01,6.017179676004720257e-01,5.982513156387624376e-01,5.947816714107757585e-01,5.913146779012844467e-01,5.878559448194785597e-01,5.844110046524637614e-01,5.809853741052757314e-01,5.775844281443701655e-01,5.742135199363951337e-01,5.708778802374286920e-01,5.675826291948726787e-01,5.643327905225090646e-01,5.611332572901269744e-01,5.579888096511484985e-01,5.549040467901853457e-01,5.518834532379869318e-01,5.489313442544121457e-01,5.460518724173725191e-01,5.432490311536301020e-01,5.405266127397200249e-01,5.378882401084795761e-01,5.353373322260149836e-01,5.328771307297374138e-01,5.305106453716499360e-01,5.282407007702140112e-01,5.260699191593859458e-01,5.240006859828183483e-01,5.220351601469668257e-01,5.201753080211246605e-01,5.184228449220162904e-01,5.167792847068828355e-01,5.152458924943337237e-01,5.138237108146502807e-01,5.125135555219223482e-01,5.113160174605027031e-01,5.102314324851504601e-01,5.092599332245462129e-01,5.084014474243129245e-01,5.076556044238345056e-01,5.070218988575733166e-01,5.064995349260021928e-01,5.060875591487176139e-01,5.057847526515133474e-01,5.055897094209661491e-01,5.055008484465184360e-01,5.055163478215779493e-01,5.056342143495574648e-01,5.058522671001158821e-01,5.061681177703072354e-01,5.065792562085341677e-01,5.070829595636108245e-01,5.076763771930449254e-01,5.083564659780631656e-01,5.091200851013705231e-01,5.099639185523084928e-01,5.108845451800604343e-01,5.118784184021442085e-01,5.129418569999709687e-01,5.140711359301289862e-01,5.152623813720077495e-01,5.165116765270458821e-01
4.315105097286293101e-01,4.309692278135280330e-01,4.304259162244122305e-01,4.298804335366293028e-01,4.293325985077776075e-01,4.287821952849970586e-01,4.282290257091011521e-01,4.276728277499710629e-01,4.271133389560586302e-01,4.265502456224271599e-01,4.259832777468279819e-01,4.254120733806074361e-01,4.248363029926999768e-01,4.242556070625053688e-01,4.236696179659745209e-01,4.230779502701750294e-01,4.224802128956104963e-01,4.218759915512700909e-01,4.212648866752684018e-01,4.206464838432129039e-01,4.200203557041679581e-01,4.193860805724216601e-01,4.187432581671706178e-01,4.180914456925113321e-01,4.174302380661043532e-01,4.167592175545904443e-01,4.160779819148471281e-01,4.153861339242497785e-01,4.146832910288276164e-01,4.139690611302149215e-01,4.132431085277250005e-01,4.125050695985427729e-01,4.117546136032666504e-01,4.109914443082668956e-01,4.102152603974916767e-01,4.094257903094633555e-01,4.086227853074174687e-01,4.078060406186729825e-01,4.069753433338639814e-01,4.061305401552905980e-01,4.052714812969658298e-01,4.043980557206661719e-01,4.035102004794436925e-01,4.026078569686566966e-01,4.016910346165711854e-01,4.007597315803686500e-01,3.998140325917891591e-01,3.988540323738913873e-01,3.978798461368108774e-01,3.968916662618719449e-01,3.958897073456392746e-01,3.948742124515955965e-01,3.938454873887357599e-01,3.928038537216173021e-01,3.917496994536074362e-01,3.906834393618203172e-01,3.896055295065050661e-01,3.885164718772990966e-01,3.874168166182512807e-01,3.863071404608548476e-01,3.851880803611587023e-01,3.840603043236516800e-01,3.829245140369222367e-01,3.817814668184685289e-01,3.806319633972778949e-01,3.794768212598682577e-01,3.783169204585435930e-01,3.771531627884772142e-01,3.759864923441025852e-01,3.748178972091565919e-01,3.736483974158966714e-01,3.724790350012188722e-01,3.713109075244468427e-01,3.701451265375588773e-01,3.689828305130838926e-01,3.678252034132999393e-01,3.666734360060718845e-01,3.655287648411880697e-01,3.643924376942496157e-01,3.632657340663253964e-01,3.621499324650001017e-01,3.610463491375196510e-01,3.599563163599711624e-01,3.588811719413239065e-01,3.578222708376122552e-01,3.567809635759112141e-01,3.557586339966581912e-01,3.547566422270148068e-01,3.537763802600281116e-01,3.528192192472939803e-01,3.518865406544126051e-01,3.509797138186537269e-01,3.501000968117077838e-01,3.492490580268028388e-01,3.484279284776164443e-01,3.476380494420456824e-01,3.468807313582966678e-01,3.461572712620653580e-01,3.454689306782444125e-01,3.448169752013587885e-01,3.442026197594671433e-01,3.436270550892992492e-01,3.430914423161708915e-01,3.425969201462211733e-01,3.421445516919530139e-01,3.417354331132152478e-01,3.413705363124410197e-01,3.410508491739574488e-01,3.407772845645715143e-01,3.405507311488404354e-01,3.403719894127465451e-01,3.402418614844273659e-01,3.401610412538946249e-01,3.401302131440265830e-01,3.401499599427333376e-01,3.402208384737951952e-01,3.403433368914203783e-01,3.405178603493047018e-01,3.407447852041748382e-01,3.410243848688175317e-01,3.413568963767270037e-01,3.417424600973806292e-01,3.421811686085811655e-01,3.426730344329687039e-01,3.432180028287404872e-01,3.438159362848088318e-01,3.444666296270860184e-01,3.451698183777887063e-01,3.459251308821092996e-01,3.467321508026753873e-01,3.475903766173452647e-01,3.484992256248405917e-01,3.494580426121934869e-01,3.504660977601702365e-01,3.515225917018234836e-01,3.526266454806447626e-01,3.537772951412916922e-01,3.549735151475492678e-01,3.562142260630991597e-01,3.574982242270813293e-01,3.588242813770747830e-01,3.601910732875980292e-01,3.615972189202091291e-01,3.630412631419997482e-01,3.645216881384560903e-01,3.660369050967959281e-01,3.675852753921195482e-01,3.691650778053645054e-01,3.707745421793273710e-01,3.724118370790284183e-01,3.740750900692234593e-01,3.757623471441315921e-01,3.774716333803828650e-01,3.792008924982691043e-01,3.809480449682263181e-01,3.827109534225260901e-01,3.844874511295265918e-01,3.862753127316227442e-01,3.880723039121847240e-01,3.898761264803308757e-01,3.916844830860520821e-01,3.934950101365234376e-01,3.953053496467729411e-01,3.971131221794755306e-01,3.989159031243078024e-01,4.007112832670324809e-01,4.024968125245279027e-01,4.042700521572706873e-01,4.060285597557114490e-01,4.077698604131396176e-01,4.094915209069445172e-01,4.111910755928357974e-01,4.128660915328991043e-01,4.145141289117953431e-01,4.161327768484510137e-01,4.177196256669952201e-01,4.192723130403536169e-01,4.207884593341001400e-01,4.222657519056795539e-01,4.237018784672980654e-01,4.250945826931453730e-01,4.264416266812623979e-01,4.277408293920295645e-01,4.289900345212311339e-01,4.301871599061667939e-01,4.313301307263385787e-01,4.324169604845211068e-01,4.334456961444651535e-01,4.344144675588890170e-01,4.353214270383116702e-01,4.361648202140178121e-01,4.369429523004679794e-01,4.376541794144712672e-01,4.382969608739931133e-01,4.388697865795545550e-01,4.393712525238024358e-01,4.398000275706476780e-01,4.401548505802741484e-01,4.404345449683465530e-01,4.406380092894810474e-01,4.407642607429416159e-01,4.408123407383101044e-01,4.407814355603266177e-01,4.406708004978204252e-01,4.404797632324130574e-01,4.402077663209568725e-01,4.398543373572930126e-01,4.394190867611023066e-01,4.389017341030306274e-01,4.383020815060015840e-01,4.376200276426737146e-01,4.368555805358891875e-01,4.360088168106854289e-01,4.350799354021654408e-01,4.340692047814437848e-01,4.329770120456972182e-01,4.318038231407541616e-01,4.305502031947541774e-01,4.292168236691720762e-01,4.278044287790639388e-01,4.263138645335545207e-01,4.247460732369219838e-01,4.231020801629925554e-01,4.213829826872366180e-01,4.195900241956660448e-01,4.177244813501627685e-01,4.157877168493148146e-01,4.137812126451173578e-01,4.117065001228854548e-01,4.095652049996778010e-01,4.073590384389140784e-01,4.050897664719334546e-01,4.027592524234905880e-01,4.003694147744049081e-01,3.979222435888114529e-01,3.954198223990735284e-01,3.928642462679891034e-01,3.902577333568809093e-01,3.876025297953838433e-01,3.849009322064034233e-01,3.821552995261218721e-01,3.793680597156763867e-01,3.765416677694644054e-01,3.736786219573521306e-01,3.707815004206780340e-01,3.678528735464052235e-01,3.648953795027212177e-01,3.619116709645926466e-01,3.589044588331700703e-01,3.558764555913491168e-01,3.528303998563994681e-01,3.497690896126340321e-01,3.466952705487524877e-01,3.436117779185026699e-01,3.405214037484553535e-01,3.374269943834163898e-01,3.343313482394245084e-01,3.312373293714465650e-01,3.281477369267419286e-01,3.250654165897148840e-01,3.219931791253718978e-01,3.189338301358621841e-01,3.158901687024440186e-01,3.128649752868138956e-01,3.098610092510340475e-01,3.068810014252650875e-01,3.039276755523422358e-01,3.010037042153561049e-01,2.981117295149687818e-01,2.952543948645803273e-01,2.924342647620664093e-01,2.896538757483629323e-01,2.869157436889532287e-01,2.842222997831385656e-01,2.815759812400743800e-01,2.789791304769407287e-01,2.764340453537004749e-01,2.739429935836994456e-01,2.715081529265003790e-01,2.691316798208970296e-01,2.668156282928311196e-01,2.645620240842107562e-01,2.623728133313328326e-01,2.602498810345725833e-01,2.581950333533242770e-01,2.562100151251081037e-01,2.542965046838070453e-01,2.524560912092013720e-01,2.506903209497731710e-01,2.490006205805425921e-01,2.473883750541679694e-01,2.458548832244076832e-01,2.444013594459262528e-01,2.430289368179505416e-01,2.417386751065249972e-01,2.405315491992229826e-01,2.394084654737581586e-01,2.383702286269258896e-01,2.374175597921740211e-01,2.365511206329482252e-01,2.357714731433217525e-01,2.350790949842521405e-01,2.344743867227567780e-01,2.339576622353949364e-01,2.335291537374774018e-01,2.331890093084593163e-01,2.329372961701153544e-01,2.327740091404168210e-01,2.326990373456256922e-01,2.327122143517957598e-01,2.328132784352332230e-01,2.330018865214314450e-01,2.332776268269431963e-01,2.336400146451967919e-01,2.340884752845198702e-01,2.346223679873304380e-01,2.352409566350684988e-01,2.359434665608702575e-01,2.367290192505726865e-01,2.375966978803253915e-01,2.385454825146607338e-01,2.395743067211694999e-01,2.406820277343958425e-01,2.418674430376745454e-01,2.431292981644369300e-01,2.444662525489939564e-01,2.458769342608527753e-01,2.473598966614808936e-01,2.489136328892065098e-01,2.505366014924337303e-01,2.522271857283496233e-01,2.539837422331146510e-01,2.558045718428600956e-01,2.576879226640543252e-01,2.596320048404124337e-01,2.616349857174264937e-01,2.636949966591310979e-01,2.658101274054335827e-01,2.679784443982811126e-01,2.701979647320930655e-01,2.724666851318865435e-01,2.747825686471192519e-01,2.771435604193276947e-01,2.795475756535134582e-01,2.819925166276981976e-01,2.844762543407868272e-01,2.869966527690985814e-01,2.895515595907307005e-01,2.921388102816876997e-01,2.947562240055705551e-01,2.974016256635632072e-01,3.000728241271006236e-01,3.027676256395126497e-01,3.054838521552546982e-01,3.082193046260991443e-01,3.109717999627775176e-01,3.137391545058570430e-01,3.165192023887182238e-01,3.193097740597848344e-01,3.221087379278910201e-01,3.249139496762630808e-01,3.277232916857707457e-01,3.305346669698616124e-01,3.333459989002788837e-01,3.361552247988430775e-01,3.389603241122248756e-01,3.417592871156489576e-01,3.445501271735298410e-01,3.473309122653855385e-01,3.500997182370959027e-01,3.528546784635977485e-01,3.555939182105072871e-01,3.583156500245525122e-01,3.610180900109751234e-01,3.636995094953846541e-01,3.663582110751016918e-01,3.689925560071657396e-01,3.716009250041508727e-01,3.741817528850155949e-01,3.767335371097138563e-01,3.792548106148201925e-01,3.817441385528861919e-01,3.842001557624847297e-01,3.866215453280112402e-01,3.890070344695641946e-01,3.913553933684822406e-01,3.936654713676883133e-01,3.959361409164262047e-01,3.981663537792528018e-01,4.003551096809370158e-01,4.025014366964158596e-01,4.046044534732732845e-01,4.066633275812227555e-01,4.086772587019661396e-01,4.106455234735371107e-01,4.125674521203923639e-01,4.144424182919720367e-01,4.162698651049286935e-01,4.180492984842358317e-01,4.197802682226931537e-01,4.214623610458886338e-01,4.230952594959133117e-01,4.246786708641527297e-01,4.262123734482598514e-01,4.276961738478511910e-01,4.291299628899609142e-01,4.305136859629929980e-01,4.318473046720920916e-01,4.331308638687274004e-01,4.343644350685718636e-01,4.355481715338282989e-01,4.366822414662817065e-01,4.377668908799174363e-01,4.388023854238463084e-01,4.397890536916142512e-01,4.407272617616588839e-01,4.416174243931423882e-01,4.424599930963500904e-01,4.432554646957235778e-01,4.440043608598959746e-01,4.447072718960487503e-01,4.453647950258665666e-01,4.459775695310987942e-01,4.465462778470472016e-01,4.470716499525380638e-01,4.475543824233028101e-01,4.479952830778159978e-01
2.230246177464177693e-01,2.215491959312675674e-01,2.200227684580792764e-01,2.184476764149785033e-01,2.168262838906985512e-01,2.151609774623510496e-01,2.134541410624542779e-01,2.117081806587730874e-01,2.099255076261291597e-01,2.081085342150005568e-01,2.062596738499263560e-01,2.043813432288621446e-01,2.024759491395122513e-01,2.005458863678668269e-01,1.985935499662856707e-01,1.966213092913027816e-01,1.946315293036930683e-01,1.926265388607666385e-01,1.906086664395004182e-01,1.885802070640558159e-01,1.865434245361908827e-01,1.845005615564489776e-01,1.824538300124857737e-01,1.804054005247814896e-01,1.783574227958407421e-01,1.763120028139114892e-01,1.742712118271430299e-01,1.722370701514115143e-01,1.702115677450423692e-01,1.681966554569430949e-01,1.661942249792361659e-01,1.642061359827972911e-01,1.622341892488683990e-01,1.602801430915943848e-01,1.583457148242561618e-01,1.564325551266802505e-01,1.545422657489055884e-01,1.526764130564137734e-01,1.508364848413496773e-01,1.490239369126183100e-01,1.472401587993010241e-01,1.454864854839952315e-01,1.437642036355845088e-01,1.420745309344285667e-01,1.404186395916767471e-01,1.387976401321399100e-01,1.372125872663309820e-01,1.356644768870552409e-01,1.341542443821563402e-01,1.326827707442941040e-01,1.312508879988241728e-01,1.298593470080424417e-01,1.285088661282319800e-01,1.272000907308542261e-01,1.259336122814694592e-01,1.247099641025518624e-01,1.235296205279228093e-01,1.223930100663594284e-01,1.213004892975172166e-01,1.202523654170716827e-01,1.192488934724331012e-01,1.182902585098892928e-01,1.173766078682712127e-01,1.165080252599250410e-01,1.156845382556654644e-01,1.149061249263437223e-01,1.141727073500322792e-01,1.134841563900965272e-01,1.128402936475249724e-01,1.122408783715376085e-01,1.116856331132722313e-01,1.111742164784453729e-01,1.107062520338186890e-01,1.102812995148659408e-01,1.098988877908311790e-01,1.095584773178050891e-01,1.092594976953891739e-01,1.090013311954199648e-01,1.087833125463860962e-01,1.086047242581333061e-01,1.084648268546182931e-01,1.083628188633670997e-01,1.082978635015463681e-01,1.082690882436007501e-01,1.082755769872971313e-01,1.083163803444885109e-01,1.083905030651400592e-01,1.084969267372743185e-01,1.086345846425736256e-01,1.088023830684055476e-01,1.089992012795397980e-01,1.092238744189338168e-01,1.094752235875536411e-01,1.097520327215995156e-01,1.100530538316742413e-01,1.103770138392395628e-01,1.107226335684760865e-01,1.110885898106082903e-01,1.114735426987185224e-01,1.118761393005410776e-01,1.122950034716480583e-01,1.127287411643354553e-01,1.131759446970282273e-01,1.136351975466024233e-01,1.141050656294060744e-01,1.145841090598937601e-01,1.150708627892956110e-01,1.155638897890962080e-01,1.160617141177862494e-01,1.165628792798873575e-01,1.170659187908093257e-01,1.175693717124559612e-01,1.180717712027604810e-01,1.185716648281149727e-01,1.190676025207693389e-01,1.195581470984605071e-01,1.200418675521464362e-01,1.205173553779232409e-01,1.209832064145349162e-01,1.214380427277529512e-01,1.218804993231167311e-01,1.223092381505886533e-01,1.227229386203543687e-01,1.231203156963090045e-01,1.235001027113023092e-01,1.238610671412699038e-01,1.242020173097502372e-01,1.245217809267050446e-01,1.248192297966970038e-01,1.250932774190374741e-01,1.253428714338724326e-01,1.255670047121474342e-01,1.257647210752248501e-01,1.259350991133841302e-01,1.260772783338417469e-01,1.261904380250897240e-01,1.262738099703370753e-01,1.263266936885983072e-01,1.263484248310659808e-01,1.263384119900504698e-01,1.262961131399964188e-01,1.262210594227995974e-01,1.261128238634390830e-01,1.259710599170783263e-01,1.257954730835696144e-01,1.255858438408780087e-01,1.253420164088036859e-01,1.250638959060395017e-01,1.247514699378607927e-01,1.244047831107810975e-01,1.240239532835983732e-01,1.236091701739838872e-01,1.231606973856016890e-01,1.226788593968485552e-01,1.221640650323148197e-01,1.216167899082171988e-01,1.210375745871325459e-01,1.204270435897500519e-01,1.197858750121653659e-01,1.191148345528326991e-01,1.184147509252314739e-01,1.176865225787107477e-01,1.169311173146740934e-01,1.161495662121527772e-01,1.153429723773830573e-01,1.145124987678019512e-01,1.136593786346825063e-01,1.127849008499560018e-01,1.118904206985396610e-01,1.109773477122173585e-01,1.100471472848020965e-01,1.091013459802680913e-01,1.081415204126147667e-01,1.071692856940526517e-01,1.061863224774679954e-01,1.051943464603051492e-01,1.041951184061426922e-01,1.031904369872825300e-01,1.021821377258351066e-01,1.011720901952968682e-01,1.001621932734663989e-01,9.915437742156150980e-02,9.815058917593127985e-02,9.715279684353522738e-02,9.616299132550804041e-02,9.518317345661983508e-02,9.421535275032326406e-02,9.326154002858029479e-02,9.232375334911178955e-02,9.140400566301408458e-02,9.050430839334470956e-02,8.962665772074468462e-02,8.877304173318262270e-02,8.794541568159647271e-02,8.714573407639307490e-02,8.637590795959207424e-02,8.563782625564600459e-02,8.493333937471650441e-02,8.426426506902355562e-02,8.363237243802382204e-02,8.303938545704805940e-02,8.248697758531915725e-02,8.197677724276973554e-02,8.151033585481204380e-02,8.108916178934345853e-02,8.071469114267576517e-02,8.038827908081870588e-02,8.011122901825729059e-02,7.988475548350183753e-02,7.970999402572830073e-02,7.958799789506965094e-02,7.951974023950526826e-02,7.950609727108089164e-02,7.954785909833765600e-02,7.964572011877685265e-02,7.980028598646750349e-02,8.001204550249725600e-02,8.028140203113831586e-02,8.060864595071653982e-02,8.099396861119811941e-02,8.143745505668326112e-02,8.193907890934241933e-02,8.249870838612459456e-02,8.311609574691773694e-02,8.379088780895864452e-02,8.452260925775170741e-02,8.531068702025602912e-02,8.615443062303942967e-02,8.705302668659914422e-02,8.800556219937519242e-02,8.901100622033711329e-02,9.006822178759886499e-02,9.117594983007071274e-02,9.233283746908015066e-02,9.353741205803821346e-02,9.478810549167207555e-02,9.608322936615909526e-02,9.742100670300239684e-02,9.879955422837628787e-02,1.002168962216009318e-01,1.016709545873948906e-01,1.031595627852456010e-01,1.046804638891567912e-01,1.062313190571823190e-01,1.078096953981108885e-01,1.094130980792272639e-01,1.110389407295220288e-01,1.126845803945459024e-01,1.143472972662445686e-01,1.160243092172888041e-01,1.177127883926237240e-01,1.194098399564870600e-01,1.211125275151004738e-01,1.228178738121350616e-01,1.245228573109572190e-01,1.262244261134612966e-01,1.279195028215198704e-01,1.296049795435301466e-01,1.312777505565042024e-01,1.329346797271324931e-01,1.345726331949537447e-01,1.361884795898050393e-01,1.377790900719244038e-01,1.393413527097302207e-01,1.408721696731700113e-01,1.423684661886265024e-01,1.438271991960804741e-01,1.452453670751078507e-01,1.466199884748233262e-01,1.479481595859830911e-01,1.492270026426485152e-01,1.504537204964630781e-01,1.516255607406289951e-01,1.527398554704669231e-01,1.537940011304132770e-01,1.547854874426090876e-01,1.557118776977255981e-01,1.565708321805189818e-01,1.573601015736538489e-01,1.580775505765690259e-01,1.587211378427084152e-01,1.592889349229150986e-01,1.597791290526047736e-01,1.601900253187853729e-01,1.605200517693879947e-01,1.607677604047399456e-01,1.609318399879840489e-01,1.610111049069572475e-01,1.610045058511749561e-01,1.609111425361683667e-01,1.607302500397486122e-01,1.604612060914102356e-01,1.601035353293919217e-01,1.596569162268162423e-01,1.591211666036083106e-01,1.584962672612026113e-01,1.577823488335110824e-01,1.569796914614750571e-01,1.560887296778964983e-01,1.551100515326003237e-01,1.540444023510932903e-01,1.528926824954814634e-01,1.516559352438405783e-01,1.503353714963104049e-01,1.489323409168359647e-01,1.474483464475029038e-01,1.458850360024885606e-01,1.442442159441305050e-01,1.425278194415838251e-01,1.407379335530683506e-01,1.388767783389488475e-01,1.369467064661913369e-01,1.349502079583026204e-01,1.328898930913361420e-01,1.307685091522994836e-01,1.285889154160461401e-01,1.263540900808553802e-01,1.240671189015158521e-01,1.217311988781823173e-01,1.193496243418750435e-01,1.169257956986810981e-01,1.144631941267871822e-01,1.119653944423494724e-01,1.094360470440012834e-01,1.068788798300367715e-01,1.042976853093671302e-01,1.016963214888561978e-01,9.907870713323681244e-02,9.644879488821470059e-02,9.381059924257324767e-02,9.116816267418868802e-02,8.852555814381740662e-02,8.588687519715562657e-02,8.325623322816382010e-02,8.063775314898163904e-02,7.803556044912973721e-02,7.545377556240856487e-02,7.289650787298083967e-02,7.036785711238957575e-02,6.787188390932827331e-02,6.541262800299897651e-02,6.299408999263178544e-02,6.062022563952217113e-02,5.829493297456043305e-02,5.602205806795017284e-02,5.380538538064609522e-02,5.164862348936161141e-02,4.955540962117714610e-02,4.752928582942088365e-02,4.557372288330128335e-02,4.369208267633508530e-02,4.188763560032884165e-02,4.016354284010846543e-02,3.852285266933810903e-02,3.696850417891830304e-02,3.550330918681323528e-02,3.412995783126026444e-02,3.285100642625830847e-02,3.166888563156944336e-02,3.058587851345082043e-02,2.960413000638574890e-02,2.872564939191900660e-02,2.795227400587015770e-02,2.728571816972277797e-02,2.672752021287272059e-02,2.627907844783156782e-02,2.594161845695805435e-02,2.571621771176752988e-02,2.560377829137225336e-02,2.560505795648762919e-02,2.572062695295221357e-02,2.595091351434597807e-02,2.629615816063317693e-02,2.675646000290582763e-02,2.733172686441815574e-02,2.802172216841030891e-02,2.882603322533921694e-02,2.974408405951315185e-02,3.077514809119739556e-02,3.191831863613314724e-02,3.317254655842120231e-02,3.453661683959345641e-02,3.600916020864785433e-02,3.758866182312453619e-02,3.927344008432296502e-02,4.106169454517111239e-02,4.295145432829734766e-02,4.494062065067200989e-02,4.702696415052527029e-02,4.920810899153399420e-02,5.148155732161672354e-02,5.384469966279182424e-02,5.629478318862909947e-02,5.882896170593662766e-02,6.144426694494731223e-02,6.413762926260888064e-02,6.690588001701180954e-02,6.974575382577863358e-02,7.265389939858325763e-02,7.562687792427442990e-02,7.866117524578136733e-02,8.175320232476984694e-02,8.489930551427889160e-02,8.809576961545878548e-02,9.133883056191122174e-02,9.462466048789709705e-02,9.794940523298635571e-02,1.013091677283567138e-01,1.047000129203889823e-01,1.081179884844968714e-01,1.115591333225178505e-01,1.150194490651544749e-01,1.184949553510635245e-01,1.219816582214726386e-01,1.254755677006164916e-01,1.289727130378823250e-01,1.324691401913803968e-01,1.359609071710172756e-01,1.394441107795821033e-01,1.429148884216858428e-01,1.463693955814551473e-01,1.498038464046658469e-01,1.532145123244458840e-01,1.565977041937123559e-01,1.599497964708439801e-01,1.632672403790385862e-01,1.665465486256929861e-01
3.708853716101312981e-01,3.685857447242399387e-01,3.663007945378309871e-01,3.640353325591067501e-01,3.617942206937580507e-01,3.595823985333415074e-01,3.574048059762396368e-01,3.552664370121601523e-01,3.531723090002061860e-01,3.511274571825339086e-01,3.491368879133130432e-01,3.472056467678594216e-01,3.453387094541385816e-01,3.435410663472563408e-01,3.418176328237739758e-01,3.401732999799534918e-01,3.386128857058602892e-01,3.371411274264035085e-01,3.357627100782830110e-01,3.344821959645793430e-01,3.333040656111654898e-01,3.322326766462569414e-01,3.312722559499783337e-01,3.304269289450032510e-01,3.297006439849946013e-01,3.290972251241383595e-01,3.286203269588362508e-01,3.282734157970239042e-01,3.280598048935508548e-01,3.279826160467880225e-01,3.280447626038572873e-01,3.282489779188761947e-01,3.285977628868789746e-01,3.290934226186312261e-01,3.297380176580037570e-01,3.305333858875660336e-01,3.314811296938514062e-01,3.325826275558413925e-01,3.338389840864165459e-01,3.352510611991513789e-01,3.368194772582252527e-01,3.385445793707704265e-01,3.404264623045142324e-01,3.424649320840963407e-01,3.446595761078428688e-01,3.470096597716852416e-01,3.495142203997154695e-01,3.521720091277832365e-01,3.549814904173217434e-01,3.579408952056488125e-01,3.610481461094213751e-01,3.643009375613134315e-01,3.676966638353364458e-01,3.712324833734493845e-01,3.749052753415866857e-01,3.787116864612988243e-01,3.826480941670890035e-01,3.867106203723969515e-01,3.908951606726271955e-01,3.951973800510100165e-01,3.996127025720292436e-01,4.041363160672223342e-01,4.087632185608063851e-01,4.134881811348205538e-01,4.183057733332307682e-01,4.232103855492744260e-01,4.281962093868442176e-01,4.332572625486976192e-01,4.383873995517074684e-01,4.435803360396932682e-01,4.488296114003388348e-01,4.541286430904072913e-01,4.594707309544553420e-01,4.648490443516999360e-01,4.702566778131284098e-01,4.756865987653838834e-01,4.811317188217127949e-01,4.865848700432717777e-01,4.920388555812341136e-01,4.974863920566476860e-01,5.029202050096244214e-01,5.083329643125344965e-01,5.137173626551556627e-01,5.190660785978192804e-01,5.243718329216929819e-01,5.296273433671306874e-01,5.348253964848858066e-01,5.399588335708016551e-01,5.450205439463954304e-01,5.500035021827369697e-01,5.549007859293653144e-01,5.597055717276786524e-01,5.644111441887470493e-01,5.690109141151400429e-01,5.734984305437786922e-01,5.778673937522750270e-01,5.821116585925293352e-01,5.862252512177600350e-01,5.902023787765733331e-01,5.940374228384003308e-01,5.977249909603012945e-01,6.012598656449781309e-01,6.046370464368022724e-01,6.078517831228191781e-01,6.108995376248285147e-01,6.137760148138634575e-01,6.164771773451729331e-01,6.189992031969241415e-01,6.213385505667361475e-01,6.234919527809520412e-01,6.254563894861934203e-01,6.272291283937901918e-01,6.288077106615447276e-01,6.301899295724754380e-01,6.313739055981471004e-01,6.323580193382212222e-01,6.331409316853489067e-01,6.337216258123586909e-01,6.340993390814699815e-01,6.342735844007176826e-01,6.342442344735391702e-01,6.340113641388994692e-01,6.335754130699726705e-01,6.329370484717449230e-01,6.320972457893959673e-01,6.310572735365659325e-01,6.298186434715864479e-01,6.283831746149468600e-01,6.267529212250503301e-01,6.249302417479276617e-01,6.229177226007809320e-01,6.207182214198441184e-01,6.183348477464208903e-01,6.157709447544563730e-01,6.130300680844468220e-01,6.101160574892225963e-01,6.070329155222463635e-01,6.037848977349743462e-01,6.003764295679731022e-01,5.968121856376740197e-01,5.930969623219471965e-01,5.892357766113123230e-01,5.852338132551495598e-01,5.810963956313480727e-01,5.768290306438781379e-01,5.724373273690942510e-01,5.679270489062748783e-01,5.633040792535704000e-01,5.585743925598989357e-01,5.537440788878329467e-01,5.488193242455975396e-01,5.438063737048032253e-01,5.387115433192151137e-01,5.335412225217239790e-01,5.283018314241177960e-01,5.229998366865372672e-01,5.176417114798796959e-01,5.122339739585758389e-01,5.067831234359352344e-01,5.012956602915003002e-01,4.957780827802097945e-01,4.902368256170654970e-01,4.846783338629020998e-01,4.791089964902526810e-01,4.735351165958223696e-01,4.679629635729722348e-01,4.623987277620782432e-01,4.568485299134138478e-01,4.513183654315159332e-01,4.458141638227873238e-01,4.403417476920505336e-01,4.349068120589098529e-01,4.295149378598470680e-01,4.241715671720840408e-01,4.188820435911032036e-01,4.136515228792798649e-01,4.084850374230750703e-01,4.033874733620348429e-01,3.983635537540212157e-01,3.934178159826325905e-01,3.885546838088863586e-01,3.837783637104741352e-01,3.790928843623669886e-01,3.745021404388563235e-01,3.700098070459987287e-01,3.656193790404689836e-01,3.613341838700956932e-01,3.571573557393106224e-01,3.530918201131575396e-01,3.491403413406661271e-01,3.453054845424397556e-01,3.415896013139517740e-01,3.379948654480737780e-01,3.345232718991617560e-01,3.311766175566994153e-01,3.279564965138503929e-01,3.248643459770222952e-01,3.219013765532030003e-01,3.190686427161367189e-01,3.163670132040585781e-01,3.137971672498677256e-01,3.113596197449663427e-01,3.090547080997162466e-01,3.068825757178965663e-01,3.048432428933821048e-01,3.029365352944258238e-01,3.011621402357667621e-01,2.995195652837243649e-01,2.980081888332454798e-01,2.966272423671747482e-01,2.953757949844225128e-01,2.942528145617602231e-01,2.932571013360693035e-01,2.923873668390840064e-01,2.916421716355731553e-01,2.910199705398784364e-01,2.905191088232513263e-01,2.901378339109397242e-01,2.898742843341243769e-01,2.897265187140768972e-01,2.896924864988539294e-01,2.897700734876192397e-01,2.899570775043592841e-01,2.902512318900865029e-01,2.906501994014554224e-01,2.911515750260858515e-01,2.917529144199048630e-01,2.924517229425481202e-01,2.932454400451041665e-01,2.941314850942106096e-01,2.951072288963612067e-01,2.961700341808471970e-01,2.973172066059985297e-01,2.985460544998882471e-01,2.998538562187558765e-01,3.012379025178499314e-01,3.026954400236603338e-01,3.042237475413834824e-01,3.058200755412457394e-01,3.074816900331954761e-01,3.092058726067604124e-01,3.109898953965524737e-01,3.128310645160254366e-01,3.147267005138449925e-01,3.166741222240217479e-01,3.186706864862735022e-01,3.207137932873029285e-01,3.228008345500898990e-01,3.249292593858969513e-01,3.270965238858578039e-01,3.293001441370560500e-01,3.315376315137328334e-01,3.338065808914829069e-01,3.361045936451557137e-01,3.384293103619053777e-01,3.407784170839202043e-01,3.431496373611239714e-01,3.455407440671248165e-01,3.479495367974339559e-01,3.503738638846784492e-01,3.528116015193601962e-01,3.552606930282201647e-01,3.577190994297915205e-01,3.601848325825202091e-01,3.626559421930076743e-01,3.651305294035006588e-01,3.676067098719431603e-01,3.700826584629996474e-01,3.725565928956962591e-01,3.750267532222815725e-01,3.774914227333979744e-01,3.799489270750896486e-01,3.823976210424928079e-01,3.848358961929621014e-01,3.872621778923460156e-01,3.896749249845165020e-01,3.920726292068292262e-01,3.944538208808339164e-01,3.968170369362769012e-01,3.991608833693960912e-01,4.014839455589164774e-01,4.037848839240091303e-01,4.060623635819571309e-01,4.083150776294870443e-01,4.105417490000562442e-01,4.127411191892532139e-01,4.149119618681422761e-01,4.170530755372346965e-01,4.191632847938315254e-01,4.212414168223713729e-01,4.232863594947246511e-01,4.252969889061672948e-01,4.272722340813423503e-01,4.292110176432930024e-01,4.311123159654023373e-01,4.329751105231707253e-01,4.347984135882380641e-01,4.365812410500762852e-01,4.383226614232104135e-01,4.400217707750328500e-01,4.416776680093316698e-01,4.432894889107839576e-01,4.448563967962330667e-01,4.463775795627942800e-01,4.478522552427675607e-01,4.492796938294117970e-01,4.506591684679361332e-01,4.519899863947432483e-01,4.532715056705917678e-01,4.545031062585461190e-01,4.556842027990938848e-01,4.568142643956015769e-01,4.578927839521741427e-01,4.589192834184118719e-01,4.598933780167776542e-01,4.608146478800684287e-01,4.616827866216741127e-01,4.624974996322752663e-01,4.632585550057259915e-01,4.639657552614538383e-01,4.646189753656151389e-01,4.652181059637990890e-01,4.657631363883252829e-01,4.662540802690868791e-01,4.666910225423006597e-01,4.670740805482356817e-01,4.674034814306097241e-01,4.676794599616093118e-01,4.679023315914823122e-01,4.680724792192014205e-01,4.681903491152098473e-01,4.682564167311399905e-01,4.682712893631276185e-01,4.682355670229260136e-01,4.681499585966285015e-01,4.680152196133121056e-01,4.678321917539146058e-01,4.676017513321402141e-01,4.673248575841888464e-01,4.670025262075578887e-01,4.666358536555930692e-01,4.662259770197320075e-01,4.657741041993753717e-01,4.652815242408594454e-01,4.647495524656018451e-01,4.641795903115970567e-01,4.635730756367141270e-01,4.629315237337167654e-01,4.622564869433551937e-01,4.615495794433365773e-01,4.608124602803013725e-01,4.600468360511286159e-01,4.592544540293783117e-01,4.584371252700417121e-01,4.575966731914611341e-01,4.567349731293721682e-01,4.558539333571926533e-01,4.549554776734749395e-01,4.540415713210238513e-01,4.531142165234353092e-01,4.521754019929278279e-01,4.512271360238957474e-01,4.502714638119418300e-01,4.493104401607383447e-01,4.483460778815301362e-01,4.473804374733479916e-01,4.464155488342897993e-01,4.454534331772873612e-01,4.444961289449587682e-01,4.435456096060177988e-01,4.426038622677556655e-01,4.416728193458510088e-01,4.407543951368096402e-01,4.398504789381932900e-01,4.389629047407501150e-01,4.380934508259660687e-01,4.372438769140433168e-01,4.364158645708239859e-01,4.356110295991568182e-01,4.348309486959351378e-01,4.340771200109678762e-01,4.333509558544746954e-01,4.326538378548392405e-01,4.319870009455573090e-01,4.313516580029929104e-01,4.307489137839229376e-01,4.301797687513003177e-01,4.296451326566321227e-01,4.291458373372016299e-01,4.286826095085363719e-01,4.282560707939884748e-01,4.278667173178818950e-01,4.275149599511247622e-01,4.272011140233468174e-01,4.269253533521096822e-01,4.266877690640933363e-01,4.264882920801590926e-01,4.263267875968601572e-01,4.262029841622869131e-01,4.261164883279155990e-01,4.260667998446610039e-01,4.260533017230501152e-01,4.260752583585086239e-01,4.261318004106988133e-01,4.262219649651505793e-01,4.263447020275970001e-01,4.264987946183733114e-01,4.266829355911195831e-01,4.268957248783580294e-01,4.271356156441993290e-01,4.274010241481595029e-01,4.276902220728927007e-01,4.280013872721968871e-01,4.283326129028628970e-01,4.286818826111865599e-01,4.290471360043666693e-01,4.294261897618965040e-01,4.298168056463606557e-01,4.302166842650021472e-01,4.306234203197199517e-01,4.310345905888047224e-01,4.314476926813243796e-01,4.318601800660756829e-01,4.322694623530980995e-01,4.326729257472435308e-01,4.330679061795087992e-01,4.334517080604050054e-01
7.542255553744772190e-01,7.514860417823492345e-01,7.487307310816047057e-01,7.459621548235477739e-01,7.431829420019656629e-01,7.403957132208293102e-01,7.376031877962152539e-01,7.348081392881263829e-01,7.320133659628410561e-01,7.292217221347724321e-01,7.264360920501095054e-01,7.236594490511302213e-01,7.208947032262852384e-01,7.181449193973660217e-01,7.154130796825772798e-01,7.127022598383254692e-01,7.100155070442661920e-01,7.073559500107391429e-01,7.047266350893778286e-01,7.021307101295758413e-01,6.995712541385117333e-01,6.970513643840401397e-01,6.945741530148379361e-01,6.921427055807792827e-01,6.897600763175014693e-01,6.874293058563959447e-01,6.851533958486196729e-01,6.829353512768528978e-01,6.807781072455845184e-01,6.786845740239314528e-01,6.766576001558570752e-01,6.746999923803589372e-01,6.728144722554969537e-01,6.710037505949401071e-01,6.692704265304132427e-01,6.676170635058579217e-01,6.660460885416716881e-01,6.645599212089561281e-01,6.631608245530139500e-01,6.618510173352735171e-01,6.606326105100207569e-01,6.595076074555272783e-01,6.584779115581627096e-01,6.575453056739628543e-01,6.567114788879280241e-01,6.559779663465559185e-01,6.553462761654571533e-01,6.548176622470868180e-01,6.543933350734395527e-01,6.540743798871239134e-01,6.538616878483953787e-01,6.537560709473004827e-01,6.537581738589420821e-01,6.538685173597583722e-01,6.540874367948066315e-01,6.544152092138630916e-01,6.548518757832703097e-01,6.553973641840710185e-01,6.560514655421879615e-01,6.568138283883864226e-01,6.576839178822996290e-01,6.586610421296321682e-01,6.597444271992054521e-01,6.609330793304745155e-01,6.622258807200586128e-01,6.636215550337941638e-01,6.651187150532719139e-01,6.667157788380650985e-01,6.684110566148733223e-01,6.702026995932719444e-01,6.720886979556042196e-01,6.740669553636444711e-01,6.761351899727925385e-01,6.782910077930577319e-01,6.805319095110690109e-01,6.828552279406727710e-01,6.852582062201547641e-01,6.877379587635255032e-01,6.902914780055451338e-01,6.929156589940168587e-01,6.956073024938560501e-01,6.983630744397981704e-01,7.011795905833365650e-01,7.040533391793863949e-01,7.069807439955297923e-01,7.099581785725069816e-01,7.129818829347738252e-01,7.160480652069542984e-01,7.191528800928336240e-01,7.222924290043214457e-01,7.254627302389172749e-01,7.286598192059523527e-01,7.318796578798237862e-01,7.351181815270300124e-01,7.383713244104567197e-01,7.416349771136347968e-01,7.449050484935216820e-01,7.481774660243607489e-01,7.514480795155578097e-01,7.547128428394793698e-01,7.579676923230089791e-01,7.612086034817582281e-01,7.644315548674575078e-01,7.676325947460493904e-01,7.708078134187814623e-01,7.739533429640497175e-01,7.770653714779828247e-01,7.801401904326116243e-01,7.831741178296701689e-01,7.861635732788064823e-01,7.891050447580526539e-01,7.919951551186295013e-01,7.948305669179447364e-01,7.976080271041441350e-01,8.003244879202719986e-01,8.029769336583675310e-01,8.055624657950124501e-01,8.080783332636488625e-01,8.105218765115504986e-01,8.128906238135207296e-01,8.151821979070615898e-01,8.173943199939545101e-01,8.195249237786407237e-01,8.215720159250027299e-01,8.235338399436623602e-01,8.254086722295843614e-01,8.271950053736654151e-01,8.288915027886767373e-01,8.304969355545830378e-01,8.320102470183132759e-01,8.334305379572171102e-01,8.347570433177170512e-01,8.359891923456966856e-01,8.371265300702148693e-01,8.381688016872018698e-01,8.391158729739600641e-01,8.399677694042864129e-01,8.407246817888214263e-01,8.413869593822879134e-01,8.419550558965752662e-01,8.424296176983151474e-01,8.428114444140888395e-01,8.431014331302959519e-01,8.433006488040450943e-01,8.434103082426842590e-01,8.434317467703295046e-01,8.433664036076522486e-01,8.432158740739822411e-01,8.429818918416535078e-01,8.426662454497584331e-01,8.422709019044560819e-01,8.417979028826988452e-01,8.412494054789463327e-01,8.406276689351116493e-01,8.399349998910590198e-01,8.391738446744263502e-01,8.383467331556232471e-01,8.374562354571917222e-01,8.365050133133462573e-01,8.354957898283785767e-01,8.344313204359964375e-01,8.333144603907970405e-01,8.321480971609551691e-01,8.309350951832159549e-01,8.296784317193371949e-01,8.283810970244044336e-01,8.270460632860466843e-01,8.256763436192439132e-01,8.242749630605868960e-01,8.228449220690751131e-01,8.213892452722919568e-01,8.199109383202295431e-01,8.184129734162840508e-01,8.168983277191815828e-01,8.153699082655572195e-01,8.138306558965123783e-01,8.122833838283706198e-01,8.107309350180089691e-01,8.091760548626081295e-01,8.076214526136763494e-01,8.060697535424529159e-01,8.045235528370411338e-01,8.029853600234376776e-01,8.014575927642390019e-01,7.999426004036661597e-01,7.984426466765682795e-01,7.969599261405571067e-01,7.954964954088029616e-01,7.940543680159664053e-01,7.926354343666105473e-01,7.912414806774334952e-01,7.898742129336440154e-01,7.885351786597837309e-01,7.872258748385523308e-01,7.859476730303949221e-01,7.847018352563637222e-01,7.834894863465601267e-01,7.823116502281226570e-01,7.811692684591301505e-01,7.800631138601659131e-01,7.789938842334938052e-01,7.779621425619592801e-01,7.769683522739861958e-01,7.760128620216742990e-01,7.750958714763007684e-01,7.742175093118259799e-01,7.733777872704115097e-01,7.725766179421562629e-01,7.718137762529593271e-01,7.710889131438090072e-01,7.704016815493343051e-01,7.697514947359102022e-01,7.691377773730451173e-01,7.685598216734018662e-01,7.680168229850056205e-01,7.675078813875565453e-01,7.670320304615859675e-01,7.665882227478068023e-01,7.661753292906030577e-01,7.657921403069977151e-01,7.654373985219241616e-01,7.651097504555679496e-01,7.648078551187610374e-01,7.645301860195239385e-01,7.642753144073831661e-01,7.640416831295584466e-01,7.638276779203643230e-01,7.636317038618450903e-01,7.634520938250125566e-01,7.632871980536876100e-01,7.631352976843343017e-01,7.629946735407068248e-01,7.628636415728589082e-01,7.627404201283123353e-01,7.626233078456990944e-01,7.625105651078114555e-01,7.624004808004454237e-01,7.622913407266969088e-01,7.621814446128939435e-01,7.620691755647490684e-01,7.619528404698988622e-01,7.618308685048142959e-01,7.617016665688217669e-01,7.615637139690375479e-01,7.614155489315550529e-01,7.612556868968970436e-01,7.610827757854758957e-01,7.608954911138448018e-01,7.606925383055505030e-01,7.604727300953321167e-01,7.602348943490356836e-01,7.599780027767724100e-01,7.597010229970361239e-01,7.594030428325049265e-01,7.590831923904801659e-01,7.587406992254444038e-01,7.583748959025865544e-01,7.579851501184361462e-01,7.575709265342059906e-01,7.571317887843050931e-01,7.566673862409948326e-01,7.561774329457577881e-01,7.556617432968383286e-01,7.551202475577136752e-01,7.545529162930474376e-01,7.539598151418772654e-01,7.533411331186198323e-01,7.526971019541887076e-01,7.520280819312326059e-01,7.513344832159531972e-01,7.506168222923952360e-01,7.498756839009439457e-01,7.491117419776489594e-01,7.483257399692649914e-01,7.475185134828091771e-01,7.466909828439872721e-01,7.458441137893564443e-01,7.449789549759756602e-01,7.440966282496763728e-01,7.431982989163584685e-01,7.422852437124829450e-01,7.413587512029582438e-01,7.404202037077334264e-01,7.394710089626941318e-01,7.385126390674208174e-01,7.375465879863234431e-01,7.365744331840560211e-01,7.355977699432847405e-01,7.346182124520859169e-01,7.336374642065942586e-01,7.326571906917586086e-01,7.316791115659131428e-01,7.307049739699519320e-01,7.297365353873764837e-01,7.287755546935908990e-01,7.278238231835413297e-01,7.268830886044530537e-01,7.259551724717675514e-01,7.250418455632329229e-01,7.241448658275777550e-01,7.232660091725804374e-01,7.224070226687621110e-01,7.215696149724639685e-01,7.207555133324760055e-01,7.199664069971879465e-01,7.192039260196829709e-01,7.184697060184694895e-01,7.177653449229843829e-01,7.170923587527150422e-01,7.164522769529919621e-01,7.158465594895782047e-01,7.152765772554512402e-01,7.147437376332500536e-01,7.142493276240512445e-01,7.137946168024812410e-01,7.133807634007004461e-01,7.130089523443808863e-01,7.126802154682624346e-01,7.123955766323465388e-01,7.121559922054470082e-01,7.119623193811406292e-01,7.118153651133699578e-01,7.117158735493569477e-01,7.116645185924241890e-01,7.116618841911948046e-01,7.117085063729052807e-01,7.118048146989042202e-01,7.119512012896472841e-01,7.121479741617031678e-01,7.123953372585121180e-01,7.126934740799723000e-01,7.130424540267837896e-01,7.134422780413177678e-01,7.138928911952112655e-01,7.143941573416556778e-01,7.149458601792474388e-01,7.155477287253859675e-01,7.161994278520890100e-01,7.169005094841147674e-01,7.176505292977995998e-01,7.184488940796006640e-01,7.192950440014367341e-01,7.201882829904079353e-01,7.211278730528731806e-01,7.221130221746260291e-01,7.231428828751694793e-01,7.242165432140836856e-01,7.253330611554877905e-01,7.264914183698744088e-01,7.276905627716374614e-01,7.289293852638272231e-01,7.302067352517438437e-01,7.315214494733365269e-01,7.328722700383152322e-01,7.342579474759611813e-01,7.356771894151493685e-01,7.371286348138025302e-01,7.386109645514076227e-01,7.401227605645533947e-01,7.416626020229867278e-01,7.432290865768110821e-01,7.448207344287268716e-01,7.464360800000215956e-01,7.480736228645090691e-01,7.497318567783445298e-01,7.514092830047599536e-01,7.531043687004407294e-01,7.548155852037250479e-01,7.565413931005725567e-01,7.582802450610128808e-01,7.600306461760268917e-01,7.617909948542933574e-01,7.635597840423750116e-01,7.653354973331950584e-01,7.671165829006736381e-01,7.689015442556821345e-01,7.706888807376535144e-01,7.724770460109908754e-01,7.742645963026003608e-01,7.760500545943371797e-01,7.778319451327593281e-01,7.796088326398035173e-01,7.813792793225724509e-01,7.831418748637638538e-01,7.848952572365994751e-01,7.866379964302168126e-01,7.883687779182038113e-01,7.900862384206956968e-01,7.917890759816909041e-01,7.934759690561656864e-01,7.951456904293214834e-01,7.967969389409829128e-01,7.984284853949241700e-01,8.000391295053970175e-01,8.016276578073174841e-01,8.031929260162662398e-01,8.047337597225922012e-01,8.062490241103490440e-01,8.077376313493773718e-01,8.091984622226767732e-01,8.106304717469140497e-01,8.120325758485287260e-01,8.134037889691760892e-01,8.147430502250716522e-01,8.160493937352609750e-01,8.173218258977922313e-01,8.185593897053408119e-01,8.197611248877264556e-01,8.209261540553172143e-01,8.220535112497157071e-01,8.231423353389242248e-01,8.241917398570950404e-01,8.252008491273318258e-01,8.261688233677526583e-01,8.270948512873610436e-01,8.279780511890316719e-01,8.288176607775716853e-01,8.296128924482017997e-01,8.303629455386724034e-01,8.310670469705457863e-01,8.317244594447372741e-01,8.323344317441270235e-01,8.328962423737579224e-01,8.334091887782690833e-01,8.338725629953745999e-01,8.342856650188354983e-01,8.346478417780883730e-01
2.702722491378961589e-01,2.694941966331733663e-01,2.686617842024925373e-01,2.677774009614926065e-01,2.668434946588608692e-01,2.658625876939007537e-01,2.648372419758230900e-01,2.637700613866965638e-01,2.626637047468826092e-01,2.615208482929496925e-01,2.603442079716118407e-01,2.591365025684937429e-01,2.579004641102668471e-01,2.566388303376738178e-01,2.553543376585126756e-01,2.540497130997990682e-01,2.527276561365696672e-01,2.513908574462584977e-01,2.500419706565815137e-01,2.486836112284202815e-01,2.473183556423927953e-01,2.459487296301189341e-01,2.445772126078737396e-01,2.432062185380333419e-01,2.418380954389779403e-01,2.404751315001101009e-01,2.391195327651986224e-01,2.377734320276861379e-01,2.364388805825424211e-01,2.351178427614288025e-01,2.338121874964384506e-01,2.325237075565579348e-01,2.312540808776820944e-01,2.300049029312380977e-01,2.287776625511801776e-01,2.275737447822821502e-01,2.263944376641605638e-01,2.252409125464648887e-01,2.241142591785303395e-01,2.230154370099191319e-01,2.219453020363528206e-01,2.209046196430883569e-01,2.198940359793306876e-01,2.189140862010691413e-01,2.179652170465681549e-01,2.170477614242733444e-01,2.161619593669931172e-01,2.153079410722587295e-01,2.144857418509686642e-01,2.136953051768293310e-01,2.129364766279205068e-01,2.122090160813534243e-01,2.115126012416531087e-01,2.108468211398421832e-01,2.102111786051173992e-01,2.096051170430918986e-01,2.090279858733769258e-01,2.084790816632229871e-01,2.079576406832041868e-01,2.074628364204635089e-01,2.069937750853493297e-01,2.065495319416490450e-01,2.061291201873304835e-01,2.057315215501876460e-01,2.053556814481129755e-01,2.050005132358893312e-01,2.046649110906192670e-01,2.043477310427047333e-01,2.040478272178218588e-01,2.037640396759628492e-01,2.034952034090566908e-01,2.032401460232590995e-01,2.029977046434927879e-01,2.027667231544953153e-01,2.025460468460934804e-01,2.023345592244371605e-01,2.021311471243176783e-01,2.019347305131996284e-01,2.017442545721156166e-01,2.015587029877695391e-01,2.013770933135426711e-01,2.011984782911033498e-01,2.010219643828430325e-01,2.008466976516528613e-01,2.006718757520796759e-01,2.004967513593441386e-01,2.003206178968843509e-01,2.001428449479583094e-01,1.999628480538284125e-01,1.997801043217596328e-01,1.995941589815258543e-01,1.994046123244254676e-01,1.992111241686132239e-01,1.990134358067956188e-01,1.988113397210293787e-01,1.986046841423715348e-01,1.983933990067982545e-01,1.981774728496955296e-01,1.979569446479272354e-01,1.977319287194689024e-01,1.975026010439214774e-01,1.972691866281823803e-01,1.970319676218581784e-01,1.967912905965194248e-01,1.965475478796468722e-01,1.963011767459158508e-01,1.960526751355470831e-01,1.958025808769651988e-01,1.955514645530077589e-01,1.952999472983021345e-01,1.950486741837579585e-01,1.947983247883320612e-01,1.945496146333516030e-01,1.943032665664829739e-01,1.940600346540608256e-01,1.938206862983107848e-01,1.935859933731823579e-01,1.933567375586158210e-01,1.931337071499979186e-01,1.929176831045363028e-01,1.927094424268582518e-01,1.925097493609549681e-01,1.923193502512775821e-01,1.921389729178214212e-01,1.919693208995902067e-01,1.918110697947875143e-01,1.916648596081031997e-01,1.915312879926889256e-01,1.914109265210896249e-01,1.913042838470907780e-01,1.912118253440357185e-01,1.911339602344367672e-01,1.910710484326865188e-01,1.910233788385418963e-01,1.909911790452661629e-01,1.909746114754432844e-01,1.909737695854689110e-01,1.909886723950338927e-01,1.910192581293119196e-01,1.910654007859622083e-01,1.911268745177858996e-01,1.912033934364579524e-01,1.912945872057307262e-01,1.913999799748496156e-01,1.915190307970104366e-01,1.916511046606498014e-01,1.917954880489183001e-01,1.919513748765920846e-01,1.921178778533507714e-01,1.922940281107188565e-01,1.924787585571317572e-01,1.926709390942730193e-01,1.928693384045076786e-01,1.930726562913185063e-01,1.932795219338360182e-01,1.934884759511613372e-01,1.936979885541388891e-01,1.939064667884294879e-01,1.941122577582614361e-01,1.943136252331051084e-01,1.945087864183394910e-01,1.946959122727692781e-01,1.948731092150249866e-01,1.950384346351156928e-01,1.951899280605954579e-01,1.953255688256233247e-01,1.954433127558743988e-01,1.955410992061545894e-01,1.956168334646798679e-01,1.956684133399641534e-01,1.956937357443427616e-01,1.956906821826142895e-01,1.956571412637495011e-01,1.955910230606122679e-01,1.954902334515386253e-01,1.953527309542793244e-01,1.951764675496969192e-01,1.949594592631802847e-01,1.946997559161008640e-01,1.943954501733653473e-01,1.940446963104906497e-01,1.936457115832165010e-01,1.931967737972526966e-01,1.926962504475840943e-01,1.921425718750639500e-01,1.915342629442854105e-01,1.908699428261992348e-01,1.901483306846688537e-01,1.893682426940451746e-01,1.885286097989115339e-01,1.876284867668417122e-01,1.866670262986868667e-01,1.856435230599763619e-01,1.845573900023681491e-01,1.834081859484864296e-01,1.821955985418512725e-01,1.809194541619649488e-01,1.795797406493122861e-01,1.781765645081306026e-01,1.767102055334398569e-01,1.751810828453903846e-01,1.735897842030263427e-01,1.719370346097487401e-01,1.702237374509797951e-01,1.684509350538212769e-01,1.666198350138387296e-01,1.647318176955829827e-01,1.627883868619786623e-01,1.607912458444173687e-01,1.587422249172073530e-01,1.566433159176942591e-01,1.544966770239800946e-01,1.523045996355756881e-01,1.500695303649711709e-01,1.477940546302030644e-01,1.454809131638385433e-01,1.431329726293645577e-01,1.407532318549653549e-01,1.383448226204778142e-01,1.359109943250171315e-01,1.334551266550406956e-01,1.309806882387418991e-01,1.284912771167310286e-01,1.259905817128678107e-01,1.234823715341386574e-01,1.209705189833612110e-01,1.184589612039797374e-01,1.159517126601151138e-01,1.134528547470890492e-01,1.109665144624420730e-01,1.084968616732456675e-01,1.060481151746689582e-01,1.036245109721625479e-01,1.012303156684404709e-01,9.886979543766813427e-02,9.654723333554653120e-02,9.426689235733043404e-02,9.203301374912603583e-02,8.984982929684454112e-02,8.772152397541872759e-02,8.565224068697487037e-02,8.364606306643139477e-02,8.170701824637952027e-02,7.983906162544944507e-02,7.804604928240516104e-02,7.633177011318681426e-02,7.469989764367439278e-02,7.315399589581515760e-02,7.169751706980247163e-02,7.033378036633107511e-02,6.906597755965580843e-02,6.789715638216048399e-02,6.683021070257462448e-02,6.586787499597931972e-02,6.501272919189794719e-02,6.426716887849964754e-02,6.363341868814230418e-02,6.311351899931008647e-02,6.270931479188167346e-02,6.242245951586042341e-02,6.225441189014304516e-02,6.220640742969590214e-02,6.227949089096249807e-02,6.247448555593301811e-02,6.279200371906058786e-02,6.323242432912909439e-02,6.379592938873225594e-02,6.448245102084555758e-02,6.529171443012572740e-02,6.622321896165167532e-02,6.727622565069175942e-02,6.844978238140426996e-02,6.974271370175881557e-02,7.115360177517539297e-02,7.268082720034901856e-02,7.432253747538405952e-02,7.607667677224408398e-02,7.794095526916210159e-02,7.991289193341527541e-02,8.198978301384800271e-02,8.416873609577031623e-02,8.644665581037996871e-02,8.882025447023578213e-02,9.128606445608998532e-02,9.384043236600840554e-02,9.647953747682741499e-02,9.919939142823758216e-02,1.019958466883673087e-01,1.048646190528214478e-01,1.078012664787812713e-01,1.108012285810245218e-01,1.138598085921709163e-01,1.169722084101602610e-01,1.201335248931820338e-01,1.233387453933490474e-01,1.265827915143128979e-01,1.298605039085094781e-01,1.331666570867994226e-01,1.364959711068794157e-01,1.398431377238930629e-01,1.432027982762361651e-01,1.465695879833800730e-01,1.499381333647906711e-01,1.533030510537209123e-01,1.566589855556356770e-01,1.600005945834922783e-01,1.633225839227405718e-01,1.666196884989312177e-01,1.698867204016121235e-01,1.731185480537793253e-01,1.763101174716381059e-01,1.794564774217255743e-01,1.825527611686712237e-01,1.855942265537554314e-01,1.885762417927681067e-01,1.914943097479635259e-01,1.943440767481969811e-01,1.971213260048684246e-01,1.998220049100186135e-01,2.024422331844037137e-01,2.049782923114000233e-01,2.074266543627877324e-01,2.097839723867573891e-01,2.120471052478583862e-01,2.142131075840437437e-01,2.162792373816872504e-01,2.182429811886174020e-01,2.201020295404044480e-01,2.218543009163728708e-01,2.234979461925645783e-01,2.250313442731076974e-01,2.264531033617936673e-01,2.277620778672182766e-01,2.289573559210688058e-01,2.300382566395415551e-01,2.310043570446246586e-01,2.318554643171378271e-01,2.325916322744368547e-01,2.332131489900129417e-01,2.337205543313124745e-01,2.341146138643167840e-01,2.343963245186419242e-01,2.345669358813417815e-01,2.346279122333213563e-01,2.345809400652306143e-01,2.344279403750087476e-01,2.341710422014672000e-01,2.338125767209469907e-01,2.333551059224109325e-01,2.328013627839813082e-01,2.321542947608332685e-01,2.314170190473190947e-01,2.305928454095764746e-01,2.296852359264396903e-01,2.286978323426785698e-01,2.276344125173491162e-01,2.264989156863433106e-01,2.252954103251101348e-01,2.240280764997776564e-01,2.227012422334584685e-01,2.213193042257292076e-01,2.198867874062893357e-01,2.184082801076616676e-01,2.168884543803516474e-01,2.153320427241489921e-01,2.137438481591063810e-01,2.121286868491301658e-01,2.104914273725397578e-01,2.088369644249997437e-01,2.071701731217410747e-01,2.054959597481049449e-01,2.038191985356777314e-01,2.021447500508186945e-01,2.004774313240408334e-01,1.988220250249814469e-01,1.971832605021664742e-01,1.955657859703235912e-01,1.939741850144199864e-01,1.924129530227950968e-01,1.908864972485047051e-01,1.893991071131815307e-01,1.879549656982320849e-01,1.865581275381518467e-01,1.852125276116639574e-01,1.839219402159414929e-01,1.826900099640026420e-01,1.815202175028202414e-01,1.804158820137214403e-01,1.793801580693932529e-01,1.784160121724388537e-01,1.775262400244564942e-01,1.767134535400609885e-01,1.759800588203758731e-01,1.753282796553984335e-01,1.747601157889865364e-01,1.742773955421272891e-01,1.738817178549999232e-01,1.735744750090581212e-01,1.733568507893534227e-01,1.732298095863923360e-01,1.731941136098897327e-01,1.732502917063576120e-01,1.733986670984261624e-01,1.736393473710761137e-01,1.739722315649579742e-01,1.743970002049969603e-01,1.749131141880589935e-01,1.755198378186911823e-01,1.762162339977786651e-01,1.770011448561976120e-01,1.778732377947505328e-01,1.788309678376688860e-01,1.798725974783471349e-01,1.809962224344539294e-01,1.821997490589245261e-01,1.834809081110556350e-01,1.848372682382164733e-01,1.862662320094957413e-01,1.877650571822284398e-01,1.893308423620512493e-01,1.909605607392629856e-01,1.926510442205398022e-01,1.943990129013539458e-01,1.962010586438848458e-01,1.980536772313826188e-01,1.999532493585013393e-01,2.018961083282195534e-01
6.184898690572608881e-01,6.182993996310390816e-01,6.181535715563647448e-01,6.180507498307743486e-01,6.179891545261461117e-01,6.179669738577368010e-01,6.179823264494739288e-01,6.180332037233082776e-01,6.181175775379817994e-01,6.182333505348538427e-01,6.183783410256650237e-01,6.185503337626826470e-01,6.187470539095049071e-01,6.189661826137476952e-01,6.192053578897261934e-01,6.194621951723904285e-01,6.197342592776053927e-01,6.200190834292296227e-01,6.203142194313673308e-01,6.206171424903499378e-01,6.209253576948725595e-01,6.212363569630174887e-01,6.215476128555164070e-01,6.218566232441681274e-01,6.221608912307773354e-01,6.224578973171006613e-01,6.227451857932847501e-01,6.230202993745652673e-01,6.232808088589275597e-01,6.235243225114212029e-01,6.237484885730067985e-01,6.239509803095125706e-01,6.241295317792776576e-01,6.242819358807952801e-01,6.244059925464684468e-01,6.244996213129623275e-01,6.245607891144822066e-01,6.245874753773457133e-01,6.245778054834599802e-01,6.245299557376519095e-01,6.244421290965547211e-01,6.243126700299722609e-01,6.241399813850789791e-01,6.239225787089633934e-01,6.236590278432736500e-01,6.233480213171007644e-01,6.229883172319744533e-01,6.225787903682529212e-01,6.221184356728598486e-01,6.216062858505263522e-01,6.210415436446683479e-01,6.204235000183999649e-01,6.197515291324811049e-01,6.190251278866089057e-01,6.182439073584465872e-01,6.174075782776788923e-01,6.165159618199911318e-01,6.155690125985050498e-01,6.145667663908469525e-01,6.135093620998962605e-01,6.123971184638474785e-01,6.112303616182125365e-01,6.100096167916160272e-01,6.087354619131630784e-01,6.074086138349834574e-01,6.060298771837469012e-01,6.046001824591921148e-01,6.031205445771401497e-01,6.015920787601191089e-01,6.000160373421135063e-01,5.983937122047625623e-01,5.967265524255160880e-01,5.950160534167194815e-01,5.932638147294431175e-01,5.914715377871848645e-01,5.896410213516479759e-01,5.877741039877485418e-01,5.858727162816889100e-01,5.839389111767387952e-01,5.819747529160490540e-01,5.799824199287549886e-01,5.779641387933683871e-01,5.759221716169917737e-01,5.738589004652598913e-01,5.717767163911523509e-01,5.696780605260575170e-01,5.675654530561804467e-01,5.654414489278285494e-01,5.633085943289333208e-01,5.611695493115708144e-01,5.590269272086625385e-01,5.568834153706481160e-01,5.547417173766227005e-01,5.526045549559069903e-01,5.504746320757490929e-01,5.483546995839871929e-01,5.462475087480345159e-01,5.441557953592000008e-01,5.420822989475094777e-01,5.400297597033376640e-01,5.380008729614459417e-01,5.359983668415136959e-01,5.340249266219334601e-01,5.320832052564867798e-01,5.301758315415345812e-01,5.283054221722788268e-01,5.264745139481126213e-01,5.246856424863924895e-01,5.229412949550839018e-01,5.212438953142110032e-01,5.195958426015068188e-01,5.179994448637784688e-01,5.164569898362600942e-01,5.149706906459229350e-01,5.135426634874028506e-01,5.121750182925255412e-01,5.108697740328448367e-01,5.096288556730209640e-01,5.084541259943674563e-01,5.073473711287220800e-01,5.063103077155354237e-01,5.053445626297523585e-01,5.044516741879266908e-01,5.036330932626558177e-01,5.028901837587731460e-01,5.022242421769460563e-01,5.016364366260505081e-01,5.011278783273062087e-01,5.006995638716391639e-01,5.003523993450220697e-01,5.000871860471741703e-01,4.999046749113971178e-01,4.998054446339307844e-01,4.997900153592921280e-01,4.998588451298628388e-01,5.000122213146461769e-01,5.002503864300507086e-01,5.005734643263818340e-01,5.009814692858371998e-01,5.014743645511743342e-01,5.020519508887532067e-01,5.027139697090678983e-01,5.034600709586775080e-01,5.042897991778115818e-01,5.052025862481973606e-01,5.061977981180628694e-01,5.072747126191384792e-01,5.084324658711747436e-01,5.096701613994725211e-01,5.109867958521786546e-01,5.123812508787296549e-01,5.138523858964137991e-01,5.153989226396692436e-01,5.170194921083353101e-01,5.187127031200533533e-01,5.204770548316526302e-01,5.223109398471623699e-01,5.242127363318467292e-01,5.261807302751150273e-01,5.282131136334287103e-01,5.303080357865787020e-01,5.324635819431207118e-01,5.346777832212284975e-01,5.369485871305054170e-01,5.392738957739808825e-01,5.416515654050374495e-01,5.440794074128239011e-01,5.465551875397414161e-01,5.490765899565893671e-01,5.516412943450539341e-01,5.542469374654246383e-01,5.568910887788444120e-01,5.595713268567166221e-01,5.622851589681358009e-01,5.650301136288127246e-01,5.678036405816490051e-01,5.706031966509396147e-01,5.734262478626392934e-01,5.762701712315363434e-01,5.791323833013402034e-01,5.820102965910649573e-01,5.849012675454531296e-01,5.878027165508291629e-01,5.907119997791708821e-01,5.936265017118905751e-01,5.965436132148849158e-01,5.994607309781885274e-01,6.023752674271889429e-01,6.052846433765829426e-01,6.081862528688681824e-01,6.110775714679077542e-01,6.139560829155855659e-01,6.168192660698241792e-01,6.196646505834766394e-01,6.224897731024415792e-01,6.252922204485641400e-01,6.280695992784559589e-01,6.308195502402449417e-01,6.335397927104118310e-01,6.362280348492400650e-01,6.388820464780381458e-01,6.414996330333534447e-01,6.440786727723682992e-01,6.466170797554602334e-01,6.491128130750964953e-01,6.515638864397972352e-01,6.539683847591493127e-01,6.563243999235014448e-01,6.586301814431325674e-01,6.608839270610604721e-01,6.630839779854114102e-01,6.652286885191827093e-01,6.673165478320715049e-01,6.693460143396527950e-01,6.713156867310123843e-01,6.732242168899358337e-01,6.750703113184993720e-01,6.768527914771474974e-01,6.785705104695147760e-01,6.802223898415402648e-01,6.818074929642296000e-01,6.833248709012497146e-01,6.847737184055843196e-01,6.861532903368005032e-01,6.874629230008943992e-01,6.887019982511415339e-01,6.898700502640860988e-01,6.909666237969492864e-01,6.919914060022389624e-01,6.929440976027134713e-01,6.938245559856326405e-01,6.946326567568376076e-01,6.953684025232849120e-01,6.960318560400362564e-01,6.966231771094116842e-01,6.971425825394811371e-01,6.975904166799842265e-01,6.979670638632364810e-01,6.982730055164571015e-01,6.985088114731820008e-01,6.986751251252226735e-01,6.987726741169825173e-01,6.988022580785419047e-01,6.987647680633890523e-01,6.986611474244832642e-01,6.984924525142460761e-01,6.982598067413481324e-01,6.979643752320570105e-01,6.976074388962507644e-01,6.971903288716504443e-01,6.967144357260339760e-01,6.961812636606569127e-01,6.955923472453298118e-01,6.949493052879707200e-01,6.942537640995718462e-01,6.935075386269096143e-01,6.927123804522126171e-01,6.918701543965223300e-01,6.909827903802168159e-01,6.900522539089893881e-01,6.890805435304281357e-01,6.880697790278628156e-01,6.870220650739315982e-01,6.859395318546394060e-01,6.848244258819358166e-01,6.836789928739906985e-01,6.825055157318788979e-01,6.813063288206823165e-01,6.800837947466749078e-01,6.788402644299185162e-01,6.775781751932009600e-01,6.762999758416726737e-01,6.750081010074165944e-01,6.737050364771044464e-01,6.723932526665704623e-01,6.710752762248166636e-01,6.697536165986939238e-01,6.684307594205044500e-01,6.671092463785928128e-01,6.657915773353838551e-01,6.644802677862995388e-01,6.631778265686141260e-01,6.618867246645243618e-01,6.606094485159548224e-01,6.593484531901581125e-01,6.581061593185156822e-01,6.568850090849384094e-01,6.556873539743440782e-01,6.545155508766178354e-01,6.533719129192845365e-01,6.522587136690900511e-01,6.511781928416233711e-01,6.501325246539976233e-01,6.491238674760479999e-01,6.481543066253878660e-01,6.472258613817553075e-01,6.463405103599336732e-01,6.455001835291824808e-01,6.447067031784553537e-01,6.439618700343495705e-01,6.432674072194143333e-01,6.426249321579230456e-01,6.420360329547142308e-01,6.415021774764181339e-01,6.410247921530171089e-01,6.406051851140205367e-01,6.402445874380839896e-01,6.399441764045991077e-01,6.397049952017921370e-01,6.395280200365074386e-01,6.394141165312047237e-01,6.393640826787246878e-01,6.393785799726551256e-01,6.394582229126438699e-01,6.396034631009671623e-01,6.398147084088333658e-01,6.400922300208207183e-01,6.404362056590150454e-01,6.408467217404542060e-01,6.413237382157862543e-01,6.418671269159221815e-01,6.424766300978239641e-01,6.431519388480739785e-01,6.438925546632850994e-01,6.446979612241370283e-01,6.455674607203224502e-01,6.465003034501484169e-01,6.474956269943976661e-01,6.485524450116929573e-01,6.496696709525414670e-01,6.508461557836535682e-01,6.520805952802930516e-01,6.533716277377294990e-01,6.547177648841863151e-01,6.561174685876816071e-01,6.575690430372981288e-01,6.590707594541761472e-01,6.606207551499432284e-01,6.622171364165261309e-01,6.638578693263486041e-01,6.655408846433031878e-01,6.672639781004363613e-01,6.690249400631802512e-01,6.708214507787892966e-01,6.726511139370439096e-01,6.745114888984834467e-01,6.764000702223964545e-01,6.783142903576282468e-01,6.802515172570366975e-01,6.822090921022430088e-01,6.841842998513909535e-01,6.861743637563700871e-01,6.881765223423976785e-01,6.901879199172787915e-01,6.922056837510104366e-01,6.942269786784781571e-01,6.962488720939760123e-01,6.982684497129760803e-01,7.002827866213116037e-01,7.022889248507382387e-01,7.042839602640547092e-01,7.062649520277923809e-01,7.082289580943239571e-01,7.101730795695923026e-01,7.120944134480200471e-01,7.139900932089986441e-01,7.158572769613258391e-01,7.176931232661868387e-01,7.194948934031512033e-01,7.212597978187449410e-01,7.229851902984418821e-01,7.246684074920248797e-01,7.263068584361352942e-01,7.278980018438657718e-01,7.294393772601975856e-01,7.309286106908359226e-01,7.323633269883416119e-01,7.337413034474016271e-01,7.350603191873031905e-01,7.363183476383621251e-01,7.375133152478031695e-01,7.386433373241320099e-01,7.397065871311574448e-01,7.407013196198090066e-01,7.416259115622912956e-01,7.424788411476826999e-01,7.432586758151334960e-01,7.439640927177433305e-01,7.445939072929570468e-01,7.451469925631173385e-01,7.456223979319499540e-01,7.460192224000096184e-01,7.463367284670130442e-01,7.465743016529029497e-01,7.467314102125327535e-01,7.468076620221282269e-01,7.468027958440124348e-01,7.467166631655877129e-01,7.465492309029374551e-01,7.463005784798667497e-01,7.459709431747354458e-01,7.455606547715255550e-01,7.450701749790219486e-01,7.445000835877982892e-01,7.438510762846195501e-01,7.431239725877719637e-01,7.423197135965686755e-01,7.414393366116871498e-01,7.404840229394841211e-01,7.394550072428544008e-01,7.383537217570308453e-01,7.371816326690244781e-01,7.359403228613869974e-01,7.346315156569304117e-01,7.332569911825506104e-01,7.318186414578113919e-01,7.303184368665435189e-01,7.287584640620188292e-01,7.271408639316626621e-01,7.254678870955809655e-01,7.237418563957210838e-01,7.219651205618852208e-01,7.201401492307288876e-01,7.182694767869916008e-01,7.163556864322376816e-01,7.144013729793198264e-01,7.124092798555646810e-01
3.283439746579579488e-01,3.258404742083282901e-01,3.232718824127885915e-01,3.206448436875570240e-01,3.179660878034663574e-01,3.152424092683165924e-01,3.124806668330953330e-01,3.096877464928365908e-01,3.068705686971901492e-01,3.040360572229326985e-01,3.011911292673490892e-01,2.983426598040633815e-01,2.954975149910101795e-01,2.926624659920562532e-01,2.898442412683497338e-01,2.870494760575577620e-01,2.842846949637448661e-01,2.815563292624700398e-01,2.788706513836857193e-01,2.762338044790896285e-01,2.736517756677020463e-01,2.711303908839404753e-01,2.686752859426264073e-01,2.662918978164084405e-01,2.639854654342016493e-01,2.617610264373385065e-01,2.596233764540952782e-01,2.575770841960644542e-01,2.556264853739432241e-01,2.537756386847216383e-01,2.520283806751236200e-01,2.503882499274122098e-01,2.488585486802251945e-01,2.474422820819280611e-01,2.461421799515809694e-01,2.449606871166395139e-01,2.438999640967970117e-01,2.429618915166514015e-01,2.421480541859217517e-01,2.414597279007557884e-01,2.408979323984170029e-01,2.404633592311206103e-01,2.401564469832303539e-01,2.399773172025624068e-01,2.399258247470077987e-01,2.400015404026276389e-01,2.402037632027883562e-01,2.405314951576958959e-01,2.409835058722690215e-01,2.415582839112517533e-01,2.422540748369190200e-01,2.430688612216724831e-01,2.440004143576863793e-01,2.450462448027261875e-01,2.462036666842492838e-01,2.474697783420928832e-01,2.488414566095354941e-01,2.503154051083054110e-01,2.518881478941733532e-01,2.535560201154333781e-01,2.553152200221168178e-01,2.571617913296161406e-01,2.590916333558810347e-01,2.611005419449271003e-01,2.631841744672730465e-01,2.653381205524675823e-01,2.675578664469763779e-01,2.698388317926157520e-01,2.721763642639677405e-01,2.745657852662304332e-01,2.770023730932227313e-01,2.794813850772543962e-01,2.819980680389959637e-01,2.845476737117570432e-01,2.871254789863131873e-01,2.897267818840463804e-01,2.923469095095356796e-01,2.949812867496451885e-01,2.976253542963983034e-01,3.002746546360123836e-01,3.029248137805250485e-01,3.055715553948926688e-01,3.082107039403663151e-01,3.108382217137047321e-01,3.134501788798271238e-01,3.160427989968236373e-01,3.186124455912822118e-01,3.211556280191874002e-01,3.236690296065065087e-01,3.261494892450700345e-01,3.285940286598431626e-01,3.309998625236334480e-01,3.333643548713607352e-01,3.356851088886205203e-01,3.379598820144117388e-01,3.401866532867763304e-01,3.423636010804002594e-01,3.444890959611020542e-01,3.465617201387740098e-01,3.485802745293403726e-01,3.505437566452909715e-01,3.524513710142653800e-01,3.543025326554359311e-01,3.560968625554100653e-01,3.578341728995944604e-01,3.595145042199509033e-01,3.611380700242159403e-01,3.627052869215146025e-01,3.642167614390169339e-01,3.656733037341832193e-01,3.670758673678369832e-01,3.684256205248136462e-01,3.697238747058270159e-01,3.709721073692198168e-01,3.721719592440351221e-01,3.733252324920615650e-01,3.744338356592584183e-01,3.754998357710727097e-01,3.765254112196403380e-01,3.775128721128769849e-01,3.784646081738851642e-01,3.793831273502306090e-01,3.802710182736525057e-01,3.811309537371992961e-01,3.819656561986648491e-01,3.827779211066781317e-01,3.835705894102433566e-01,3.843465310539833091e-01,3.851086607811544105e-01,3.858598956070964925e-01,3.866031651756688947e-01,3.873413753107372015e-01,3.880774689707427449e-01,3.888142997759808650e-01,3.895547446454765139e-01,3.903015995633073443e-01,3.910576337593560381e-01,3.918255337998452492e-01,3.926079424262914341e-01,3.934073831175443070e-01,3.942263254288864704e-01,3.950671469317433293e-01,3.959320833590305733e-01,3.968232833532509551e-01,3.977427870055503245e-01,3.986924993927647987e-01,3.996741863508166404e-01,4.006894870627512040e-01,4.017399092047663212e-01,4.028267975529271627e-01,4.039513258367782300e-01,4.051145629033235940e-01,4.063173869839217800e-01,4.075605279659587632e-01,4.088445337556422254e-01,4.101698117122185017e-01,4.115365923509021751e-01,4.129449379981148249e-01,4.143947427253915627e-01,4.158857363060560752e-01,4.174174851436211475e-01,4.189894002003179962e-01,4.206007040380241868e-01,4.222504778018207894e-01,4.239376654275613943e-01,4.256610152830391791e-01,4.274191518849302374e-01,4.292105565790251265e-01,4.310335578444755567e-01,4.328863627642565159e-01,4.347670344988580626e-01,4.366735361821804662e-01,4.386036958330627455e-01,4.405552272327091234e-01,4.425257762321972432e-01,4.445128375613447980e-01,4.465138803163907211e-01,4.485262436450775936e-01,4.505472325404530909e-01,4.525740888347547508e-01,4.546039649438543551e-01,4.566340005042509587e-01,4.586612926978736460e-01,4.606829078104416886e-01,4.626959177491486996e-01,4.646973667992059243e-01,4.666842643691700432e-01,4.686537218578666897e-01,4.706027948177732845e-01,4.725285767630690859e-01,4.744282440950465807e-01,4.762989886638840931e-01,4.781380373612236778e-01,4.799427390384205516e-01,4.817104602821714598e-01,4.834386752401412246e-01,4.851249526642885668e-01,4.867669463396350760e-01,4.883624294327489901e-01,4.899092463913521378e-01,4.914054274233712327e-01,4.928490622660139375e-01,4.942384298028612011e-01,4.955718862945059922e-01,4.968479679289575790e-01,4.980653493384196717e-01,4.992228496620690903e-01,5.003194299649423860e-01,5.013542518124205483e-01,5.023265894564575840e-01,5.032359033410949145e-01,5.040818077701635369e-01,5.048640910980453089e-01,5.055826895817634448e-01,5.062377383235677764e-01,5.068295072386722611e-01,5.073584427938471197e-01,5.078251543288122560e-01,5.082304094075897893e-01,5.085751280966618326e-01,5.088604056890102534e-01,5.090874887602209187e-01,5.092577366056544319e-01,5.093726935362725694e-01,5.094340108833664837e-01,5.094435084580548612e-01,5.094031024000343910e-01,5.093148381402663460e-01,5.091808882538912950e-01,5.090035205563400167e-01,5.087850906230413361e-01,5.085280655332401478e-01,5.082350046800993004e-01,5.079085131901250882e-01,5.075512942943214423e-01,5.071660839776535035e-01,5.067556633193468496e-01,5.063228619976094524e-01,5.058705659935063270e-01,5.054016296604174618e-01,5.049189740840520635e-01,5.044254410247723808e-01,5.039239386229007467e-01,5.034173220252096126e-01,5.029084092006602669e-01,5.023999929153876165e-01,5.018947830987076086e-01,5.013954913853133633e-01,5.009046815484015092e-01,5.004248973854201754e-01,4.999585663531114776e-01,4.995080397553866014e-01,4.990755193454374794e-01,4.986631174377977316e-01,4.982728208389731739e-01,4.979064658829140955e-01,4.975657801197545527e-01,4.972523281187196109e-01,4.969674943376470866e-01,4.967125424746140494e-01,4.964885169587947011e-01,4.962963515988284002e-01,4.961367583800322389e-01,4.960102567374423121e-01,4.959172205694605262e-01,4.958577970283433722e-01,4.958319507362010103e-01,4.958394434082879498e-01,4.958798595139765619e-01,4.959525598324050488e-01,4.960567020680586858e-01,4.961912516626617031e-01,4.963549820045614069e-01,4.965464406743170245e-01,4.967640174244146167e-01,4.970058728927672642e-01,4.972699726517123553e-01,4.975541155229478707e-01,4.978559038025320849e-01,4.981727530341222288e-01,4.985019087551215700e-01,4.988404590566618557e-01,4.991852963579670455e-01,4.995332010796907918e-01,4.998807572316462666e-01,5.002244510204942873e-01,5.005606135984169702e-01,5.008854351120822779e-01,5.011950418717623368e-01,5.014854122330144603e-01,5.017524412499672071e-01,5.019919479616161695e-01,5.021996822603422839e-01,5.023713198979803396e-01,5.025024975677954142e-01,5.025888030731872069e-01,5.026258180850374790e-01,5.026090917579796313e-01,5.025341853186613417e-01,5.023966515672061428e-01,5.021921321449185349e-01,5.019162074528753514e-01,5.015645892407378792e-01,5.011330198045319539e-01,5.006173257459126669e-01,5.000134075690177982e-01,4.993173064566245323e-01,4.985251537133714717e-01,4.976331809432250064e-01,4.966378072407915956e-01,4.955355966311800198e-01,4.943232529683463938e-01,4.929976513713439368e-01,4.915558935179381583e-01,4.899952315678353654e-01,4.883131602577636121e-01,4.865073874241976348e-01,4.845758221798001641e-01,4.825166365133092827e-01,4.803282400459013002e-01,4.780092859056112586e-01,4.755586892900939833e-01,4.729756500555258314e-01,4.702596212466238490e-01,4.674103433570003796e-01,4.644278346160431448e-01,4.613124043411533370e-01,4.580646511110701424e-01,4.546854930778029824e-01,4.511760927027169132e-01,4.475379629288245287e-01,4.437728808204173259e-01,4.398829345426857329e-01,4.358705261352602833e-01,4.317383282530110611e-01,4.274893150496109073e-01,4.231267651589836754e-01,4.186542366685384042e-01,4.140755741436249471e-01,4.093948843117639069e-01,4.046165840183075790e-01,3.997453358742333873e-01,3.947860340147517078e-01,3.897438568150230487e-01,3.846242161514868418e-01,3.794327717708518843e-01,3.741753886065751766e-01,3.688581380402513599e-01,3.634873035443548228e-01,3.580693618933564193e-01,3.526109752680788301e-01,3.471189491837977648e-01,3.416002416930239427e-01,3.360619872452704215e-01,3.305113772560034913e-01,3.249557748796603751e-01,3.194026075205292359e-01,3.138593811975944892e-01,3.083336862280404156e-01,3.028331307342932432e-01,2.973653830213250915e-01,2.919381153260992012e-01,2.865589884352801042e-01,2.812356659912239598e-01,2.759757684171150749e-01,2.707868685425104394e-01,2.656764680758079145e-01,2.606519913182988035e-01,2.557207627113816661e-01,2.508899865204749502e-01,2.461667457448354634e-01,2.415579723977651083e-01,2.370704370650311699e-01,2.327107079229994713e-01,2.284852092227983578e-01,2.244001069362585588e-01,2.204613900309393137e-01,2.166747596855098379e-01,2.130457345127887703e-01,2.095795102779811625e-01,2.062810445573620977e-01,2.031549882965377751e-01,2.002057205516053207e-01,1.974372960459899740e-01,1.948534523353230019e-01,1.924575843391730379e-01,1.902528209968623041e-01,1.882418534995879134e-01,1.864270845409489452e-01,1.848105517002537890e-01,1.833939227982128994e-01,1.821785046137576469e-01,1.811652314819394982e-01,1.803546650931698858e-01,1.797469985698928185e-01,1.793420296909812028e-01,1.791392270885940330e-01,1.791376119946249956e-01,1.793358909815566671e-01,1.797323649885667618e-01,1.803249775467323790e-01,1.811113046874445187e-01,1.820885541220757520e-01,1.832535682445189384e-01,1.846028714230056045e-01,1.861326086322517837e-01,1.878385975584145051e-01,1.897163408329551326e-01,1.917610154720385540e-01,1.939674820386174392e-01,1.963303118064751718e-01,1.988437875256003906e-01,2.015019085987032887e-01,2.042984285746475559e-01,2.072268378305364422e-01,2.102803856396125992e-01,2.134521285448055528e-01,2.167348874972386541e-01,2.201212906156862215e-01,2.236038270416118856e-01,2.271747881383772150e-01,2.308263365060771732e-01,2.345505125917330125e-01,2.383392386492373949e-01,2.421843328213684199e-01,2.460775770223450343e-01,2.500106546503474969e-01
1.899878534591459278e-02,1.877465556267798527e-02,1.856463395717579748e-02,1.836945524423272760e-02,1.818981864245828792e-02,1.802638914711633331e-02,1.787979363195604104e-02,1.775061964666685074e-02,1.763941434825010840e-02,1.754668158627786453e-02,1.747288356455390171e-02,1.741843553149486842e-02,1.738370799115964219e-02,1.736902273313759015e-02,1.737465510043039243e-02,1.740082977070499942e-02,1.744772163416093147e-02,1.751545701325892684e-02,1.760410972879488875e-02,1.771370308425970069e-02,1.784420883590156007e-02,1.799554686059837497e-02,1.816758600107131263e-02,1.836014345741615594e-02,1.857298653726565871e-02,1.880583031382003847e-02,1.905834123546164272e-02,1.933013469101575385e-02,1.962077921910302530e-02,1.992979590772734830e-02,2.025665646155283203e-02,2.060079031233183131e-02,2.096158175447851435e-02,2.133837169204341050e-02,2.173045858320762913e-02,2.213710429823153789e-02,2.255753036477271475e-02,2.299092322541214373e-02,2.343643281702889949e-02,2.389318008947066349e-02,2.436025272097944866e-02,2.483671200802799531e-02,2.532159056842053432e-02,2.581390181752610952e-02,2.631263320768555472e-02,2.681675554685771304e-02,2.732522379558012873e-02,2.783697512979082384e-02,2.835093931327271888e-02,2.886603442545051731e-02,2.938117179715566893e-02,2.989526117984621714e-02,3.040720840627153185e-02,3.091592309145907089e-02,3.142031528888769576e-02,3.191930418186610108e-02,3.241181910251380444e-02,3.289679518021094984e-02,3.337318873287489079e-02,3.383996764180526029e-02,3.429611966069443657e-02,3.474065709047954170e-02,3.517261188543937406e-02,3.559104565219177452e-02,3.599504440213177614e-02,3.638372853343527225e-02,3.675624729291529502e-02,3.711178854242366126e-02,3.744957307807570551e-02,3.776886261395549782e-02,3.806895608964708244e-02,3.834919812189760413e-02,3.860897233729627953e-02,3.884771153504517488e-02,3.906488916233689934e-02,3.926003013932654467e-02,3.943270841451025632e-02,3.958254380497696484e-02,3.970920674130458405e-02,3.981242293987099362e-02,3.989196435646749639e-02,3.994765767430796116e-02,3.997938244390910473e-02,3.998706993583996117e-02,3.997070396210232468e-02,3.993032192822339871e-02,3.986601407590625867e-02,3.977792251161507697e-02,3.966624163136329290e-02,3.953121504247499030e-02,3.937314246616419738e-02,3.919236850400555777e-02,3.898928986680582492e-02,3.876434990367805256e-02,3.851804113809973590e-02,3.825089810118099953e-02,3.796350450413799732e-02,3.765648487020651497e-02,3.733050484052309603e-02,3.698627198804154553e-02,3.662452789520545537e-02,3.624605618487402453e-02,3.585167104789300369e-02,3.544221982584728342e-02,3.501858180125187042e-02,3.458166318989293331e-02,3.413239696377913523e-02,3.367174065727874394e-02,3.320067080045904090e-02,3.272018839330739087e-02,3.223130487839819674e-02,3.173505222991804958e-02,3.123247123185633398e-02,3.072461261353090847e-02,3.021253441033966078e-02,2.969730182185098197e-02,2.917997875569910624e-02,2.866163016805749197e-02,2.814331932915938375e-02,2.762610358541191941e-02,2.711103225269627728e-02,2.659914567413541875e-02,2.609147248927910084e-02,2.558902362756744486e-02,2.509279763773448330e-02,2.460376917402332456e-02,2.412289469600444047e-02,2.365110677186777269e-02,2.318931171664585789e-02,2.273838967076469500e-02,2.229918891247692145e-02,2.187253073256188729e-02,2.145919969974132563e-02,2.105994782045899835e-02,2.067549127678241019e-02,2.030650679041913140e-02,1.995363394314084160e-02,1.961747331471933031e-02,1.929858063428842654e-02,1.899747446133186191e-02,1.871462451699526866e-02,1.845046142500918890e-02,1.820536815846870299e-02,1.797968505053410340e-02,1.777370306716351614e-02,1.758767169935250216e-02,1.742178976808526208e-02,1.727621265782888077e-02,1.715104751512274220e-02,1.704635837354485234e-02,1.696215945144377915e-02,1.689842057301818926e-02,1.685506792602211451e-02,1.683198128421514034e-02,1.682899792488144752e-02,1.684591010018749585e-02,1.688246967618735328e-02,1.693838703994090394e-02,1.701333082207452663e-02,1.710693208550842850e-02,1.721878427435225706e-02,1.734844450639085045e-02,1.749543406690818800e-02,1.765924209465953923e-02,1.783932473655861287e-02,1.803511031602798159e-02,1.824599550947216681e-02,1.847135375606932806e-02,1.871053147929721550e-02,1.896285335069491929e-02,1.922762404096525421e-02,1.950412816941141450e-02,1.979163271920167388e-02,2.008939286376481767e-02,2.039664724212632632e-02,2.071262807453347690e-02,2.103655501387820259e-02,2.136764464975054317e-02,2.170510862708638009e-02,2.204815307916290629e-02,2.239598828411629161e-02,2.274782489902949303e-02,2.310287686801075491e-02,2.346036628562624821e-02,2.381951911410045905e-02,2.417957611181794850e-02,2.453978724899920708e-02,2.489941460390682898e-02,2.525774126970619163e-02,2.561406135176088825e-02,2.596769153931848678e-02,2.631796797246434630e-02,2.666424901695745725e-02,2.700591674746990328e-02,2.734237763671178850e-02,2.767306528044516031e-02,2.799743873751951717e-02,2.831498805466869939e-02,2.862523360828360050e-02,2.892772030372451481e-02,2.922203237493940092e-02,2.950778122397141809e-02,2.978461156424981951e-02,3.005220419002162247e-02,3.031027002730753150e-02,3.055855772487321362e-02,3.079684827023739663e-02,3.102495798398315768e-02,3.124273584841119611e-02,3.145006870823020134e-02,3.164687535911125255e-02,3.183311007197805326e-02,3.200876111118083206e-02,3.217384730018779671e-02,3.232842537682250467e-02,3.247257978970860548e-02,3.260642794352431456e-02,3.273011846653498674e-02,3.284382730329171024e-02,3.294776506103178071e-02,3.304216050445384772e-02,3.312727870937890590e-02,3.320340436738065254e-02,3.327084684217419819e-02,3.332993935975694932e-02,3.338103628280696816e-02,3.342451008561962006e-02,3.346075259266942381e-02,3.349017434072120575e-02,3.351319865929380110e-02,3.353026133471394277e-02,3.354181217182278241e-02,3.354831124966766581e-02,3.355022329588779051e-02,3.354802501101144391e-02,3.354219502817335635e-02,3.353321419736805808e-02,3.352156604643741905e-02,3.350773491720184655e-02,3.349220094468777220e-02,3.347543875090801258e-02,3.345792281258824080e-02,3.344011662613335240e-02,3.342247517022886583e-02,3.340544291337391170e-02,3.338945233916987276e-02,3.337492139901379606e-02,3.336225550236307513e-02,3.335184015721439493e-02,3.334404531340967592e-02,3.333922154013975458e-02,3.333769835445472840e-02,3.333978142861337285e-02,3.334575902985406626e-02,3.335588972620007892e-02,3.337041071450948249e-02,3.338953307122626696e-02,3.341344060938679361e-02,3.344228984164045876e-02,3.347621160086192843e-02,3.351530630558152701e-02,3.355964636198198459e-02,3.360927606075436030e-02,3.366420920010181755e-02,3.372442928546979385e-02,3.378989457928326806e-02,3.386052743891185962e-02,3.393622798565902599e-02,3.401686019912568415e-02,3.410226578576012330e-02,3.419225422420534705e-02,3.428660724225639916e-02,3.438508378715100094e-02,3.448740963534546733e-02,3.459328880153909880e-02,3.470240133304410696e-02,3.481440038973807743e-02,3.492891889482627882e-02,3.504556621174650943e-02,3.516393211474013597e-02,3.528358678184042446e-02,3.540408224444007573e-02,3.552495478988397515e-02,3.564572378521296825e-02,3.576589583120352855e-02,3.588496572530877615e-02,3.600241799533962506e-02,3.611772522014586317e-02,3.623035884049572580e-02,3.633977782735816481e-02,3.644544050029713267e-02,3.654680362518245018e-02,3.664332219788988404e-02,3.673445374539368452e-02,3.681965783338923826e-02,3.689840124644797742e-02,3.697015199043963973e-02,3.703439476321453150e-02,3.709061654947981568e-02,3.713832199482271917e-02,3.717702560597709038e-02,3.720626075950645567e-02,3.722557341433704176e-02,3.723453174099745216e-02,3.723272315704127811e-02,3.721975509935997184e-02,3.719526193351664622e-02,3.715889595191642497e-02,3.711034211152577922e-02,3.704930912006504373e-02,3.697553345246342577e-02,3.688878211726656642e-02,3.678885043286045375e-02,3.667556945507337296e-02,3.654879838456784324e-02,3.640842952293287665e-02,3.625439206616529880e-02,3.608664782123044423e-02,3.590519094385322130e-02,3.571005575903858642e-02,3.550130646417851144e-02,3.527904606800262577e-02,3.504341589329022788e-02,3.479458871956245258e-02,3.453277494372226919e-02,3.425822005862766417e-02,3.397120557752812686e-02,3.367204799046401298e-02,3.336109725285105188e-02,3.303873837515538398e-02,3.270538816525684483e-02,3.236149578217366318e-02,3.200754389164209984e-02,3.164404419675412306e-02,3.127153676833001328e-02,3.089059200257935484e-02,3.050180584232962955e-02,3.010579957081306948e-02,2.970322200654580344e-02,2.929474084917253751e-02,2.888104672385360949e-02,2.846284994155472495e-02,2.804087965536779942e-02,2.761587957040602739e-02,2.718860776736410634e-02,2.675983760989990648e-02,2.633034999481939295e-02,2.590093547251283781e-02,2.547239450595760110e-02,2.504552677810969324e-02,2.462113973090530872e-02,2.420003875419535558e-02,2.378302949117509779e-02,2.337091287232697517e-02,2.296448603970342728e-02,2.256453723069658246e-02,2.217184529196969400e-02,2.178717882699225672e-02,2.141129175608097804e-02,2.104492229349279320e-02,2.068879218493426334e-02,2.034360226262148241e-02,2.001003307839159528e-02,1.968874190577349359e-02,1.938036075732765123e-02,1.908549525951371006e-02,1.880472256230629816e-02,1.853858889431871451e-02,1.828761036569537257e-02,1.805227050232766431e-02,1.783301584216694449e-02,1.763026104511220341e-02,1.744438088832279618e-02,1.727571251441976236e-02,1.712455636367891595e-02,1.699117086906778637e-02,1.687577462619765586e-02,1.677854382060812999e-02,1.669961361655594723e-02,1.663907640590455220e-02,1.659698163643827384e-02,1.657333499348704123e-02,1.656809952520274173e-02,1.658119410898599433e-02,1.661249473661494808e-02,1.666183246378303423e-02,1.672899797220678622e-02,1.681373699714751660e-02,1.691575479483573702e-02,1.703471377054662991e-02,1.717023587863774139e-02,1.732190425564951800e-02,1.748926023364801019e-02,1.767181040965212432e-02,1.786902178780997580e-02,1.808032802368847794e-02,1.830512507152579765e-02,1.854277882145306464e-02,1.879262441361128147e-02,1.905396424737579308e-02,1.932607594994109265e-02,1.960820599470654291e-02,1.989958307341633745e-02,2.019940615226725050e-02,2.050686014008695421e-02,2.082110469683167916e-02,2.114129105962157459e-02,2.146654664071483143e-02,2.179599441431678483e-02,2.212874457424930316e-02,2.246389799776694549e-02,2.280055156201004143e-02,2.313780101007523529e-02,2.347473763404802835e-02,2.381045550307878123e-02,2.414405272077298908e-02,2.447463478406816662e-02,2.480131227519307910e-02,2.512321052276039399e-02,2.543946347861924043e-02,2.574922337334013128e-02,2.605166105899681464e-02,2.634596124715100907e-02,2.663133747747200436e-02,2.690702115396530550e-02,2.717227494624160911e-02,2.742638257349908418e-02
5.773476617299525548e-01,5.807504070617455216e-01,5.840465094850776362e-01,5.872316535759054545e-01,5.903017326488749772e-01,5.932527803429665791e-01,5.960810783261348833e-01,5.987830552335329237e-01,6.013554214061246350e-01,6.037950129107525488e-01,6.060989512746661756e-01,6.082645402275531632e-01,6.102893128927084909e-01,6.121710199602568014e-01,6.139076514585560806e-01,6.154974029464702623e-01,6.169387311681192587e-01,6.182302827807523160e-01,6.193709733231543835e-01,6.203599131599717431e-01,6.211964720578145860e-01,6.218802201578622624e-01,6.224109651136444654e-01,6.227887582123143861e-01,6.230138150758829374e-01,6.230866356980072629e-01,6.230079184317198759e-01,6.227785480721533817e-01,6.223996323424710875e-01,6.218724770472943142e-01,6.211986062897052463e-01,6.203797363490326511e-01,6.194177593829554018e-01,6.183147321869132407e-01,6.170729283582301328e-01,6.156947888400172708e-01,6.141828819406448536e-01,6.125399841584378002e-01,6.107689804409960344e-01,6.088729168219851884e-01,6.068549903088111819e-01,6.047185043558823692e-01,6.024668905858727719e-01,6.001036961649370838e-01,5.976325888069361492e-01,5.950572976556605109e-01,5.923816710087592696e-01,5.896096288376621031e-01,5.867451745880579717e-01,5.837923477795345928e-01,5.807552768904098439e-01,5.776381308860485397e-01,5.744450815424549939e-01,5.711803864496428629e-01,5.678482899889245594e-01,5.644530881941275391e-01,5.609990187822806451e-01,5.574903999443729941e-01,5.539314771493621947e-01,5.503265098507319486e-01,5.466797196741337572e-01,5.429953247692064222e-01,5.392774777674472775e-01,5.355303082231918088e-01,5.317578490183741957e-01,5.279641465748354801e-01,5.241531356480823023e-01,5.203286791301445779e-01,5.164945977258352805e-01,5.126546066338660834e-01,5.088123311943903992e-01,5.049713409105335282e-01,5.011350520732185121e-01,4.973068392989570263e-01,4.934899585796138632e-01,4.896875448350278548e-01,4.859026386045289803e-01,4.821381542461107284e-01,4.783969041321038951e-01,4.746815856781758103e-01,4.709947658372528601e-01,4.673388971585701879e-01,4.637163114952341791e-01,4.601292172981131245e-01,4.565797053198790145e-01,4.530697314713799662e-01,4.496011489323012977e-01,4.461756496390807958e-01,4.427948464037453347e-01,4.394602101309988962e-01,4.361730762015013085e-01,4.329346950092432533e-01,4.297461806575486598e-01,4.266085328804766763e-01,4.235226350477556689e-01,4.204892769286446841e-01,4.175091139766199944e-01,4.145827215151897116e-01,4.117105638256145506e-01,4.088930063700855766e-01,4.061303219762987804e-01,4.034226767951285542e-01,4.007701936676062449e-01,3.981728565663191222e-01,3.956306039680577147e-01,3.931432865243598695e-01,3.907106981324137696e-01,3.883325652380600901e-01,3.860085198481519320e-01,3.837381865321461416e-01,3.815210821044510703e-01,3.793567274555871838e-01,3.772445754853064881e-01,3.751840386826521545e-01,3.731744786678749537e-01,3.712152685954322462e-01,3.693057307098064901e-01,3.674451486227496844e-01,3.656328252105842669e-01,3.638680184173210819e-01,3.621500182087675768e-01,3.604780637582847280e-01,3.588514076364639482e-01,3.572693304810899417e-01,3.557310968259393968e-01,3.542359760335741514e-01,3.527832799478362591e-01,3.513723040360279826e-01,3.500023840219972926e-01,3.486728691565181282e-01,3.473831393956525737e-01,3.461326144259894710e-01,3.449207323934178615e-01,3.437469486081183856e-01,3.426107812944660380e-01,3.415117622499587724e-01,3.404494855418518373e-01,3.394235618275987520e-01,3.384336506201852668e-01,3.374794453050032894e-01,3.365607014622710724e-01,3.356771982772004947e-01,3.348287445762663794e-01,3.340152279379311473e-01,3.332365617301247807e-01,3.324926788473744899e-01,3.317835849022410799e-01,3.311093038190455751e-01,3.304699169103044176e-01,3.298655293854643733e-01,3.292963007751758542e-01,3.287623940993804617e-01,3.282640393879770468e-01,3.278014838088011418e-01,3.273750012565829204e-01,3.269848950733897919e-01,3.266315087720399468e-01,3.263151802773550103e-01,3.260363008653658357e-01,3.257952397224916363e-01,3.255924409850931567e-01,3.254283083943784183e-01,3.253032720122617238e-01,3.252177752578333525e-01,3.251722593199394273e-01,3.251671680250398100e-01,3.252029514483265604e-01,3.252800401619190263e-01,3.253988786903816988e-01,3.255598787959979035e-01,3.257634450321249542e-01,3.260099743468870548e-01,3.262998419273810402e-01,3.266333991552991534e-01,3.270109712365084076e-01,3.274328529609475402e-01,3.278993158345474002e-01,3.284105957506115447e-01,3.289669058495619525e-01,3.295683968136460806e-01,3.302152034830808658e-01,3.309074036786192607e-01,3.316450544149816548e-01,3.324281290151992474e-01,3.332566017671243497e-01,3.341303569030247833e-01,3.350492662960291579e-01,3.360131198918150930e-01,3.370216774885472222e-01,3.380746342561767870e-01,3.391716365540453637e-01,3.403122843241106477e-01,3.414961035868366857e-01,3.427226067331645143e-01,3.439912036162132702e-01,3.453012783545698072e-01,3.466521712976132208e-01,3.480431555136210275e-01,3.494734402845465215e-01,3.509422240392380821e-01,3.524486049209751837e-01,3.539916863679131165e-01,3.555704812290349515e-01,3.571839807855524129e-01,3.588311351588477360e-01,3.605108307725956029e-01,3.622219533369488431e-01,3.639633075484286495e-01,3.657337130581310713e-01,3.675319104639370171e-01,3.693566326359358221e-01,3.712066059278499308e-01,3.730804812400386195e-01,3.749769524930704478e-01,3.768946382844079457e-01,3.788322012732956989e-01,3.807882277082669797e-01,3.827613406081688541e-01,3.847501484327975896e-01,3.867532561608886255e-01,3.887692630169280461e-01,3.907967821054345592e-01,3.928344288968193543e-01,3.948808349029155895e-01,3.969346311552912066e-01,3.989944906602909125e-01,4.010591064087706825e-01,4.031271640102568332e-01,4.051973924072781452e-01,4.072685738060697336e-01,4.093394828914989070e-01,4.114089534288944972e-01,4.134758685109885534e-01,4.155391115421133708e-01,4.175976410506387348e-01,4.196504529412358186e-01,4.216965928734709990e-01,4.237351489967186025e-01,4.257652615172813348e-01,4.277861332085980961e-01,4.297970014869225142e-01,4.317971775147622093e-01,4.337859956830433794e-01,4.357629122691159540e-01,4.377273789360435208e-01,4.396789293234731888e-01,4.416171594178233129e-01,4.435417216743566260e-01,4.454523103997793387e-01,4.473487041351802418e-01,4.492307366443229477e-01,4.510982730288211617e-01,4.529512536117411003e-01,4.547896790406632528e-01,4.566135969362248859e-01,4.584231103023299059e-01,4.602183578570600009e-01,4.619995310318505966e-01,4.637669028661225989e-01,4.655207462089477333e-01,4.672613884341109136e-01,4.689892128520590231e-01,4.707046073015327958e-01,4.724080365025598582e-01,4.740999602031490401e-01,4.757808816628326665e-01,4.774513155848001955e-01,4.791118093711210224e-01,4.807629203921477967e-01,4.824052150998106581e-01,4.840393035405787803e-01,4.856657479175130465e-01,4.872851479100442362e-01,4.888980882139975503e-01,4.905051552030778583e-01,4.921069023329838199e-01,4.937039185641666772e-01,4.952967243421704802e-01,4.968858410020073335e-01,4.984717466027098198e-01,5.000549202410886629e-01,5.016357783247278324e-01,5.032147175961959595e-01,5.047920775320752229e-01,5.063681510080432213e-01,5.079432119257042411e-01,5.095174457450523109e-01,5.110909993411476560e-01,5.126639572456282989e-01,5.142363373768731316e-01,5.158081221018013807e-01,5.173791813824205610e-01,5.189493288338902222e-01,5.205183241570356945e-01,5.220858419060014910e-01,5.236514666258895723e-01,5.252147484103786290e-01,5.267750793303451751e-01,5.283318482613884592e-01,5.298843192342931330e-01,5.314317057912698594e-01,5.329730846986646675e-01,5.345074982856123924e-01,5.360338955280156137e-01,5.375511111377094808e-01,5.390579592133852849e-01,5.405531178885513155e-01,5.420351882442121516e-01,5.435027324146237682e-01,5.449541972872128381e-01,5.463879563645450688e-01,5.478023274238004170e-01,5.491955435175901457e-01,5.505658105223126819e-01,5.519111925951415420e-01,5.532297658299732968e-01,5.545194929774603931e-01,5.557783359986913085e-01,5.570041608461903104e-01,5.581948113838506309e-01,5.593480829925422393e-01,5.604617467972926592e-01,5.615335277767614652e-01,5.625611324305940242e-01,5.635422452696640105e-01,5.644745279466288901e-01,5.653556526967621343e-01,5.661832747807331589e-01,5.669550430856530321e-01,5.676686253048722763e-01,5.683217056307683368e-01,5.689120012648093416e-01,5.694372311591490154e-01,5.698951625354956585e-01,5.702835968844485182e-01,5.706003834307020739e-01,5.708434423095949395e-01,5.710107190780502329e-01,5.711002679512282576e-01,5.711101797231172839e-01,5.710386307939167017e-01,5.708839110249083193e-01,5.706443695650804671e-01,5.703184721132413815e-01,5.699047887591690564e-01,5.694019884871761583e-01,5.688088588412270052e-01,5.681243274950155131e-01,5.673474228180473977e-01,5.664773129661392348e-01,5.655133199849734504e-01,5.644548928905041008e-01,5.633016035581184244e-01,5.620532355639837885e-01,5.607096714942730875e-01,5.592709607604677835e-01,5.577373432994653379e-01,5.561091989853461648e-01,5.543870712185900995e-01,5.525717056152494866e-01,5.506639593908178032e-01,5.486649298338596159e-01,5.465758586102843486e-01,5.443981379440600010e-01,5.421333774258511040e-01,5.397833409101808755e-01,5.373499707813941262e-01,5.348353879052655246e-01,5.322418807564277543e-01,5.295719186593152994e-01,5.268281526782534474e-01,5.240133637274143608e-01,5.211305471179830118e-01,5.181828227824037958e-01,5.151734927529483254e-01,5.121060082458160911e-01,5.089839717668622754e-01,5.058111320830599444e-01,5.025913836563232762e-01,4.993287573891682651e-01,4.960274236862107777e-01,4.926916553839734703e-01,4.893258681997027515e-01,4.859345792779330986e-01,4.825224220361124527e-01,4.790941081496772891e-01,4.756544522926616225e-01,4.722083590481851445e-01,4.687608063082495113e-01,4.653168237501518201e-01,4.618815161109864897e-01,4.584600225582778354e-01,4.550575279520532312e-01,4.516792710956734624e-01,4.483304838384885582e-01,4.450164155165918234e-01,4.417423199642585008e-01,4.385134570981736868e-01,4.353350605576269960e-01,4.322123344796703903e-01,4.291504495006563946e-01,4.261545476431048973e-01,4.232296829773467550e-01,4.203808776541613779e-01,4.176130515565950052e-01,4.149310697823777039e-01,4.123396510506397994e-01,4.098434896951531070e-01,4.074470913877700218e-01,4.051548812295858171e-01,4.029711433138299936e-01,4.009000344579983222e-01,3.989455247960432271e-01,3.971114840981725402e-01,3.954015542682969842e-01,3.938192705494887313e-01,3.923679366699275861e-01,3.910506869538030172e-01,3.898704646448811206e-01,3.888300098913924918e-01,3.879318593098900481e-01,3.871783217225505114e-01,3.865715017599315462e-01,3.861132885879260401e-01,3.858053248735225926e-01,3.856490107611796336e-01,3.856455469283714410e-01
5.696685589602286104e-01,5.723957925720806195e-01,5.750073054312899723e-01,5.775012368861071055e-01,5.798759885813306036e-01,5.821301842177716290e-01,5.842627450752062579e-01,5.862728131427838996e-01,5.881597839491086166e-01,5.899233160232814077e-01,5.915632944820097272e-01,5.930798957300043028e-01,5.944734449952071564e-01,5.957445981294091641e-01,5.968941852755930144e-01,5.979232842257361513e-01,5.988331781788217567e-01,5.996253728634378666e-01,6.003016099244554704e-01,6.008637939082122070e-01,6.013140053438266186e-01,6.016545923775651339e-01,6.018880274304440059e-01,6.020169450111354514e-01,6.020441805217565667e-01,6.019727083524815114e-01,6.018056619913150218e-01,6.015462779597077203e-01,6.011979740192372468e-01,6.007642376924002825e-01,6.002487120974641099e-01,5.996551151968212423e-01,5.989872577115946672e-01,5.982490546915172347e-01,5.974444686086211043e-01,5.965775309674122839e-01,5.956523417244082852e-01,5.946730177932951777e-01,5.936437414436912530e-01,5.925686912908817439e-01,5.914520842076959051e-01,5.902981098350911227e-01,5.891109877855162935e-01,5.878948996484373302e-01,5.866540433296879575e-01,5.853925246948066263e-01,5.841144508420363923e-01,5.828238697481331609e-01,5.815247742028974987e-01,5.802211087252796551e-01,5.789166930115281495e-01,5.776153397881185203e-01,5.763207191377134331e-01,5.750364166540387068e-01,5.737659509919851297e-01,5.725126742086648068e-01,5.712798726314476383e-01,5.700707159029557713e-01,5.688882280702682870e-01,5.677353153885860149e-01,5.666147388783859817e-01,5.655291265138777668e-01,5.644810110603326603e-01,5.634726970896227760e-01,5.625064143478422096e-01,5.615842096616614487e-01,5.607079831986740981e-01,5.598794982391664954e-01,5.591003410784531891e-01,5.583719544750583852e-01,5.576956185764964102e-01,5.570724648067758578e-01,5.565034704547825450e-01,5.559894531523348338e-01,5.555310642894091266e-01,5.551288364574452627e-01,5.547831203453603699e-01,5.544940967523562803e-01,5.542618434224126922e-01,5.540862913376634058e-01,5.539671965441248513e-01,5.539041910118537304e-01,5.538967934584844155e-01,5.539443550444015374e-01,5.540461093695285832e-01,5.542011833145515931e-01,5.544085693706258811e-01,5.546671496105552990e-01,5.549757067027250024e-01,5.553328818516782839e-01,5.557372569401879403e-01,5.561873019641168092e-01,5.566814106739358392e-01,5.572178606750535224e-01,5.577948946976271083e-01,5.584106548128643377e-01,5.590632170859162198e-01,5.597506118724715485e-01,5.604708320429895307e-01,5.612217547477390545e-01,5.620012747727577418e-01,5.628072468870362055e-01,5.636374424338748135e-01,5.644896931526921513e-01,5.653617351602961971e-01,5.662513384206647737e-01,5.671562162592529432e-01,5.680741209021669125e-01,5.690028181622044379e-01,5.699400264568531549e-01,5.708835253082185091e-01,5.718310999818045914e-01,5.727805332211359790e-01,5.737296827342465155e-01,5.746764122695650068e-01,5.756185966447947555e-01,5.765541951836514745e-01,5.774811906599088829e-01,5.783976134594213114e-01,5.793015478478616975e-01,5.801911397043335583e-01,5.810645745746176871e-01,5.819201210211408792e-01,5.827560886934515239e-01,5.835708652591725665e-01,5.843629173953488465e-01,5.851307447618397939e-01,5.858729634251068630e-01,5.865882184078544670e-01,5.872752680709477646e-01,5.879329287117113223e-01,5.885600720501723560e-01,5.891556786741865004e-01,5.897187882056147412e-01,5.902485228592573296e-01,5.907440783961181996e-01,5.912047133715244707e-01,5.916297848558699224e-01,5.920187225714547141e-01,5.923709907848929701e-01,5.926861889492454072e-01,5.929639448235154431e-01,5.932039712655173824e-01,5.934060418563925632e-01,5.935699985362475894e-01,5.936957627933853177e-01,5.937832894670315165e-01,5.938326349055594866e-01,5.938438831977220778e-01,5.938171723334699781e-01,5.937527332752373654e-01,5.936508124224989524e-01,5.935117034526855573e-01,5.933357926606571686e-01,5.931234431194771783e-01,5.928751243193128850e-01,5.925913123753097089e-01,5.922725318657691140e-01,5.919193158637046093e-01,5.915322891983567644e-01,5.911120427309554115e-01,5.906592248383644161e-01,5.901745190375691230e-01,5.896586123412879132e-01,5.891122315784766972e-01,5.885361008169924801e-01,5.879309651272365267e-01,5.872975968769416077e-01,5.866367630791767818e-01,5.859492930701862834e-01,5.852359324768704463e-01,5.844975352005473690e-01,5.837348819916839959e-01,5.829487933792200094e-01,5.821401035639036659e-01,5.813096240105617429e-01,5.804581992226782727e-01,5.795866348245999333e-01,5.786957713237081968e-01,5.777864375000407726e-01,5.768594419362852443e-01,5.759156237520334232e-01,5.749558132734157168e-01,5.739808117540170507e-01,5.729914533347326699e-01,5.719885546655507635e-01,5.709729496799287318e-01,5.699454329412155795e-01,5.689068530710766902e-01,5.678580036188891622e-01,5.667997376827083045e-01,5.657328516826370945e-01,5.646582034150335883e-01,5.635766053104676043e-01,5.624888984301591455e-01,5.613959530335214110e-01,5.602986233751705569e-01,5.591977479804542961e-01,5.580942389778309476e-01,5.569889692883523979e-01,5.558828471429658746e-01,5.547767836978492184e-01,5.536717382632955209e-01,5.525686353626420022e-01,5.514684693819763561e-01,5.503722356290167150e-01,5.492809473850516211e-01,5.481956402470934409e-01,5.471173838511492749e-01,5.460472818239203718e-01,5.449864375046580278e-01,5.439360076270680633e-01,5.428971600522881635e-01,5.418711117142132050e-01,5.408590794259693357e-01,5.398623563652446000e-01,5.388822262599919366e-01,5.379200198839657610e-01,5.369770960648606595e-01,5.360548716300921335e-01,5.351547589489830115e-01,5.342782033419669618e-01,5.334267171935271890e-01,5.326018101746686773e-01,5.318050245534241549e-01,5.310379565434959481e-01,5.303021887875760676e-01,5.295993739220535845e-01,5.289311595343840766e-01,5.282992209690351437e-01,5.277052701748904395e-01,5.271510127602637708e-01,5.266381868328706695e-01,5.261685440530818880e-01,5.257438540863911269e-01,5.253658554091210631e-01,5.250363439686687173e-01,5.247570811028104965e-01,5.245298515950385099e-01,5.243564173859835975e-01,5.242385428404530145e-01,5.241779538871241817e-01,5.241763748503313058e-01,5.242355522098720577e-01,5.243571307657959313e-01,5.245427751556658302e-01,5.247940959318644349e-01,5.251126683748660318e-01,5.255000258997764018e-01,5.259576543119544034e-01,5.264869852427388475e-01,5.270893633546481771e-01,5.277661471584587094e-01,5.285185080244880762e-01,5.293476611189427139e-01,5.302546654133513115e-01,5.312405174120579110e-01,5.323061371116881713e-01,5.334523313242149900e-01,5.346798323340667958e-01,5.359892321476867894e-01,5.373810477442448885e-01,5.388556721926724968e-01,5.404133637591885808e-01,5.420542854431251723e-01,5.437784584728645454e-01,5.455857564827524264e-01,5.474759866241456496e-01,5.494487236771117278e-01,5.515034712719797394e-01,5.536395382098073803e-01,5.558561463843980643e-01,5.581523051779005984e-01,5.605269200842242228e-01,5.629786831005385572e-01,5.655061919317287966e-01,5.681078486467719957e-01,5.707818987685666645e-01,5.735264527679020397e-01,5.763394112630714217e-01,5.792185633995243776e-01,5.821614897414577605e-01,5.851656367028799099e-01,5.882282765669384350e-01,5.913465498686435451e-01,5.945173980487012955e-01,5.977376192030319224e-01,6.010038906337985543e-01,6.043126822617681526e-01,6.076603316445114977e-01,6.110430710590258885e-01,6.144569396166080777e-01,6.178978555585863397e-01,6.213616073882711754e-01,6.248438391108099843e-01,6.283401125850640589e-01,6.318458142578041725e-01,6.353562787644788656e-01,6.388666709648925801e-01,6.423721144922345250e-01,6.458675995934204384e-01,6.493480525401398307e-01,6.528083281068860488e-01,6.562431636120277245e-01,6.596472973113070015e-01,6.630154003725599043e-01,6.663420568196642968e-01,6.696218686658778063e-01,6.728493653452751744e-01,6.760191055201356658e-01,6.791255968592955217e-01,6.821633915312044216e-01,6.851269908351257376e-01,6.880110058970959619e-01,6.908100061987348939e-01,6.935186301793607733e-01,6.961315794365038334e-01,6.986435885359497666e-01,7.010495079137215590e-01,7.033442230515339899e-01,7.055227502283429875e-01,7.075801979620286453e-01,7.095117718984372823e-01,7.113128507261063938e-01,7.129788787413292583e-01,7.145055035280886147e-01,7.158884970849780371e-01,7.171238055641958598e-01,7.182075367688273149e-01,7.191360028627772349e-01,7.199056675290895768e-01,7.205132492637636998e-01,7.209556281759391672e-01,7.212299026165343019e-01,7.213334188947999603e-01,7.212637733560068876e-01,7.210187231735670776e-01,7.205963475374191907e-01,7.199949519100994344e-01,7.192130760401758138e-01,7.182495407383272523e-01,7.171034423517818057e-01,7.157741450690702223e-01,7.142612516054021032e-01,7.125647034811993796e-01,7.106846913673059429e-01,7.086216746024804891e-01,7.063764420665146204e-01,7.039500181995361761e-01,7.013437717454316100e-01,6.985593089726824800e-01,6.955985649834317552e-01,6.924637364411710960e-01,6.891573220838025371e-01,6.856820909049565760e-01,6.820411090423184053e-01,6.782376960227430862e-01,6.742754826947269242e-01,6.701583626980426311e-01,6.658904600215312941e-01,6.614761963015187707e-01,6.569202401018724435e-01,6.522275316266439305e-01,6.474032062280449251e-01,6.424526604396230134e-01,6.373815297682914327e-01,6.321956408793627524e-01,6.269010552719891383e-01,6.215040379084328936e-01,6.160110066127567618e-01,6.104286163053026515e-01,6.047636751547039724e-01,5.990231027130709096e-01,5.932140485481481873e-01,5.873437261206325699e-01,5.814195294107026291e-01,5.754489562596158958e-01,5.694395660585611640e-01,5.633990543651415939e-01,5.573351614121598852e-01,5.512557302544357496e-01,5.451685886450557961e-01,5.390816682695456219e-01,5.330028930790825514e-01,5.269401914662958930e-01,5.209014869298698169e-01,5.148947104010749287e-01,5.089277191801404587e-01,5.030083600294559254e-01,4.971444242095028887e-01,4.913435893916681674e-01,4.856134899958293727e-01,4.799616545068142170e-01,4.743954727213459122e-01,4.689222262008600484e-01,4.635490733008910680e-01,4.582829940015081260e-01,4.531308221978143091e-01,4.480992122408727352e-01,4.431946398105446883e-01,4.384233604046928190e-01,4.337914795917183208e-01,4.293047835195055728e-01,4.249689202819926792e-01,4.207892687806161769e-01,4.167709423582685591e-01,4.129188126962889394e-01,4.092374945396068386e-01,4.057313122126502969e-01,4.024043205609069696e-01,3.992602754443294044e-01,3.963026587533053924e-01,3.935346242842811537e-01,3.909590632179025804e-01,3.885785164902126332e-01,3.863952299734364493e-01,3.844111348979211695e-01,3.826278571975257337e-01,3.810466608737336225e-01,3.796685302835323683e-01,3.784941027392300095e-01,3.775237087713424478e-01,3.767573365596139645e-01,3.761946664143298591e-01,3.758350498951862906e-01,3.756775306507909029e-01,3.757208307994915342e-01
1.437672694285220543e-01,1.435760504296828555e-01,1.433810559059638390e-01,1.431818689065061934e-01,1.429780524641545980e-01,1.427691555269048618e-01,1.425547091255091325e-01,1.423342440803288533e-01,1.421072719516472682e-01,1.418732994894318644e-01,1.416318362523562024e-01,1.413823829490375716e-01,1.411244521673759300e-01,1.408575489638520528e-01,1.405811892044163958e-01,1.402948966148513388e-01,1.399982112921183131e-01,1.396906788309703051e-01,1.393718716983505801e-01,1.390413720360428318e-01,1.386987820808456007e-01,1.383437395823677585e-01,1.379758961945208029e-01,1.375949379731086220e-01,1.372005800568952549e-01,1.367925640633556039e-01,1.363706783578475523e-01,1.359347399559349689e-01,1.354846022797991656e-01,1.350201547781426925e-01,1.345413443741986514e-01,1.340481462144404168e-01,1.335405821730118459e-01,1.330187204384221944e-01,1.324826794552100007e-01,1.319326175052873418e-01,1.313687452551171031e-01,1.307913228993173027e-01,1.302006544280187861e-01,1.295970968905220677e-01,1.289810574110531460e-01,1.283529925009143369e-01,1.277134023458200984e-01,1.270628403125223516e-01,1.264019121824233871e-01,1.257312625579823373e-01,1.250515888536078146e-01,1.243636259169847297e-01,1.236681673011005289e-01,1.229660376694249324e-01,1.222581091146319882e-01,1.215452942584615004e-01,1.208285370159957184e-01,1.201088249887776321e-01,1.193871780367836838e-01,1.186646478686701062e-01,1.179423189712507647e-01,1.172212956351503244e-01,1.165027125773031857e-01,1.157877253175637472e-01,1.150775117335655628e-01,1.143732607147313896e-01,1.136761758123916582e-01,1.129874737401593693e-01,1.123083752359776699e-01,1.116401066704519052e-01,1.109838952626714115e-01,1.103409632376692734e-01,1.097125295463385469e-01,1.090998034135964717e-01,1.085039815789514833e-01,1.079262377796908062e-01,1.073677378177835678e-01,1.068296159689506170e-01,1.063129803109192362e-01,1.058189129549756274e-01,1.053484627700061321e-01,1.049026402159745630e-01,1.044824119441883081e-01,1.040887074587189820e-01,1.037224100718167064e-01,1.033843500155472162e-01,1.030753117413165804e-01,1.027960194704439223e-01,1.025471429371395404e-01,1.023292869635379909e-01,1.021430015420982662e-01,1.019887659135213787e-01,1.018669975121862109e-01,1.017780384289965201e-01,1.017221652630586753e-01,1.016995766934976342e-01,1.017104041889544813e-01,1.017547005882583899e-01,1.018324376397695408e-01,1.019435179261291291e-01,1.020877585193522702e-01,1.022649029722376562e-01,1.024746073282820497e-01,1.027164596927825774e-01,1.029899620205321081e-01,1.032945349578563154e-01,1.036295205529244590e-01,1.039941916987492804e-01,1.043877310180530010e-01,1.048092500286987444e-01,1.052577916342599118e-01,1.057323155555317112e-01,1.062317111088434962e-01,1.067547962531766037e-01,1.073003321598149096e-01,1.078669990702840614e-01,1.084534261064195315e-01,1.090581679808396848e-01,1.096797347184261529e-01,1.103165750526374084e-01,1.109670838762975009e-01,1.116296084588092596e-01,1.123024593911432639e-01,1.129838936450224957e-01,1.136721344910644055e-01,1.143653707353844834e-01,1.150617676585824617e-01,1.157594540048439979e-01,1.164565443551815738e-01,1.171511339655350592e-01,1.178413041369401199e-01,1.185251267175988221e-01,1.192006731944538767e-01,1.198660074203387049e-01,1.205192103330262332e-01,1.211583574919805895e-01,1.217815567668382171e-01,1.223869197793729380e-01,1.229725878670031025e-01,1.235367279840215576e-01,1.240775453835034486e-01,1.245932747372188870e-01,1.250821975552222076e-01,1.255426391777630934e-01,1.259729755976150278e-01,1.263716444945629513e-01,1.267371235787841943e-01,1.270679788419457890e-01,1.273628213768843997e-01,1.276203439375518112e-01,1.278393151300366293e-01,1.280185713951259296e-01,1.281570435354600079e-01,1.282537244186418290e-01,1.283077253249998995e-01,1.283182219938770185e-01,1.282844988630253147e-01,1.282059159493054157e-01,1.280819547138911663e-01,1.279121802231228677e-01,1.276962564451806503e-01,1.274339605427654010e-01,1.271251735422800622e-01,1.267698654522069757e-01,1.263681282613587642e-01,1.259201512664844536e-01,1.254262388055050748e-01,1.248867893320286249e-01,1.243023193895455292e-01,1.236734448088742805e-01,1.230008896193894447e-01,1.222854768692474142e-01,1.215281428998171986e-01,1.207299185390655755e-01,1.198919361797730343e-01,1.190154240154894238e-01,1.181017090676997061e-01,1.171522165397536897e-01,1.161684518634241298e-01,1.151520167564221708e-01,1.141045953498665000e-01,1.130279563323731695e-01,1.119239382470460370e-01,1.107944679461495552e-01,1.096415334345302028e-01,1.084671898331144163e-01,1.072735568642929072e-01,1.060628145056151106e-01,1.048371955901120228e-01,1.035989743413014419e-01,1.023504802529792423e-01,1.010940745621081022e-01,9.983215678441485774e-02,9.856715073319381737e-02,9.730151188005939367e-02,9.603770351557465446e-02,9.477821073085093695e-02,9.352552142504730326e-02,9.228212843392383236e-02,9.105052499053378767e-02,8.983317871403956323e-02,8.863256524035058315e-02,8.745112517623866710e-02,8.629128282640906311e-02,8.515542507943456296e-02,8.404590460863727019e-02,8.296503780489018764e-02,8.191508999655945644e-02,8.089827086305806381e-02,7.991674182406949267e-02,7.897260020544159820e-02,7.806787252466607097e-02,7.720452360211288445e-02,7.638442990700686219e-02,7.560940036191773905e-02,7.488115013029900124e-02,7.420131708908700441e-02,7.357143448892081161e-02,7.299295608063896545e-02,7.246722345019747380e-02,7.199547813798312657e-02,7.157886625000223213e-02,7.121841948548618406e-02,7.091505944888781832e-02,7.066959472744968607e-02,7.048272768178578951e-02,7.035503484633144622e-02,7.028698198067252767e-02,7.027891590364303276e-02,7.033106115812390313e-02,7.044352397214238837e-02,7.061628962476097782e-02,7.084922634387194607e-02,7.114208090619858482e-02,7.149447470003605920e-02,7.190591902806105218e-02,7.237579790283468761e-02,7.290338608463325931e-02,7.348783700829615573e-02,7.412819763246196458e-02,7.482339810330641827e-02,7.557225567466492600e-02,7.637349218518652005e-02,7.722571575504115493e-02,7.812743606019920128e-02,7.907706628945902760e-02,8.007292406786283012e-02,8.111323910538796589e-02,8.219615049537228046e-02,8.331971971368062890e-02,8.448191993283594992e-02,8.568066171499802430e-02,8.691377855532209096e-02,8.817904470703612219e-02,8.947417216130937323e-02,9.079681328269550988e-02,9.214458088149130033e-02,9.351503162983348938e-02,9.490569257527760316e-02,9.631405593538501508e-02,9.773757543794749092e-02,9.917369975340800670e-02,1.006198437128346668e-01,1.020734214518491667e-01,1.035318298299128664e-01,1.049924814779700649e-01,1.064527819154234556e-01,1.079101517311805980e-01,1.093620241327164788e-01,1.108058635635538053e-01,1.122391542985884116e-01,1.136594145438462600e-01,1.150642023507296163e-01,1.164511174364212948e-01,1.178178079987954041e-01,1.191619783064244292e-01,1.204813886777223730e-01,1.217738564896500703e-01,1.230372808759687270e-01,1.242696209845704086e-01,1.254689119240532669e-01,1.266332754208903955e-01,1.277609137316098875e-01,1.288501126643758488e-01,1.298992564160673657e-01,1.309068118390779301e-01,1.318713596693523726e-01,1.327915596159752465e-01,1.336661868989732493e-01,1.344941215009403113e-01,1.352743433665029860e-01,1.360059406750468436e-01,1.366881170716358063e-01,1.373201782568135021e-01,1.379015514719078017e-01,1.384317662539940597e-01,1.389104730798901843e-01,1.393374289807578215e-01,1.397125076005950872e-01,1.400357022158187359e-01,1.403071000487776110e-01,1.405269103264417674e-01,1.406954542615043158e-01,1.408131625213294436e-01,1.408805636713596487e-01,1.408983032385709433e-01,1.408671146562368581e-01,1.407878504859545188e-01,1.406614453654430885e-01,1.404889447633848876e-01,1.402714730978182056e-01,1.400102512771856933e-01,1.397065886807309920e-01,1.393618703386051427e-01,1.389775642229169883e-01,1.385552110688818561e-01,1.380964322199834393e-01,1.376029062169108474e-01,1.370763751742276881e-01,1.365186411090701657e-01,1.359315590971088838e-01,1.353170397073715225e-01,1.346770304644710481e-01,1.340135215038162908e-01,1.333285379057667364e-01,1.326241327050252106e-01,1.319023874199669322e-01,1.311654056566242954e-01,1.304152958784968730e-01,1.296541895589918558e-01,1.288842167483448820e-01,1.281075096872474339e-01,1.273261952260559271e-01,1.265423887460869756e-01,1.257581977758620295e-01,1.249757052983439670e-01,1.241969721081560424e-01,1.234240318458028063e-01,1.226588832132403661e-01,1.219034924920662233e-01,1.211597826372602799e-01,1.204296292921821498e-01,1.197148580491451536e-01,1.190172485229430421e-01,1.183385135272119332e-01,1.176803159972445167e-01,1.170442479533126690e-01,1.164318403411014891e-01,1.158445450958545953e-01,1.152837531553811828e-01,1.147507755391746903e-01,1.142468448524449204e-01,1.137731159323762536e-01,1.133306605698912173e-01,1.129204707089473542e-01,1.125434468964530421e-01,1.122004161004036826e-01,1.118921049648558264e-01,1.116191601496640540e-01,1.113821376743338587e-01,1.111815029181182635e-01,1.110176400754804976e-01,1.108908329463683118e-01,1.108012854806369185e-01,1.107491061638009033e-01,1.107343252794386890e-01,1.107568795946265172e-01,1.108166183547276140e-01,1.109133144871911753e-01,1.110466516481439236e-01,1.112162352437805340e-01,1.114215917175991472e-01,1.116621666694457421e-01,1.119373387227174249e-01,1.122464073358815512e-01,1.125885994859258388e-01,1.129630871296104233e-01,1.133689624615972502e-01,1.138052680515517778e-01,1.142709829791196396e-01,1.147650327853160651e-01,1.152862901423566261e-01,1.158335788187001142e-01,1.164056798013632793e-01,1.170013330346391101e-01,1.176192385511535821e-01,1.182580593603702601e-01,1.189164365225555964e-01,1.195929813757412030e-01,1.202862798318929533e-01,1.209948951696942221e-01,1.217173887170363566e-01,1.224523007004329200e-01,1.231981628577294430e-01,1.239535120457946477e-01,1.247168724140130525e-01,1.254867838281733539e-01,1.262617856534249683e-01,1.270404329848943414e-01,1.278212889893916571e-01,1.286029454361042323e-01,1.293840022985816574e-01,1.301630905162036167e-01,1.309388689192813315e-01,1.317100213335542502e-01,1.324752755282818106e-01,1.332333858181843356e-01,1.339831452836031944e-01,1.347233904308243191e-01,1.354530007938493652e-01,1.361708994541719620e-01,1.368760625403646347e-01,1.375675090252548305e-01,1.382443092066374390e-01,1.389055889633910301e-01,1.395505313201096109e-01,1.401783589444659528e-01,1.407883644266610390e-01,1.413798974817045695e-01,1.419523564624879108e-01,1.425052018877495386e-01,1.430379535382230727e-01,1.435501840813730723e-01,1.440415341622348910e-01,1.445116952412343891e-01,1.449604091125884509e-01,1.453874888247688735e-01,1.457927987510364010e-01,1.461762512496374566e-01,1.465378213356969272e-01,1.468775384663486838e-01
4.361048460173760910e-01,4.409981033732709998e-01,4.458840994007282621e-01,4.507561048938001913e-01,4.556074153001382632e-01,4.604314043150056213e-01,4.652214906670735783e-01,4.699711783311325553e-01,4.746740543534382906e-01,4.793238116891500034e-01,4.839142742654604645e-01,4.884393819421047889e-01,4.928932223158875581e-01,4.972700539636861206e-01,5.015642711859841230e-01,5.057704868028471967e-01,5.098834627127331043e-01,5.138981985276831477e-01,5.178098867910327918e-01,5.216139536764836659e-01,5.253060310370691877e-01,5.288820290513140954e-01,5.323380712785037439e-01,5.356705624879417593e-01,5.388761614773216468e-01,5.419517913728418845e-01,5.448946667350162976e-01,5.477022630947349091e-01,5.503723675680300964e-01,5.529030357980664334e-01,5.552926195191778547e-01,5.575397865692660604e-01,5.596435023535190068e-01,5.616029819618997276e-01,5.634178179923645668e-01,5.650878625722178805e-01,5.666132519409388113e-01,5.679944593678335485e-01,5.692322443177824098e-01,5.703276383555863083e-01,5.712819967800235599e-01,5.720969509065841896e-01,5.727743932357505230e-01,5.733165282174416122e-01,5.737258063581177625e-01,5.740049555299557849e-01,5.741569627462365100e-01,5.741850534609244106e-01,5.740927055504702059e-01,5.738836246859133627e-01,5.735617467114970669e-01,5.731312132225407918e-01,5.725963783305322297e-01,5.719617710453835935e-01,5.712321351101915523e-01,5.704123447362350330e-01,5.695074588260191639e-01,5.685226679472420441e-01,5.674633140806208953e-01,5.663348443755016337e-01,5.651428012975985293e-01,5.638928426081122325e-01,5.625907198895835348e-01,5.612421919100383239e-01,5.598531248189507759e-01,5.584294304075242410e-01,5.569769600763947448e-01,5.555016841491789981e-01,5.540095131372221315e-01,5.525063267437237968e-01,5.509980004417761590e-01,5.494903665868801079e-01,5.479891772173988151e-01,5.465001347660922715e-01,5.450288245603195358e-01,5.435807499818291477e-01,5.421613235531566044e-01,5.407757996539374057e-01,5.394293102160756526e-01,5.381268380742001423e-01,5.368732068225832155e-01,5.356730642957550081e-01,5.345308808682421864e-01,5.334509428294381683e-01,5.324373206965752336e-01,5.314938783605057671e-01,5.306242636503687438e-01,5.298318935549071185e-01,5.291199547746771037e-01,5.284913908230240986e-01,5.279488875396787240e-01,5.274948962550759513e-01,5.271315934487129651e-01,5.268608967411494426e-01,5.266844495110363233e-01,5.266036443388451005e-01,5.266195838536215090e-01,5.267330786695451073e-01,5.269447226467220968e-01,5.272547509835109336e-01,5.276631923234862409e-01,5.281697680014079133e-01,5.287739089194268827e-01,5.294748255795758141e-01,5.302714005533252228e-01,5.311622736900279973e-01,5.321458435552883781e-01,5.332202198124627035e-01,5.343832641422454621e-01,5.356326018902507480e-01,5.369656268485210049e-01,5.383794518587847744e-01,5.398710282698481189e-01,5.414370488913263779e-01,5.430739947494109821e-01,5.447781723763168715e-01,5.465456781113831042e-01,5.483724133845697679e-01,5.502541531938023311e-01,5.521864536312226512e-01,5.541647705512504629e-01,5.561843799607002481e-01,5.582404798542167645e-01,5.603280882316538092e-01,5.624421871907199222e-01,5.645776123176211581e-01,5.667291607401385711e-01,5.688915364731499391e-01,5.710594206589542088e-01,5.732273999672721221e-01,5.753900969921353914e-01,5.775420751548554499e-01,5.796779115784418401e-01,5.817922036599170177e-01,5.838795457808086953e-01,5.859345878469648383e-01,5.879520410214830184e-01,5.899266396758641173e-01,5.918532280780732791e-01,5.937267063718068005e-01,5.955420859893407748e-01,5.972944895213525562e-01,5.989791507295428863e-01,6.005914343688422141e-01,6.021268467921497836e-01,6.035810474901086575e-01,6.049498407408785416e-01,6.062292198895595785e-01,6.074153601684243453e-01,6.085045657892610427e-01,6.094934115930747964e-01,6.103786316109669485e-01,6.111571725434415958e-01,6.118262041524750172e-01,6.123831029027552164e-01,6.128254613055204025e-01,6.131511446241729724e-01,6.133582017275016618e-01,6.134449478577408410e-01,6.134099214006212275e-01,6.132519205387012562e-01,6.129699636159702258e-01,6.125633484400612172e-01,6.120315739319938109e-01,6.113744273136250129e-01,6.105919130084587199e-01,6.096842907213413376e-01,6.086520502046889325e-01,6.074959257319096917e-01,6.062169180922364342e-01,6.048162040887412605e-01,6.032952418288437535e-01,6.016556828574968208e-01,5.998994052263487697e-01,5.980285191132854727e-01,5.960453298820498347e-01,5.939523227596068544e-01,5.917522310117371287e-01,5.894479205606448780e-01,5.870424687421414989e-01,5.845391248779554516e-01,5.819412960926678702e-01,5.792525337747939096e-01,5.764765726135785417e-01,5.736172483127437438e-01,5.706785127230209476e-01,5.676645063388607859e-01,5.645794075565079284e-01,5.614274995040982041e-01,5.582132115575585418e-01,5.549409834552971876e-01,5.516153471955269616e-01,5.482409036980452344e-01,5.448222976373320314e-01,5.413641810765781326e-01,5.378712753470025199e-01,5.343482800094454532e-01,5.307999003063872401e-01,5.272308704295192161e-01,5.236458683828141281e-01,5.200495888386630350e-01,5.164466291390785724e-01,5.128415944169744112e-01,5.092390213190647330e-01,5.056433592402633792e-01,5.020590275542150538e-01,4.984903008005825420e-01,4.949414364705315150e-01,4.914165299562472389e-01,4.879196101738124680e-01,4.844545827241710789e-01,4.810252127862302829e-01,4.776351567554977806e-01,4.742879398812964165e-01,4.709869364589717167e-01,4.677353744637353095e-01,4.645363594288385856e-01,4.613928108300722752e-01,4.583074964724852540e-01,4.552830426869232117e-01,4.523218744027184823e-01,4.494262747722107543e-01,4.465983464306440553e-01,4.438400515217783560e-01,4.411531221661322832e-01,4.385391594395333659e-01,4.359995773046682066e-01,4.335356141970468924e-01,4.311483324905029391e-01,4.288386371365553451e-01,4.266072416131238554e-01,4.244547087093381577e-01,4.223814161865875882e-01,4.203875897917288551e-01,4.184732869218166229e-01,4.166384280492123615e-01,4.148827414757616516e-01,4.132058476664403068e-01,4.116071856033313714e-01,4.100860877411633965e-01,4.086417180655482206e-01,4.072731349680279167e-01,4.059792628284635829e-01,4.047589218055794857e-01,4.036107969198323708e-01,4.025334897449117655e-01,4.015254880713252095e-01,4.005852003167607034e-01,3.997109296077172580e-01,3.989009353390807200e-01,3.981533706339240308e-01,3.974663480284318928e-01,3.968379094624578385e-01,3.962660610119478344e-01,3.957487504706512227e-01,3.952839042205918418e-01,3.948694136286201029e-01,3.945031506350145656e-01,3.941829900933705444e-01,3.939067614508116044e-01,3.936723502921550266e-01,3.934775894864556145e-01,3.933203609929684097e-01,3.931985688928251177e-01,3.931101318162834590e-01,3.930529941989985843e-01,3.930251413735292854e-01,3.930246257184675795e-01,3.930495253457933491e-01,3.930979709171175673e-01,3.931681590139499138e-01,3.932583440199023395e-01,3.933668431498364426e-01,3.934920632461935686e-01,3.936324496836172138e-01,3.937865485499575935e-01,3.939529954268536360e-01,3.941304775334063537e-01,3.943177832351340562e-01,3.945137805881507864e-01,3.947174301010302755e-01,3.949277688967173239e-01,3.951439368599378721e-01,3.953651372966638378e-01,3.955906790767808601e-01,3.958199713806766495e-01,3.960524657700458806e-01,3.962877374066050007e-01,3.965254251785397255e-01,3.967652653059635659e-01,3.970070554190137102e-01,3.972506698299675953e-01,3.974960663917456727e-01,3.977432787921283408e-01,3.979923884411049051e-01,3.982435474382893248e-01,3.984969664112836263e-01,3.987529350279508944e-01,3.990117390640260386e-01,3.992737640183317005e-01,3.995394118144526829e-01,3.998091076244507658e-01,4.000833447766375395e-01,4.003626108906215841e-01,4.006474315178657486e-01,4.009383326153884153e-01,4.012358577166317275e-01,4.015405689914945397e-01,4.018529983408051232e-01,4.021736908468861449e-01,4.025031797459709404e-01,4.028419552647187762e-01,4.031905341618350902e-01,4.035493530380827032e-01,4.039188421104262239e-01,4.042994005138708657e-01,4.046913332269785890e-01,4.050949731512833996e-01,4.055105429117877303e-01,4.059382155551651827e-01,4.063781288502456013e-01,4.068303162243869786e-01,4.072947732699271350e-01,4.077714051557294050e-01,4.082600478809373934e-01,4.087604449425514264e-01,4.092722696083738732e-01,4.097951196520152606e-01,4.103284729785565133e-01,4.108717507423990112e-01,4.114242763295840044e-01,4.119852667620276798e-01,4.125538587896644405e-01,4.131291047018496032e-01,4.137099430118697518e-01,4.142952497022925895e-01,4.148837935528608689e-01,4.154742365297078299e-01,4.160651866714478175e-01,4.166551376972634779e-01,4.172425215935915421e-01,4.178256621299669682e-01,4.184028482481942923e-01,4.189722451749025578e-01,4.195319666253361501e-01,4.200800773852110259e-01,4.206145463274676422e-01,4.211332999253587506e-01,4.216342337808504093e-01,4.221151519699952726e-01,4.225738400261244698e-01,4.230080662689214566e-01,4.234155249648452468e-01,4.237939283964328729e-01,4.241409451690353327e-01,4.244542396136050666e-01,4.247314891165653861e-01,4.249703360741204916e-01,4.251684842584114166e-01,4.253236103987820260e-01,4.254334547970424762e-01,4.254957598256627893e-01,4.255083380279449101e-01,4.254690243767871305e-01,4.253757179060872473e-01,4.252264086544808031e-01,4.250191138419586179e-01,4.247519598095750859e-01,4.244231659771808829e-01,4.240310128746708762e-01,4.235739131218654863e-01,4.230503879835315062e-01,4.224590531725560538e-01,4.217986728128900742e-01,4.210681167045396411e-01,4.202664153544479753e-01,4.193927210169497988e-01,4.184463351578577850e-01,4.174267204390311181e-01,4.163335114407662463e-01,4.151664637836175453e-01,4.139255501147164340e-01,4.126108762577782585e-01,4.112227576005589857e-01,4.097616524019700446e-01,4.082282319408748195e-01,4.066233302158158702e-01,4.049479883793173363e-01,4.032034046445145403e-01,4.013910035719723823e-01,3.995123691461959781e-01,3.975692977264785322e-01,3.955637400306230012e-01,3.934979028816810165e-01,3.913741091558223806e-01,3.891948935355818984e-01,3.869629830214065258e-01,3.846812827333307983e-01,3.823528619248410809e-01,3.799809816659946438e-01,3.775690533612621191e-01,3.751206654261368123e-01,3.726395582927597427e-01,3.701296241548266419e-01,3.675949147437297948e-01,3.650395980820445585e-01,3.624680150457962324e-01,3.598845872468331430e-01,3.572938856602432822e-01,3.547005804906593895e-01,3.521094242969178278e-01,3.495253054411713856e-01,3.469531484445819713e-01,3.443979859568286894e-01,3.418648759032147932e-01,3.393589722032089862e-01,3.368854397384787314e-01,3.344494872197020796e-01,3.320563422922970243e-01,3.297112480220390496e-01,3.274194071698849351e-01,3.251860674123090988e-01,3.230164285240211264e-01,3.209156267881296820e-01,3.188887894926228372e-01,3.169409633695924322e-01,3.150771153667386582e-01
6.111053519821273844e-02,6.078420135416369441e-02,6.044760964654123658e-02,6.010137023463766465e-02,5.974611532324623081e-02,5.938248606524753476e-02,5.901113599645727015e-02,5.863272708030940750e-02,5.824793384346652059e-02,5.785743419565580331e-02,5.746191585381146133e-02,5.706206911587021618e-02,5.665859236389206299e-02,5.625218064767099208e-02,5.584353620439186372e-02,5.543335864819905201e-02,5.502234655275545228e-02,5.461119686936258266e-02,5.420060369676244633e-02,5.379125376447856099e-02,5.338383357445011107e-02,5.297901481752953501e-02,5.257746831966466500e-02,5.217985090891676808e-02,5.178680946692476583e-02,5.139898387991289480e-02,5.101699804543703698e-02,5.064145969879069176e-02,5.027296557710240338e-02,4.991209914403053199e-02,4.955942327158579380e-02,4.921548630386249346e-02,4.888081677521800145e-02,4.855592680317375592e-02,4.824130704466301350e-02,4.793742915592293791e-02,4.764474177264785976e-02,4.736367676201871935e-02,4.709463970269661681e-02,4.683801587557515078e-02,4.659416606336761607e-02,4.636342953560530084e-02,4.614612012285848608e-02,4.594252933396541366e-02,4.575292152171594323e-02,4.557754094878507800e-02,4.541660369609586134e-02,4.527030094338314187e-02,4.513880014554245285e-02,4.502224503745168305e-02,4.492075135757341020e-02,4.483441159843588875e-02,4.476329481432909235e-02,4.470744144334919123e-02,4.466687079408655781e-02,4.464157878589489897e-02,4.463153352748599340e-02,4.463668460392786891e-02,4.465695021311386764e-02,4.469223648435674545e-02,4.474241695591877482e-02,4.480735001229731174e-02,4.488687074106351843e-02,4.498079076596257775e-02,4.508890336722014974e-02,4.521098303650740446e-02,4.534678431632747919e-02,4.549604038832811420e-02,4.565847018991714412e-02,4.583377600387879280e-02,4.602163982819997695e-02,4.622172925763613077e-02,4.643369869106174497e-02,4.665718622811842325e-02,4.689182020504999160e-02,4.713721014475853038e-02,4.739295822194566216e-02,4.765865354201530291e-02,4.793387533033253295e-02,4.821819601206454864e-02,4.851117588719756901e-02,4.881236831682014832e-02,4.912131832297082085e-02,4.943756820627462356e-02,4.976065352678321618e-02,5.009010361847260340e-02,5.042544288304331990e-02,5.076619797079873903e-02,5.111188793745363723e-02,5.146203631857822897e-02,5.181615697090512229e-02,5.217377234409962400e-02,5.253440124375052117e-02,5.289756443037203770e-02,5.326278640723287189e-02,5.362959097038484668e-02,5.399750870275896869e-02,5.436607387011479359e-02,5.473482472212550659e-02,5.510330237500491585e-02,5.547105747760838063e-02,5.583764445985409108e-02,5.620262920940113927e-02,5.656557526724576013e-02,5.692606318067481436e-02,5.728367765430118774e-02,5.763801255149919589e-02,5.798867211577240360e-02,5.833526635155525386e-02,5.867742010971184474e-02,5.901476083455409194e-02,5.934693479913981384e-02,5.967359361697927023e-02,5.999439945038307492e-02,6.030902636912646719e-02,6.061716103371221631e-02,6.091849758756220229e-02,6.121274873609311440e-02,6.149962890520302428e-02,6.177887091260678837e-02,6.205021906258229719e-02,6.231342513910091696e-02,6.256825671385179977e-02,6.281448970623980388e-02,6.305191642645395500e-02,6.328033540514031718e-02,6.349955991688804868e-02,6.370941470252074190e-02,6.390973438240536708e-02,6.410036846556275980e-02,6.428117311306918991e-02,6.445201765525894466e-02,6.461278351086915950e-02,6.476336302047852600e-02,6.490365545176883522e-02,6.503357341306795214e-02,6.515304291870903375e-02,6.526199477548103034e-02,6.536037334737296312e-02,6.544813123534012900e-02,6.552523121717547527e-02,6.559164250671294105e-02,6.564735034386222357e-02,6.569234369788273797e-02,6.572662246251885498e-02,6.575019381227530102e-02,6.576307492033418856e-02,6.576528999147697452e-02,6.575687290315050670e-02,6.573786280676646721e-02,6.570831059796526652e-02,6.566827051293908091e-02,6.561780622214484493e-02,6.555698923667593880e-02,6.548589712626118331e-02,6.540461349386809953e-02,6.531323245353198859e-02,6.521184991952425070e-02,6.510057188340991063e-02,6.497950572262828350e-02,6.484877234362014520e-02,6.470849372966053226e-02,6.455879941351033713e-02,6.439982358089248182e-02,6.423170733124594634e-02,6.405459710337059465e-02,6.386864568874509041e-02,6.367400978747704554e-02,6.347085359861698306e-02,6.325934585592830894e-02,6.303965865185728878e-02,6.281197096058636908e-02,6.257647032910618190e-02,6.233334097011161701e-02,6.208278275097804666e-02,6.182499300350650234e-02,6.156017573394460818e-02,6.128854130799574196e-02,6.101030429966154689e-02,6.072568414277840915e-02,6.043490540854426496e-02,6.013819651824668655e-02,5.983579126224006228e-02,5.952792955471115227e-02,5.921485383764094751e-02,5.889681255874949090e-02,5.857405723090505084e-02,5.824684651321905549e-02,5.791544058991901500e-02,5.758010433219747093e-02,5.724110937201903199e-02,5.689872732703113445e-02,5.655323806088261018e-02,5.620492423505035057e-02,5.585407290554952886e-02,5.550096983918540589e-02,5.514591060132284506e-02,5.478919278035780660e-02,5.443111307412171890e-02,5.407197734461275523e-02,5.371208818999313739e-02,5.335175580400670220e-02,5.299129273956745823e-02,5.263100808266314018e-02,5.227121959103284143e-02,5.191224090139291009e-02,5.155439391498524426e-02,5.119799378506500326e-02,5.084336228282974879e-02,5.049081981659463841e-02,5.014068598554816125e-02,4.979328430265023142e-02,4.944893174775760736e-02,4.910794830559799679e-02,4.877065129106992331e-02,4.843735947014434634e-02,4.810838300784425065e-02,4.778403756270539759e-02,4.746462715737589239e-02,4.715046313380089060e-02,4.684184432805363341e-02,4.653906788464788613e-02,4.624242760099823990e-02,4.595221249216420445e-02,4.566870290025620838e-02,4.539217451616654048e-02,4.512289897138102579e-02,4.486113892153375388e-02,4.460714684704410876e-02,4.436117237386641432e-02,4.412345473879542707e-02,4.389422087501719527e-02,4.367369370068423934e-02,4.346208499432876321e-02,4.325959027329970286e-02,4.306640326709325339e-02,4.288270051167446251e-02,4.270864781468718813e-02,4.254440246323020619e-02,4.239010442562343717e-02,4.224588070052390926e-02,4.211184881404391595e-02,4.198811377627142960e-02,4.187475890519796323e-02,4.177186000782358993e-02,4.167947440265697828e-02,4.159764812597930433e-02,4.152640919191601804e-02,4.146577042980197081e-02,4.141573030417234486e-02,4.137626991250503705e-02,4.134735418476472024e-02,4.132893273759512959e-02,4.132093806943273190e-02,4.132328744090938560e-02,4.133588205643012187e-02,4.135860271998707816e-02,4.139131854962364160e-02,4.143387930900439831e-02,4.148611877007750415e-02,4.154785575614667464e-02,4.161889099933457209e-02,4.169901090268883503e-02,4.178798464719010730e-02,4.188556600316158118e-02,4.199149582384627266e-02,4.210549758639569456e-02,4.222728035173450162e-02,4.235654090016890971e-02,4.249295620510839394e-02,4.263619910293012932e-02,4.278592252704149085e-02,4.294176924619871882e-02,4.310337001070562585e-02,4.327034684329850167e-02,4.344230409583506314e-02,4.361884470120534069e-02,4.379955421778419788e-02,4.398401724247861383e-02,4.417180201856694965e-02,4.436247774235502206e-02,4.455560122049288113e-02,4.475072545886091269e-02,4.494740011713244804e-02,4.514516894529524427e-02,4.534357243779787300e-02,4.554214958070851305e-02,4.574043661669817407e-02,4.593797179782132395e-02,4.613429211107435840e-02,4.632893259157405685e-02,4.652143626790396919e-02,4.671134605019224700e-02,4.689820746647568178e-02,4.708157651156531093e-02,4.726100697163247016e-02,4.743606857361729739e-02,4.760632726007071880e-02,4.777137168080358015e-02,4.793078758893819930e-02,4.808417804315039817e-02,4.823115578071766191e-02,4.837134597843735506e-02,4.850438592422419426e-02,4.862992715010589634e-02,4.874763708297163989e-02,4.885719970491056441e-02,4.895830989432594510e-02,4.905068448952034504e-02,4.913405798097954941e-02,4.920817989679717591e-02,4.927282359278038065e-02,4.932777928381911620e-02,4.937285612072853797e-02,4.940788820913161877e-02,4.943272547835381864e-02,4.944724645051296746e-02,4.945134631327803565e-02,4.944494522291253275e-02,4.942798653172347095e-02,4.940043651111871575e-02,4.936228445979892743e-02,4.931354338805137710e-02,4.925425234627942711e-02,4.918447039569105728e-02,4.910428342138842966e-02,4.901380298029909405e-02,4.891316015148367696e-02,4.880251194339512572e-02,4.868204169562091038e-02,4.855195424339116966e-02,4.841247348514878673e-02,4.826385416408102841e-02,4.810636866135849232e-02,4.794031344888240176e-02,4.776600604524675747e-02,4.758378548267663127e-02,4.739400953923867538e-02,4.719706042904478482e-02,4.699333720941220593e-02,4.678325821323932321e-02,4.656725942961860432e-02,4.634579585667369245e-02,4.611933352255839086e-02,4.588836380794832775e-02,4.565338386659373304e-02,4.541490884089661312e-02,4.517346736866289375e-02,4.492959561642351218e-02,4.468384482042679628e-02,4.443677468499360877e-02,4.418895477813371969e-02,4.394095761683541185e-02,4.369336841501871710e-02,4.344677361752785627e-02,4.320176496971253610e-02,4.295893311559637745e-02,4.271887936817700404e-02,4.248219500617323591e-02,4.224948045415844594e-02,4.202132640878808445e-02,4.179832097499666665e-02,4.158105368677766228e-02,4.137010292816230284e-02,4.116604018847291185e-02,4.096943205212616457e-02,4.078083078964780256e-02,4.060078580539427245e-02,4.042982394333629464e-02,4.026847130799371399e-02,4.011722838479739317e-02,3.997658823100900399e-02,3.984702400397647365e-02,3.972899280667707006e-02,3.962292963153617176e-02,3.952925753651066743e-02,3.944837334583468219e-02,3.938065319095484379e-02,3.932645079887829576e-02,3.928610074445820777e-02,3.925990690605644234e-02,3.924815521569203353e-02,3.925109921925144796e-02,3.926897355238864740e-02,3.930198058027839503e-02,3.935029860945838537e-02,3.941407512632366661e-02,3.949343491501142167e-02,3.958846716917618913e-02,3.969923582052620886e-02,3.982577867205283617e-02,3.996809592734411332e-02,4.012616426901474687e-02,4.029993005085665686e-02,4.048930584209887995e-02,4.069417948091826748e-02,4.091440557693159369e-02,4.114981099876363624e-02,4.140019297376541785e-02,4.166531641937380737e-02,4.194492147572304735e-02,4.223871975550811536e-02,4.254639160276321025e-02,4.286758931432373826e-02,4.320194467754528284e-02,4.354905719009323495e-02,4.390849816521853743e-02,4.427982399393504132e-02,4.466255670123569360e-02,4.505620037856213067e-02,4.546023355182084863e-02,4.587411497864774673e-02,4.629728041607370642e-02,4.672915044780026617e-02,4.716912196569644777e-02,4.761657717782943194e-02,4.807088001522880072e-02,4.853138155431380163e-02,4.899741483455986174e-02,4.946830432103206665e-02,4.994336138294569460e-02,5.042188410547479571e-02,5.090316682256598724e-02,5.138649092146246877e-02,5.187113276495538411e-02,5.235636769570950477e-02,5.284146208495196090e-02
3.694137042974073859e-01,3.681030775584595016e-01,3.667923844059117755e-01,3.654813546142927638e-01,3.641697101543576176e-01,3.628571538567481047e-01,3.615433633741733654e-01,3.602280195640724103e-01,3.589108093341987771e-01,3.575913848398096784e-01,3.562694383710446333e-01,3.549446583999768534e-01,3.536167213428247358e-01,3.522853399925267581e-01,3.509502319647102020e-01,3.496111352793543903e-01,3.482678366540495896e-01,3.469201167255362428e-01,3.455678210520861660e-01,3.442107989781240662e-01,3.428489653262524195e-01,3.414822819327363868e-01,3.401107351228996878e-01,3.387343897659131908e-01,3.373533514280622758e-01,3.359677995049304422e-01,3.345779455247941403e-01,3.331841077147291164e-01,3.317866392331296765e-01,3.303859953783760961e-01,3.289826815663730586e-01,3.275772882469516478e-01,3.261704979896030698e-01,3.247630584882062466e-01,3.233558125428422914e-01,3.219496887368674121e-01,3.205457046004723254e-01,3.191449433802202029e-01,3.177486203732122205e-01,3.163579969280994053e-01,3.149744568122376798e-01,3.135994641764696667e-01,3.122345668566400279e-01,3.108814172045447632e-01,3.095417362843202458e-01,3.082173486460736966e-01,3.069101638479473926e-01,3.056221783959306992e-01,3.043554590054931008e-01,3.031121667040704293e-01,3.018945191858994903e-01,3.007048382163964861e-01,2.995455004293841594e-01,2.984189370153106924e-01,2.973276739323489348e-01,2.962742582428160576e-01,2.952613274161846046e-01,2.942915367616270039e-01,2.933676034417446732e-01,2.924923007144309972e-01,2.916683814425349852e-01,2.908986894116693533e-01,2.901860498140377831e-01,2.895333056043725151e-01,2.889433112334710008e-01,2.884189413112075440e-01,2.879630401008748120e-01,2.875784466631409741e-01,2.872679902157088128e-01,2.870344526982634425e-01,2.868805995829145639e-01,2.868091519926354582e-01,2.868227686400889875e-01,2.869240508053734207e-01,2.871155646569708564e-01,2.873997468733322513e-01,2.877790182301757094e-01,2.882556590480013781e-01,2.888318803745892893e-01,2.895097727302207713e-01,2.902913325451841331e-01,2.911784281280077602e-01,2.921728004725844818e-01,2.932760583496074047e-01,2.944896797300495250e-01,2.958149769610491364e-01,2.972531222431339382e-01,2.988051293815383036e-01,3.004718432447429644e-01,3.022539273624833545e-01,3.041518835456272773e-01,3.061660326763556705e-01,3.082964938629859653e-01,3.105432096072137660e-01,3.129059059549106347e-01,3.153841478594335834e-01,3.179772586073139062e-01,3.206843749749774819e-01,3.235044270875995776e-01,3.264361208654403823e-01,3.294779836104628212e-01,3.326282968913166216e-01,3.358851246301293170e-01,3.392463553190412373e-01,3.427096373248958439e-01,3.462724008079656191e-01,3.499318818893451533e-01,3.536850944927176776e-01,3.575288532409075515e-01,3.614597578620935003e-01,3.654742391024187742e-01,3.695684644193814594e-01,3.737384739930085797e-01,3.779800881736592455e-01,3.822889407779955784e-01,3.866604936420209304e-01,3.910900426827380594e-01,3.955726995407375934e-01,4.001034379203076696e-01,4.046770663611087837e-01,4.092882543764852499e-01,4.139315378209851293e-01,4.186013242431869674e-01,4.232918890109707011e-01,4.279974340798976540e-01,4.327120235799288839e-01,4.374296505129893209e-01,4.421442418971118782e-01,4.468496374487696543e-01,4.515396239845290705e-01,4.562079655688437430e-01,4.608483460628237660e-01,4.654544648516398819e-01,4.700199941352515287e-01,4.745386256719004159e-01,4.790040430087252332e-01,4.834099605257295984e-01,4.877501277441122496e-01,4.920183631278169378e-01,4.962085222606871238e-01,5.003145471789310905e-01,5.043304604873967145e-01,5.082503884596484278e-01,5.120685687841450839e-01,5.157793588639882909e-01,5.193772358789959798e-01,5.228568739988352920e-01,5.262130239369907647e-01,5.294406999910098444e-01,5.325349991680561335e-01,5.354912792417342304e-01,5.383050755117928521e-01,5.409721161096920916e-01,5.434883821101876844e-01,5.458500597182702752e-01,5.480535846953265011e-01,5.500956296455186134e-01,5.519731472561685282e-01,5.536833056896143246e-01,5.552235984640423450e-01,5.565917421701591650e-01,5.577857845865865638e-01,5.588040209632545441e-01,5.596450693730831150e-01,5.603078122429926422e-01,5.607914658837759303e-01,5.610955336460590193e-01,5.612198305389994868e-01,5.611644694165259795e-01,5.609298816694309187e-01,5.605168151873334281e-01,5.599263102418234883e-01,5.591597436008078903e-01,5.582187672800005274e-01,5.571053901897806693e-01,5.558218856387661111e-01,5.543708167231238271e-01,5.527550900918979382e-01,5.509778991886856714e-01,5.490426993573920278e-01,5.469532285791629533e-01,5.447135398439897358e-01,5.423279258555188109e-01,5.398009744754078687e-01,5.371374700611331043e-01,5.343425234647416477e-01,5.314214147364532126e-01,5.283796985613881114e-01,5.252231351696388106e-01,5.219576896402121635e-01,5.185895321762296062e-01,5.151250282380323009e-01,5.115706906571169110e-01,5.079332509658243122e-01,5.042195200273880129e-01,5.004364935204979048e-01,4.965913078787383417e-01,4.926911712657381925e-01,4.887434120128615889e-01,4.847554441386290325e-01,4.807347621522153891e-01,4.766888836532502394e-01,4.726254059629578785e-01,4.685519384295408485e-01,4.644761196555029503e-01,4.604055684516228375e-01,4.563478920473861833e-01,4.523106950595873754e-01,4.483014976343052682e-01,4.443278042692050400e-01,4.403970170664407990e-01,4.365164653995923238e-01,4.326933719027266645e-01,4.289348590912642756e-01,4.252479072590900078e-01,4.216393767202963327e-01,4.181159390942081888e-01,4.146841378992865423e-01,4.113503220921610470e-01,4.081206636761582907e-01,4.050011027229926674e-01,4.019973968866885072e-01,3.991150724991562870e-01,3.963594272326430579e-01,3.937354987025756259e-01,3.912480875163496519e-01,3.889017268776728820e-01,3.867007044486842071e-01,3.846489706345671555e-01,3.827502757834626013e-01,3.810080215425254990e-01,3.794253303970363533e-01,3.780050157209949302e-01,3.767496011960975166e-01,3.756612922725189319e-01,3.747419743903425138e-01,3.739932362910260988e-01,3.734163443865906595e-01,3.730122256843463879e-01,3.727815155971082595e-01,3.727245024192331058e-01,3.728411901014049845e-01,3.731312360455403820e-01,3.735939826766200289e-01,3.742284677940284077e-01,3.750334298629635077e-01,3.760072852489861339e-01,3.771481478741284810e-01,3.784538414421173558e-01,3.799218945932147928e-01,3.815495448463016581e-01,3.833337723978573197e-01,3.852712551707604405e-01,3.873584292837144449e-01,3.895914684575723097e-01,3.919663098102820764e-01,3.944786267402284885e-01,3.971238894164737521e-01,3.998973480277800974e-01,4.027940237936978307e-01,4.058087694909277010e-01,4.089362384096575931e-01,4.121708988598440926e-01,4.155070986363647578e-01,4.189389607778217228e-01,4.224605525822257013e-01,4.260657801012696644e-01,4.297484211265485410e-01,4.335021685016884896e-01,4.373206480060161105e-01,4.411973732686856886e-01,4.451258192137331204e-01,4.490994139163713150e-01,4.531115589087646445e-01,4.571556165773722480e-01,4.612249451248313092e-01,4.653129160815197007e-01,4.694129217767564199e-01,4.735183764454565236e-01,4.776227224890051692e-01,4.817194924540654233e-01,4.858022725806767084e-01,4.898647259201557302e-01,4.939005957048820394e-01,4.979037715856557411e-01,5.018681968804536986e-01,5.057879798684242756e-01,5.096573632020584554e-01,5.134707166659908673e-01,5.172225933740983717e-01,5.209076791424066544e-01,5.245208456592908020e-01,5.280571671270439804e-01,5.315118550244349871e-01,5.348803997079730754e-01,5.381584059328945457e-01,5.413417460200760090e-01,5.444265047068269636e-01,5.474089594917370682e-01,5.502856368507075269e-01,5.530532804425193349e-01,5.557088887532288801e-01,5.582496868459644324e-01,5.606731218119914706e-01,5.629769189103800420e-01,5.651590219614073263e-01,5.672176296277422480e-01,5.691511661176597014e-01,5.709583486748990300e-01,5.726380817933621747e-01,5.741895518423764111e-01,5.756121852874632738e-01,5.769056202052580407e-01,5.780697565394058435e-01,5.791047292648349165e-01,5.800109001598148240e-01,5.807888370135642075e-01,5.814393610738993745e-01,5.819634961890671754e-01,5.823624580635319292e-01,5.826377041038099946e-01,5.827908599450474236e-01,5.828237606900853462e-01,5.827384258003190931e-01,5.825370587284743884e-01,5.822220109539554267e-01,5.817958001527463452e-01,5.812611355907661981e-01,5.806208306234075245e-01,5.798778592166130563e-01,5.790353105439368653e-01,5.780963982397083756e-01,5.770644536469938801e-01,5.759429067582250150e-01,5.747352808333060503e-01,5.734451700456375534e-01,5.720762639661010063e-01,5.706322896913869069e-01,5.691170542742383098e-01,5.675343905658332133e-01,5.658881876507728670e-01,5.641823293177830045e-01,5.624207631482852632e-01,5.606073801347654095e-01,5.587461394709097862e-01,5.568409352582783800e-01,5.548956802691761281e-01,5.529142340026872438e-01,5.509004478258033854e-01,5.488580755537293410e-01,5.467908923049509262e-01,5.447025484112644200e-01,5.425966830650118533e-01,5.404768147123572009e-01,5.383464199409716544e-01,5.362088450330040335e-01,5.340673868231825550e-01,5.319252232806005454e-01,5.297854186948844912e-01,5.276509458995501944e-01,5.255246660791467184e-01,5.234093019876113750e-01,5.213074694853042645e-01,5.192216365872464046e-01,5.171541894638448378e-01,5.151073362556942703e-01,5.130831805087221476e-01,5.110836654277313151e-01,5.091106147156517769e-01,5.071657146973849173e-01,5.052504969719741057e-01,5.033663711696899634e-01,5.015145873800035403e-01,4.996962793996610475e-01,4.979124151836186729e-01,4.961638497984690033e-01,4.944512798094972683e-01,4.927753101113366840e-01,4.911363409058681628e-01,4.895347071368588709e-01,4.879705738357702494e-01,4.864440087830984027e-01,4.849549747518854259e-01,4.835032534726036446e-01,4.820885750948998849e-01,4.807105252771378123e-01,4.793686000377428424e-01,4.780621743960999370e-01,4.767905763725902579e-01,4.755529755438762662e-01,4.743485103472105391e-01,4.731762047347983224e-01,4.720350127391523820e-01,4.709238329092451103e-01,4.698414837089096574e-01,4.687867362518758907e-01,4.677582863964259707e-01,4.667547997804931126e-01,4.657748982113638081e-01,4.648171691379326398e-01,4.638801573423984581e-01,4.629623810320638300e-01,4.620623488253505218e-01,4.611785521291541512e-01,4.603094696682902276e-01,4.594535709220500252e-01,4.586093421200399534e-01,4.577752695588682696e-01,4.569498376472103107e-01,4.561315590559769095e-01,4.553189641450074432e-01,4.545106042751980158e-01,4.537050866760304890e-01,4.529010060401724713e-01,4.520970311561828270e-01,4.512918482988972912e-01,4.504841980685558300e-01,4.496728848266494105e-01,4.488567278704824193e-01,4.480346227884915433e-01,4.472055343139986205e-01,4.463684411282106690e-01,4.455224260807038594e-01,4.446665948512953936e-01,4.438001524929273689e-01,4.429223501021876119e-01,4.420324838848400106e-01
4.547268323974576476e-01,4.541221066717344157e-01,4.534870209054135404e-01,4.528216239958674505e-01,4.521260487341438039e-01,4.514004390627816554e-01,4.506449877764444056e-01,4.498599684949924349e-01,4.490456578673518995e-01,4.482024148151694254e-01,4.473306295022922430e-01,4.464307533354128776e-01,4.455032889719792166e-01,4.445487873634016429e-01,4.435678397474355772e-01,4.425611078512189933e-01,4.415293168207224950e-01,4.404732177393577697e-01,4.393936112768229152e-01,4.382913856209982861e-01,4.371674528857548703e-01,4.360227933020830449e-01,4.348584162561906497e-01,4.336754075032578926e-01,4.324749028808571594e-01,4.312580557764097988e-01,4.300261127893789115e-01,4.287803265755633086e-01,4.275220354507132670e-01,4.262525727320785052e-01,4.249733586273376496e-01,4.236858442762576060e-01,4.223914976984980418e-01,4.210918559744005751e-01,4.197884703303791376e-01,4.184829079206913716e-01,4.171768169735309284e-01,4.158718184711681087e-01,4.145695975469754768e-01,4.132718269513860898e-01,4.119802361416151637e-01,4.106965391426830592e-01,4.094224693301075080e-01,4.081597712551783830e-01,4.069102007207142657e-01,4.056755057576181267e-01,4.044574379477224313e-01,4.032577366905629734e-01,4.020781409257267458e-01,4.009203632294096042e-01,3.997861118644224221e-01,3.986770748112210550e-01,3.975949015125230801e-01,3.965412245640190791e-01,3.955176302897694951e-01,3.945256739022625636e-01,3.935668763011996307e-01,3.926427074277279439e-01,3.917545789306673409e-01,3.909038571373874560e-01,3.900918622696276650e-01,3.893198294008405336e-01,3.885889267620409315e-01,3.879002934820107162e-01,3.872549538201559560e-01,3.866538613997991813e-01,3.860979139094804502e-01,3.855878978660662315e-01,3.851245328851847227e-01,3.847084419216595386e-01,3.843401469881743693e-01,3.840200864192569452e-01,3.837486040140781762e-01,3.835259315519589096e-01,3.833521891219349720e-01,3.832274276998631213e-01,3.831515727325476850e-01,3.831244068151997140e-01,3.831456491873063697e-01,3.832149249977054306e-01,3.833316765999796316e-01,3.834952971491960017e-01,3.837050221962987062e-01,3.839600256758226027e-01,3.842593216505946208e-01,3.846018253114950047e-01,3.849863606910532976e-01,3.854116156923192982e-01,3.858761721699122127e-01,3.863785246354135006e-01,3.869170187141760531e-01,3.874899454220883666e-01,3.880954498583120693e-01,3.887316089125079088e-01,3.893963813617715153e-01,3.900876330409772663e-01,3.908031600995997001e-01,3.915406383797985779e-01,3.922976967680880112e-01,3.930718483171322108e-01,3.938605575392384317e-01,3.946611889827359998e-01,3.954710853379062030e-01,3.962874771691087261e-01,3.971075783357755351e-01,3.979285444934971272e-01,3.987474700632032687e-01,3.995614280179157207e-01,4.003674486089220386e-01,4.011625267475194545e-01,4.019436622761450306e-01,4.027078156665608311e-01,4.034519583228429185e-01,4.041730418463446162e-01,4.048680428896499484e-01,4.055339374920485795e-01,4.061677244815769527e-01,4.067664409571393747e-01,4.073271274432557210e-01,4.078468934254180778e-01,4.083228919242998245e-01,4.087523194022180673e-01,4.091324396838520450e-01,4.094605741177423375e-01,4.097341556910821248e-01,4.099506537026498254e-01,4.101076602774076929e-01,4.102028316036873679e-01,4.102339675179068612e-01,4.101989445013178859e-01,4.100957575285727463e-01,4.099225362863426758e-01,4.096775255238893076e-01,4.093591020527799218e-01,4.089658094182775927e-01,4.084962726706746761e-01,4.079493455337903085e-01,4.073239544409223423e-01,4.066192465560173885e-01,4.058344906614193004e-01,4.049691452568091599e-01,4.040228347969633815e-01,4.029953411101086513e-01,4.018866432008957879e-01,4.006968747050332347e-01,3.994263810729974384e-01,3.980756616762164413e-01,3.966454153454235243e-01,3.951365070696665760e-01,3.935500279099241605e-01,3.918872069568912764e-01,3.901494944416845079e-01,3.883385239227220564e-01,3.864561016773070956e-01,3.845042196340651142e-01,3.824850626172194845e-01,3.804009975512395170e-01,3.782545666518510874e-01,3.760484749528788528e-01,3.737856258581413460e-01,3.714690657220228176e-01,3.691020374457143483e-01,3.666879272639549381e-01,3.642302841258127644e-01,3.617327950433110728e-01,3.591993115644658285e-01,3.566338255894464515e-01,3.540404654555920350e-01,3.514234588820909222e-01,3.487872057391500635e-01,3.461361821059044663e-01,3.434750043495178318e-01,3.408083533925594932e-01,3.381410197193648326e-01,3.354778950393885739e-01,3.328239299986550104e-01,3.301841403986151002e-01,3.275636083646542018e-01,3.249674739805945012e-01,3.224009075344919650e-01,3.198690863592876799e-01,3.173772857392000435e-01,3.149307105319283373e-01,3.125346246871721911e-01,3.101942566283008573e-01,3.079148261555429977e-01,3.057015407949450481e-01,3.035595570662478204e-01,3.014939799554018918e-01,2.995098902001112617e-01,2.976122611636064508e-01,2.958060315879341706e-01,2.940960161697904751e-01,2.924869909437591287e-01,2.909835576509773869e-01,2.895902715956417683e-01,2.883115208444079758e-01,2.871515851139529452e-01,2.861145905940752354e-01,2.852045408369983104e-01,2.844252466159943316e-01,2.837803940013108872e-01,2.832734539772620019e-01,2.829077572649457140e-01,2.826864197230717912e-01,2.826123756874545645e-01,2.826883591071009949e-01,2.829169031861842876e-01,2.833003071386769323e-01,2.838406803606666751e-01,2.845398829072570135e-01,2.853995658668362356e-01,2.864211219973922806e-01,2.876057568968319322e-01,2.889543887203821493e-01,2.904677265435378630e-01,2.921461867248920652e-01,2.939899985717309705e-01,2.959991107831332346e-01,2.981732222263957510e-01,3.005117751451512609e-01,3.030139807873190594e-01,3.056787847113548451e-01,3.085048737958080434e-01,3.114907080245184479e-01,3.146344888669718176e-01,3.179341636953772476e-01,3.213874428542669581e-01,3.249918016850713021e-01,3.287444677539930193e-01,3.326424433216587095e-01,3.366824951474177152e-01,3.408611707979882777e-01,3.451747938034646634e-01,3.496194867016534369e-01,3.541911448288809217e-01,3.588854589018544705e-01,3.636979467320269332e-01,3.686239293395007777e-01,3.736585365524033864e-01,3.787967369448033139e-01,3.840333205510492731e-01,3.893629451232425431e-01,3.947800802796948005e-01,4.002791034519581626e-01,4.058542253994596449e-01,4.114995500615991619e-01,4.172090530875712244e-01,4.229766357355268513e-01,4.287961062936712087e-01,4.346611554642942354e-01,4.405654414114190676e-01,4.465025298867230652e-01,4.524659681412213086e-01,4.584492400018621572e-01,4.644457843293512966e-01,4.704490698714714481e-01,4.764525171384914604e-01,4.824495468240793672e-01,4.884336238036351419e-01,4.943981922717702315e-01,5.003367836886719600e-01,5.062428987328512209e-01,5.121101832284726818e-01,5.179322633352374528e-01,5.237028807934576147e-01,5.294158663660600839e-01,5.350651360546163637e-01,5.406446851633904815e-01,5.461486583770487346e-01,5.515712855728720498e-01,5.569069585647935527e-01,5.621501902906289594e-01,5.672956352630026400e-01,5.723381086525567429e-01,5.772725857057955379e-01,5.820942235412701615e-01,5.867983285871406496e-01,5.913804254771514168e-01,5.958361545866348585e-01,6.001614423533506715e-01,6.043523661497682831e-01,6.084052136685124124e-01,6.123164481696499184e-01,6.160828339128694431e-01,6.197012560259124170e-01,6.231688872531266910e-01,6.264830817664417406e-01,6.296414418515616784e-01,6.326417839351523575e-01,6.354821805592197892e-01,6.381608914967887847e-01,6.406764471479590162e-01,6.430276137138405401e-01,6.452133386178612318e-01,6.472328650947315465e-01,6.490856354498376612e-01,6.507712960473167607e-01,6.522897788078327874e-01,6.536412224939347482e-01,6.548259525965033356e-01,6.558445494079779836e-01,6.566978342500598975e-01,6.573867923526305335e-01,6.579126425318595484e-01,6.582768210496499073e-01,6.584809523738976988e-01,6.585268614632511230e-01,6.584165698366636343e-01,6.581522850142771386e-01,6.577363874553618928e-01,6.571714422086161189e-01,6.564601717374839440e-01,6.556054912356727993e-01,6.546104154044865009e-01,6.534781863862646478e-01,6.522120907256001576e-01,6.508156408786217595e-01,6.492924419102448219e-01,6.476461940312353560e-01,6.458807553228388398e-01,6.440000489490027569e-01,6.420081036701607013e-01,6.399090790659052175e-01,6.377071533821296878e-01,6.354066037136187894e-01,6.330117787878107860e-01,6.305270954641730707e-01,6.279569868515477715e-01,6.253059535257367019e-01,6.225785078045880105e-01,6.197792262925848616e-01,6.169126493181348314e-01,6.139833720523967253e-01,6.109959637554142065e-01,6.079550050928554938e-01,6.048650621142678263e-01,6.017306707406738786e-01,5.985563618540008513e-01,5.953465935775361650e-01,5.921058240778738213e-01,5.888384536312772921e-01,5.855488169913557472e-01,5.822411947532627474e-01,5.789198186512309885e-01,5.755888355205400764e-01,5.722523078947685526e-01,5.689142342142212705e-01,5.655785147162284421e-01,5.622489770158602962e-01,5.589293337024087149e-01,5.556232116712078728e-01,5.523341133049481932e-01,5.490654720623071583e-01,5.458205667266777805e-01,5.426026053145214245e-01,5.394146570686253472e-01,5.362596787452561520e-01,5.331405095436985153e-01,5.300598412376539281e-01,5.270203081428423975e-01,5.240243261637712591e-01,5.210742691174446994e-01,5.181723292176466655e-01,5.153206039920137371e-01,5.125210345447986926e-01,5.097754770262468149e-01,5.070855937019925763e-01,5.044530066301207150e-01,5.018791316493852461e-01,4.993652899370842335e-01,4.969126964007916092e-01,4.945224071252862230e-01,4.921953882322883667e-01,4.899324710008970407e-01,4.877343714407678110e-01,4.856016926438699866e-01,4.835349038949988687e-01,4.815344069306179420e-01,4.796004398416476855e-01,4.777331775852045048e-01,4.759326943441362645e-01,4.741989220695596585e-01,4.725317306387809557e-01,4.709309058308253082e-01,4.693960844435322022e-01,4.679269009339311891e-01,4.665228356458864245e-01,4.651833314072898462e-01,4.639077064620595325e-01,4.626952821979324337e-01,4.615452303591178196e-01,4.604567130404990660e-01,4.594288034707238455e-01,4.584605181084860925e-01,4.575508046872032164e-01,4.566986231859941903e-01,4.559027968436283884e-01,4.551621605083724376e-01,4.544754869047533119e-01,4.538415361165050177e-01,4.532589917780631139e-01,4.527265447909868956e-01,4.522428325672877003e-01,4.518064913940177951e-01,4.514161100625733725e-01,4.510702823669159867e-01,4.507675550274996001e-01,4.505064978628719463e-01,4.502856502193711696e-01,4.501035467640990828e-01,4.499587067813021757e-01,4.498496620753599240e-01,4.497749312164941449e-01,4.497330579746197654e-01,4.497225344554901527e-01,4.497419187752431657e-01,4.497897432967074005e-01,4.498645584639293649e-01,4.499649096781360158e-01,4.500893669053032120e-01,4.502365159842015019e-01,4.504049359965265342e-01,4.505932534914073306e-01,4.508000751121182259e-01,4.510240343305664812e-01,4.512638070699078185e-01
4.349644963276496634e-01,4.342955107037274054e-01,4.335171804290920972e-01,4.326294374498138029e-01,4.316324597467884328e-01,4.305266306440893032e-01,4.293125976627411022e-01,4.279912161845331187e-01,4.265635422200514948e-01,4.250309192047822537e-01,4.233948489492692091e-01,4.216570952313342113e-01,4.198196288123019482e-01,4.178846183654653101e-01,4.158544839009027938e-01,4.137318030597091911e-01,4.115194150256467065e-01,4.092202739459472327e-01,4.068376197331278199e-01,4.043748078697252391e-01,4.018354095510509594e-01,3.992231524538300547e-01,3.965419477071718823e-01,3.937958423893914706e-01,3.909890721440729133e-01,3.881259708568164379e-01,3.852110484081663344e-01,3.822489087501283467e-01,3.792443182819658642e-01,3.762021018799802663e-01,3.731272072007233986e-01,3.700247029563904499e-01,3.668996910819790069e-01,3.637573696675597268e-01,3.606030042126666113e-01,3.574418885936402890e-01,3.542793813464960584e-01,3.511208666335005057e-01,3.479717485219995798e-01,3.448374371334583244e-01,3.417233594371251182e-01,3.386348926498280454e-01,3.355774632577059879e-01,3.325563902580918052e-01,3.295770069293963433e-01,3.266445730565804006e-01,3.237642855917981510e-01,3.209412809771541308e-01,3.181806179951960356e-01,3.154872482401239742e-01,3.128660395156196983e-01,3.103217361777347305e-01,3.078589788293376039e-01,3.054822707565176265e-01,3.031960067527378899e-01,3.010043865487818660e-01,2.989115071109298416e-01,2.969212844266765905e-01,2.950374818826225209e-01,2.932636650076185236e-01,2.916032499177443893e-01,2.900594329386596559e-01,2.886352617312185620e-01,2.873335362573036789e-01,2.861569028089829270e-01,2.851077657584287772e-01,2.841883355282828760e-01,2.834005992400090990e-01,2.827463334967573738e-01,2.822270784171540536e-01,2.818441669391579252e-01,2.815987098395965060e-01,2.814915572775008590e-01,2.815233634141167673e-01,2.816945446492859495e-01,2.820052822341594378e-01,2.824555321152258935e-01,2.830450102717663174e-01,2.837732091730267303e-01,2.846394156878097048e-01,2.856426618364650838e-01,2.867817714493601233e-01,2.880553601010260589e-01,2.894617917019163267e-01,2.909992540930478877e-01,2.926657115811274190e-01,2.944589167307223310e-01,2.963764430717052423e-01,2.984156404249352912e-01,3.005737103041172809e-01,3.028476198119942064e-01,3.052341970815715122e-01,3.077301005565287739e-01,3.103317833533606462e-01,3.130356095953878426e-01,3.158377393330782934e-01,3.187341990147938842e-01,3.217208951035997466e-01,3.247936181097140218e-01,3.279480096833549130e-01,3.311796210841434496e-01,3.344839054033688641e-01,3.378562138108932578e-01,3.412918321253748388e-01,3.447859374632236684e-01,3.483336806833945420e-01,3.519301419709650047e-01,3.555703526206112630e-01,3.592492858740747308e-01,3.629619225048885678e-01,3.667032138362658067e-01,3.704680777921971480e-01,3.742514665247306249e-01,3.780483198553247215e-01,3.818535796098129209e-01,3.856622576689401893e-01,3.894693608672949448e-01,3.932699413623242379e-01,3.970591420987774067e-01,4.008321050473476754e-01,4.045840894178045488e-01,4.083104225695959322e-01,4.120064991246251140e-01,4.156678074875245765e-01,4.192899550437600431e-01,4.228686234178737902e-01,4.263996392418313297e-01,4.298789135556036478e-01,4.333025119223702371e-01,4.366666104158632433e-01,4.399675418424117690e-01,4.432017499491787138e-01,4.463658616432634729e-01,4.494566229677816049e-01,4.524709584367423987e-01,4.554059452759201543e-01,4.582587923558908982e-01,4.610269242462745054e-01,4.637079141125360349e-01,4.662994912652261847e-01,4.687995800360977294e-01,4.712062750013073509e-01,4.735178420636143026e-01,4.757327136226113251e-01,4.778495388716774706e-01,4.798671035850838873e-01,4.817843859226914049e-01,4.836005626167350080e-01,4.853149602875846957e-01,4.869271134531172329e-01,4.884366874350563048e-01,4.898435759671386225e-01,4.911478112326838064e-01,4.923495868282507515e-01,4.934493080615131033e-01,4.944474988644135816e-01,4.953448544585365987e-01,4.961422521334452607e-01,4.968407141633843782e-01,4.974413908785686456e-01,4.979456148019370532e-01,4.983548341303565277e-01,4.986706525832939052e-01,4.988947892300971687e-01,4.990291008879609302e-01,4.990755769694698030e-01,4.990363243566535156e-01,4.989135429684293244e-01,4.987095468903760542e-01,4.984267761613354053e-01,4.980677323642079823e-01,4.976350389567620880e-01,4.971313812989757164e-01,4.965595331787841515e-01,4.959223393089830512e-01,4.952227018012964610e-01,4.944635986121443394e-01,4.936480563716267311e-01,4.927791408867074341e-01,4.918599867944692394e-01,4.908937274364818526e-01,4.898835517436022080e-01,4.888326740000121795e-01,4.877443103237327215e-01,4.866217146857312326e-01,4.854681178105854644e-01,4.842867787841886873e-01,4.830809401084265042e-01,4.818538347219502027e-01,4.806086856453987144e-01,4.793486938857309254e-01,4.780770383958543035e-01,4.767968676601483935e-01,4.755112910528572212e-01,4.742233912772608750e-01,4.729362101825783649e-01,4.716527215058620714e-01,4.703758545538048175e-01,4.691085059417749448e-01,4.678534964306780286e-01,4.666135918936996085e-01,4.653914763872079030e-01,4.641897903918774659e-01,4.630110973335128666e-01,4.618578735601611140e-01,4.607325505054322701e-01,4.596374303101582459e-01,4.585747811059839307e-01,4.575467844351620017e-01,4.565555183275153972e-01,4.556029917148788355e-01,4.546911114846295954e-01,4.538217178496351534e-01,4.529965557596938308e-01,4.522172780221828114e-01,4.514854442376065591e-01,4.508025356946133155e-01,4.501699181076500578e-01,4.495889278970580105e-01,4.490607428770699849e-01,4.485864835398266637e-01,4.481671707663243409e-01,4.478037626777852109e-01,4.474970841702183844e-01,4.472479232462386323e-01,4.470569490344706853e-01,4.469247560928343299e-01,4.468518378800388491e-01,4.468386298767850762e-01,4.468854869017592213e-01,4.469926565531496254e-01,4.471603246488447536e-01,4.473885902899077394e-01,4.476775091985469857e-01,4.480270048015654316e-01,4.484369903569144222e-01,4.489072568613944880e-01,4.494375586068422024e-01,4.500275693285936129e-01,4.506768885610265563e-01,4.513850794251553222e-01,4.521516075844999594e-01,4.529758907279088365e-01,4.538573179858600981e-01,4.547951685684063494e-01,4.557887054969117502e-01,4.568371313542135548e-01,4.579395712358836357e-01,4.590951338944981308e-01,4.603028513985178427e-01,4.615617276222610532e-01,4.628707109437373846e-01,4.642287193732394512e-01,4.656345938491305847e-01,4.670871676638199688e-01,4.685852252719153732e-01,4.701275010474377791e-01,4.717127050584822845e-01,4.733394837435329627e-01,4.750065008479624207e-01,4.767123314230455877e-01,4.784555481764091733e-01,4.802346661627615032e-01,4.820482024756942985e-01,4.838946033993369311e-01,4.857723292244144897e-01,4.876797671375991960e-01,4.896153159107953234e-01,4.915773115032490703e-01,4.935640890786121004e-01,4.955739391626637902e-01,4.976051339993074474e-01,4.996559250678271336e-01,5.017245383837534156e-01,5.038091539418133591e-01,5.059079573281552999e-01,5.080191019333898383e-01,5.101407176688192990e-01,5.122709127499909254e-01,5.144077534585898004e-01,5.165493450338369819e-01,5.186936750349346870e-01,5.208388115709817745e-01,5.229827461257356980e-01,5.251234657815639917e-01,5.272589517000699777e-01,5.293871395106971578e-01,5.315059710687738415e-01,5.336133818694236419e-01,5.357072850792126140e-01,5.377855545903991175e-01,5.398460877601141128e-01,5.418867471977043548e-01,5.439054056437959694e-01,5.458999148092806841e-01,5.478681322270173570e-01,5.498078799137328110e-01,5.517170269137241512e-01,5.535933665265598824e-01,5.554347686142999674e-01,5.572390559511100072e-01,5.590040803556961535e-01,5.607276626446139334e-01,5.624076881269419736e-01,5.640419901961294391e-01,5.656284366663574259e-01,5.671649407757921590e-01,5.686493788714076514e-01,5.700796690900584718e-01,5.714537904465128992e-01,5.727696516970892660e-01,5.740252942745638354e-01,5.752187251260660883e-01,5.763479853135238251e-01,5.774111836418426291e-01,5.784064170671363581e-01,5.793318762959978052e-01,5.801857779299838258e-01,5.809663754585667750e-01,5.816719787411348541e-01,5.823009554351078476e-01,5.828517338099038492e-01,5.833227797561105765e-01,5.837126752406830432e-01,5.840200046162012937e-01,5.842434606864452817e-01,5.843817892237077594e-01,5.844338613553748951e-01,5.843985766387906899e-01,5.842749194833083415e-01,5.840619948438386944e-01,5.837589694564309095e-01,5.833651043630975197e-01,5.828797988639542460e-01,5.823024803439448283e-01,5.816327218688129852e-01,5.808702007840945702e-01,5.800146719957026686e-01,5.790660357541445036e-01,5.780242866482273589e-01,5.768895243970753040e-01,5.756619604695036863e-01,5.743419623712092692e-01,5.729299634382155615e-01,5.714265505828743930e-01,5.698324348224911295e-01,5.681484208234711675e-01,5.663754589742476808e-01,5.645146285574206280e-01,5.625671150493617434e-01,5.605342521829246305e-01,5.584174757395757860e-01,5.562183462908917297e-01,5.539385742888192077e-01,5.515799775530053628e-01,5.491444859432615955e-01,5.466341822025374553e-01,5.440512300200733842e-01,5.413979483000261883e-01,5.386767570577524200e-01,5.358901768412329680e-01,5.330408734799527704e-01,5.301315854392837368e-01,5.271652035587611751e-01,5.241446711357322652e-01,5.210730690290753531e-01,5.179535699823831774e-01,5.147894161467193586e-01,5.115839793394307833e-01,5.083406687561297099e-01,5.050630145869526855e-01,5.017545928099655939e-01,4.984190652281003664e-01,4.950601619948292731e-01,4.916816434255069090e-01,4.882873770287317061e-01,4.848812278242393137e-01,4.814671136194455525e-01,4.780490174214247490e-01,4.746309074973600883e-01,4.712168113628528165e-01,4.678107682665151312e-01,4.644168001103359811e-01,4.610389580759539085e-01,4.576812805498288173e-01,4.543477985703398003e-01,4.510425238815474747e-01,4.477694322240690084e-01,4.445324846118453022e-01,4.413355787961994459e-01,4.381826018235857045e-01,4.350773542955907458e-01,4.320235847596138878e-01,4.290249793854141735e-01,4.260851409868752215e-01,4.232075900664086787e-01,4.203957787957896541e-01,4.176530205194635137e-01,4.149825776930997079e-01,4.123875478407243445e-01,4.098709676508642263e-01,4.074356962217154376e-01,4.050845152927439741e-01,4.028200419832440038e-01,4.006447542189566224e-01,3.985609973509248727e-01,3.965709565934388836e-01,3.946766574282684070e-01,3.928799743003195122e-01,3.911826144418054652e-01,3.895861082536806741e-01,3.880918054524897798e-01,3.867009109838424608e-01,3.854144156114922559e-01,3.842331404322070210e-01,3.831577268629333122e-01,3.821886134444081318e-01,3.813260605514626200e-01,3.805701293809315433e-01,3.799206781111907349e-01,3.793773983104581915e-01,3.789397577629121106e-01,3.786070583058849803e-01,3.783783770109066524e-01,3.782526227598286273e-01,3.782284937617761411e-01,3.783045094152639454e-01
4.671685931330096242e-01,4.686701138779066911e-01,4.702619839057058382e-01,4.719421265518846664e-01,4.737083864396741673e-01,4.755584854466137767e-01,4.774900638271441511e-01,4.795006565816762878e-01,4.815876901076306393e-01,4.837485108533609024e-01,4.859803901231065093e-01,4.882804958887698166e-01,4.906459056420610088e-01,4.930736503094681478e-01,4.955606446909092133e-01,4.981037777362571917e-01,5.006998201719826680e-01,5.033455317007305974e-01,5.060375723126941949e-01,5.087725790994978015e-01,5.115470881627713906e-01,5.143576680526743550e-01,5.172007691476685487e-01,5.200728748087882769e-01,5.229703705168858852e-01,5.258896696624248968e-01,5.288271319357694678e-01,5.317791161013623036e-01,5.347419655724664489e-01,5.377120320338422133e-01,5.406856354032477663e-01,5.436591402462616074e-01,5.466288948014120797e-01,5.495912748531027736e-01,5.525426677397160535e-01,5.554795049345525593e-01,5.583982309644526243e-01,5.612953515370449065e-01,5.641673845332619841e-01,5.670109365633427823e-01,5.698226218445113789e-01,5.725991424305345578e-01,5.753372551390603107e-01,5.780338013112346074e-01,5.806856878772113095e-01,5.832898887252856435e-01,5.858434708652084932e-01,5.883435918366900497e-01,5.907874840337374867e-01,5.931725124849649422e-01,5.954961060240205883e-01,5.977558350058979064e-01,5.999493327079951088e-01,6.020743892751856396e-01,6.041288936386303154e-01,6.061108611266307067e-01,6.080183965666962065e-01,6.098497791808342727e-01,6.116033767128231657e-01,6.132777354796045133e-01,6.148714730666301476e-01,6.163833982861079974e-01,6.178124174050484418e-01,6.191575927506935972e-01,6.204181266347505996e-01,6.215933702644345082e-01,6.226827942541448557e-01,6.236860269501947052e-01,6.246028214620991115e-01,6.254331150962317842e-01,6.261769521449915832e-01,6.268345256673998334e-01,6.274061838421247650e-01,6.278923789123749266e-01,6.282937593829596157e-01,6.286110616123553596e-01,6.288451725122966574e-01,6.289971272218936038e-01,6.290680820945796503e-01,6.290593217089430755e-01,6.289722681517124769e-01,6.288084484906086846e-01,6.285695140453299024e-01,6.282572558518046968e-01,6.278735563525600361e-01,6.274204124638395053e-01,6.268999287272687404e-01,6.263143270071133140e-01,6.256658670275616618e-01,6.249570094473603232e-01,6.241901837410614995e-01,6.233679780347237687e-01,6.224930350872702745e-01,6.215680724195011830e-01,6.205958746499414813e-01,6.195792896569974895e-01,6.185212095616079431e-01,6.174245825570580104e-01,6.162924275927142981e-01,6.151277653929760891e-01,6.139336529690253563e-01,6.127132074827956743e-01,6.114695322231123997e-01,6.102057693413180939e-01,6.089250304021516236e-01,6.076304829492930049e-01,6.063252641999375969e-01,6.050124745150303740e-01,6.036952629326887143e-01,6.023766895534125032e-01,6.010598266937660084e-01,5.997477143731724247e-01,5.984433258578308878e-01,5.971495990748881821e-01,5.958694478601875844e-01,5.946057026807085588e-01,5.933611288470421741e-01,5.921384576705946978e-01,5.909402950082267569e-01,5.897692074600653367e-01,5.886276939584900170e-01,5.875181316822757349e-01,5.864428080857829739e-01,5.854039589339333771e-01,5.844036640951660866e-01,5.834439391594287150e-01,5.825266601389358367e-01,5.816536541781053282e-01,5.808265653655294569e-01,5.800469760292035204e-01,5.793162986736004605e-01,5.786358862088128996e-01,5.780069145433879285e-01,5.774304481624507046e-01,5.769074750366937065e-01,5.764387684645545518e-01,5.760250351497805399e-01,5.756668455084568148e-01,5.753646301195464163e-01,5.751186704924644566e-01,5.749291544662632480e-01,5.747961227965920905e-01,5.747194870327182459e-01,5.746990217537097934e-01,5.747343968435809636e-01,5.748251159167797608e-01,5.749706226483960458e-01,5.751701722794894112e-01,5.754229542539627262e-01,5.757279839124234133e-01,5.760842232653471395e-01,5.764904601239162485e-01,5.769454257370391081e-01,5.774477282250595200e-01,5.779958406137448712e-01,5.785882040779067870e-01,5.792230970903595733e-01,5.798987758695528516e-01,5.806133360848250158e-01,5.813648470460291984e-01,5.821512753387887429e-01,5.829705495138071125e-01,5.838204876480921346e-01,5.846988664847166950e-01,5.856034181636335934e-01,5.865318018601508587e-01,5.874816441852117599e-01,5.884505232100952776e-01,5.894359965748597885e-01,5.904355891332622175e-01,5.914467999417927224e-01,5.924670940423620857e-01,5.934939443986047003e-01,5.945248325622114471e-01,5.955572162783386858e-01,5.965885547826147439e-01,5.976163484918560753e-01,5.986380768750457770e-01,5.996512737673400650e-01,6.006534942968823065e-01,6.016423247471485158e-01,6.026153946593195698e-01,6.035703659635542895e-01,6.045049737057069938e-01,6.054169847540802341e-01,6.063042226784299826e-01,6.071646389580591663e-01,6.079961566336430367e-01,6.087968634570321003e-01,6.095648651875744672e-01,6.102983773937034062e-01,6.109956926577509995e-01,6.116552097518720421e-01,6.122754075129088758e-01,6.128548761076062501e-01,6.133922940694315207e-01,6.138864316778653851e-01,6.143362056755703460e-01,6.147406081260196054e-01,6.150987811968152696e-01,6.154099136397993552e-01,6.156733695550197227e-01,6.158886164468020397e-01,6.160552238723395746e-01,6.161728976024805071e-01,6.162414326785620178e-01,6.162608160480265163e-01,6.162310660885550462e-01,6.161523857585394781e-01,6.160250563462692508e-01,6.158495126683084520e-01,6.156262884238500321e-01,6.153560460176890068e-01,6.150395506350833097e-01,6.146776944805811826e-01,6.142714872402141868e-01,6.138220232973767843e-01,6.133305479762981571e-01,6.127983810690957878e-01,6.122269369509418802e-01,6.116177631393764358e-01,6.109724945964486453e-01,6.102928542438269544e-01,6.095806299787212001e-01,6.088377677924192710e-01,6.080662449445344286e-01,6.072680860585670803e-01,6.064454690546521309e-01,6.056006007618318643e-01,6.047357419545327240e-01,6.038532361435082763e-01,6.029554862786548064e-01,6.020449290955711685e-01,6.011240534742801067e-01,6.001953924630057946e-01,5.992615314408585858e-01,5.983250530345466389e-01,5.973886041096654331e-01,5.964548294878034840e-01,5.955263715139181846e-01,5.946059304191776418e-01,5.936961694050543192e-01,5.927997715866448747e-01,5.919194160954946993e-01,5.910577695272050125e-01,5.902174668298254545e-01,5.894011105064649314e-01,5.886113314137287889e-01,5.878506601938294773e-01,5.871216401965121401e-01,5.864267566578367230e-01,5.857684358527797119e-01,5.851490643738376241e-01,5.845709726083845315e-01,5.840364299429093853e-01,5.835476311794581816e-01,5.831066964581236300e-01,5.827156916665579001e-01,5.823766049336577266e-01,5.820913002474589204e-01,5.818616181628278872e-01,5.816892511622439033e-01,5.815758483001541856e-01,5.815229358565211504e-01,5.815319417962908632e-01,5.816041962051534675e-01,5.817409368916264256e-01,5.819432698069776366e-01,5.822122238981627396e-01,5.825486670675543710e-01,5.829534348551025369e-01,5.834271740986771704e-01,5.839704403687747680e-01,5.845837083385135857e-01,5.852672778706119461e-01,5.860213457131725479e-01,5.868460326887574574e-01,5.877413011370247187e-01,5.887069914302148765e-01,5.897428552478580777e-01,5.908485154544976803e-01,5.920234524319216707e-01,5.932670604138080561e-01,5.945785858369946331e-01,5.959572241272266258e-01,5.974019642078199910e-01,5.989117850303369295e-01,6.004854702028888935e-01,6.021217516193888564e-01,6.038192048942400136e-01,6.055763661377195906e-01,6.073916191888814042e-01,6.092632749717725726e-01,6.111895260936680563e-01,6.131685048482599099e-01,6.151982159018409835e-01,6.172766149469579577e-01,6.194015569555160194e-01,6.215708013069881632e-01,6.237820575315958793e-01,6.260329712717263018e-01,6.283210522238446005e-01,6.306438285116167108e-01,6.329987197927414710e-01,6.353830936327733436e-01,6.377942844825903457e-01,6.402295548959040516e-01,6.426861048410947852e-01,6.451611576584258545e-01,6.476518285086378945e-01,6.501552454726313712e-01,6.526684878962452085e-01,6.551886262669178729e-01,6.577126677961474543e-01,6.602376568878020047e-01,6.627605933142683980e-01,6.652784929045758577e-01,6.677883469976165776e-01,6.702871584396564719e-01,6.727719174417982062e-01,6.752396343604887274e-01,6.776873392102459315e-01,6.801120783152211358e-01,6.825108989055332920e-01,6.848808813269892104e-01,6.872191173538740872e-01,6.895227936543306679e-01,6.917890413558771545e-01,6.940150897238573924e-01,6.961981689380004612e-01,6.983356138945303604e-01,7.004247345021247240e-01,7.024629432796635209e-01,7.044476653982809644e-01,7.063764268572323424e-01,7.082467808311850854e-01,7.100563320292373470e-01,7.118027991350711625e-01,7.134839024105857908e-01,7.150974855707723510e-01,7.166414142653667607e-01,7.181136672701206036e-01,7.195122777466619324e-01,7.208353612395457244e-01,7.220810916596441809e-01,7.232477654454133598e-01,7.243337134402239030e-01,7.253373609170108427e-01,7.262572422006233763e-01,7.270919408070082302e-01,7.278401399518148462e-01,7.285006024695570570e-01,7.290722137167073846e-01,7.295538782158306201e-01,7.299446422557855918e-01,7.302436196196653295e-01,7.304500336011993111e-01,7.305631748363415889e-01,7.305823861761154836e-01,7.305072063143529526e-01,7.303371378708269912e-01,7.300718783753094021e-01,7.297111268535634299e-01,7.292547271753022642e-01,7.287026003304782895e-01,7.280547343327254950e-01,7.273112237558189141e-01,7.264722460218961952e-01,7.255380526552569487e-01,7.245089975126657311e-01,7.233855058328808596e-01,7.221681034348469419e-01,7.208573471968031665e-01,7.194539575575782386e-01,7.179586623419919045e-01,7.163723175146051725e-01,7.146958149686630790e-01,7.129301792450121189e-01,7.110764324582740104e-01,7.091357728056215670e-01,7.071093696028993847e-01,7.049985441493827887e-01,7.028046517637028812e-01,7.005291228051251373e-01,6.981734455953096941e-01,6.957392078043015404e-01,6.932280240380035430e-01,6.906416192282606170e-01,6.879817348133571153e-01,6.852502112018277192e-01,6.824489000806818195e-01,6.795798006830940929e-01,6.766448631360446608e-01,6.736461689987013335e-01,6.705858334065000204e-01,6.674660239354747171e-01,6.642889385246856238e-01,6.610568637955597238e-01,6.577720985041324298e-01,6.544370206588534522e-01,6.510540273289400215e-01,6.476255839161908501e-01,6.441541664868521977e-01,6.406423185548696386e-01,6.370926232611641149e-01,6.335076553400728061e-01,6.298900790948011030e-01,6.262425796939043998e-01,6.225678396233726986e-01,6.188686203317631529e-01,6.151476865703909835e-01,6.114078194580085945e-01,6.076518551381149269e-01,6.038826118253916020e-01,6.001029403212172486e-01,5.963157479576866038e-01,5.925238988021473974e-01,5.887303027824364321e-01,5.849379038824895627e-01,5.811496002951447304e-01,5.773683498655841628e-01,5.735970765732774090e-01,5.698387430638908180e-01,5.660962873791567374e-01,5.623726513539331062e-01,5.586707848575934721e-01,5.549935989078551568e-01
1.739755225116375870e-01,1.746632277420162582e-01,1.753592090283596083e-01,1.760630317228502328e-01,1.767742401720923950e-01,1.774923372832505342e-01,1.782167999909174683e-01,1.789470634078924594e-01,1.796825437488100696e-01,1.804226220509531353e-01,1.811666479074416636e-01,1.819139467995523896e-01,1.826638209179957117e-01,1.834155363498631286e-01,1.841683483538061883e-01,1.849214786954381518e-01,1.856741343675247513e-01,1.864255042093480308e-01,1.871747485668100175e-01,1.879210258266295619e-01,1.886634756229779719e-01,1.894012180457714245e-01,1.901333667448644182e-01,1.908590287398870822e-01,1.915773111955843822e-01,1.922872897645917234e-01,1.929880738839223342e-01,1.936787391012000370e-01,1.943583881870746266e-01,1.950261099316288882e-01,1.956810064071056177e-01,1.963221844021053875e-01,1.969487617622593112e-01,1.975598680439642763e-01,1.981546442127698204e-01,1.987322530227293438e-01,1.992918669383563490e-01,1.998326799339565085e-01,2.003539216548166080e-01,2.008548249615915993e-01,2.013346584931136052e-01,2.017927227117974898e-01,2.022283370242799194e-01,2.026408563467484159e-01,2.030296779341290991e-01,2.033942122295866184e-01,2.037339280751440662e-01,2.040483139846598071e-01,2.043369145786897434e-01,2.045992927602708344e-01,2.048350729077414167e-01,2.050439101697955624e-01,2.052255066393831873e-01,2.053796076136553128e-01,2.055060046324807266e-01,2.056045311520153240e-01,2.056750761714798981e-01,2.057175685244316266e-01,2.057319813934576636e-01,2.057183462921546857e-01,2.056767307892984897e-01,2.056072565751666248e-01,2.055100955470492707e-01,2.053854604354232449e-01,2.052336243256236425e-01,2.050548903396308131e-01,2.048496162762734329e-01,2.046182110172549140e-01,2.043611252159969749e-01,2.040788527728475410e-01,2.037719278438200055e-01,2.034409364168943968e-01,2.030865013612208336e-01,2.027092904906891979e-01,2.023099961955039661e-01,2.018893651675825462e-01,2.014481813877663785e-01,2.009872531481552427e-01,2.005074211643264048e-01,2.000095705910234778e-01,1.994946046318759603e-01,1.989634612769877742e-01,1.984171001234823484e-01,1.978565111443288116e-01,1.972827011192314073e-01,1.966966935823147300e-01,1.960995379138506800e-01,1.954923017278956954e-01,1.948760551782900419e-01,1.942518863929133532e-01,1.936208918361242981e-01,1.929841774688199618e-01,1.923428528624690770e-01,1.916980267844959618e-01,1.910508113637038596e-01,1.904023154052996158e-01,1.897536465204889278e-01,1.891058987783356959e-01,1.884601634378934298e-01,1.878175250138268415e-01,1.871790489185842510e-01,1.865457797182022981e-01,1.859187567456724033e-01,1.852989887328426732e-01,1.846874750400097076e-01,1.840851813158961015e-01,1.834930614270382787e-01,1.829120256265717726e-01,1.823429609158759568e-01,1.817867366318934308e-01,1.812441750748468028e-01,1.807160727320868687e-01,1.802031835487475919e-01,1.797062436951454845e-01,1.792259245785429167e-01,1.787628892751020604e-01,1.783177406184728309e-01,1.778910484011456128e-01,1.774833420793029137e-01,1.770951068485083768e-01,1.767267807608008112e-01,1.763787721311562973e-01,1.760514340904468511e-01,1.757450850422194455e-01,1.754599917193963854e-01,1.751963773325688478e-01,1.749544275289060258e-01,1.747342754834536882e-01,1.745360211601629796e-01,1.743597060443263791e-01,1.742053487170688031e-01,1.740729078291165244e-01,1.739623072023522288e-01,1.738734340247234944e-01,1.738061249815346931e-01,1.737601868405281025e-01,1.737353800642082169e-01,1.737314396028022123e-01,1.737480486663037782e-01,1.737848688007537223e-01,1.738415248376561917e-01,1.739176056702348427e-01,1.740126689787236114e-01,1.741262531132078129e-01,1.742578525889354191e-01,1.744069551112599481e-01,1.745730107701576050e-01,1.747554544993240588e-01,1.749536954922923937e-01,1.751671262022141684e-01,1.753951204391979157e-01,1.756370429150904133e-01,1.758922398289090305e-01,1.761600483277406815e-01,1.764397944329467449e-01,1.767307973866730775e-01,1.770323709578373317e-01,1.773438326177663449e-01,1.776644867498792801e-01,1.779936379426169391e-01,1.783306076855484534e-01,1.786747095916020878e-01,1.790252607287955433e-01,1.793815923332040541e-01,1.797430460142306341e-01,1.801089681196892389e-01,1.804787227576299946e-01,1.808516829819166727e-01,1.812272483391402789e-01,1.816048246087987872e-01,1.819838389462310191e-01,1.823637388623813305e-01,1.827439962125668171e-01,1.831241032371863087e-01,1.835035707345379630e-01,1.838819467192953361e-01,1.842587891424568025e-01,1.846336887264558024e-01,1.850062714365854066e-01,1.853761763594840850e-01,1.857430785496006764e-01,1.861066811531776333e-01,1.864667214238283355e-01,1.868229552196348786e-01,1.871751712446857452e-01,1.875231978260566701e-01,1.878668786016143566e-01,1.882060940520033643e-01,1.885407544259648238e-01,1.888707921328187933e-01,1.891961817840929483e-01,1.895169116900904949e-01,1.898330080978228585e-01,1.901445144076911176e-01,1.904515085990352574e-01,1.907540879008547130e-01,1.910523820460147126e-01,1.913465334333742662e-01,1.916367115114351871e-01,1.919231146073333560e-01,1.922059467699405444e-01,1.924854390036106755e-01,1.927618426865793932e-01,1.930354148159529604e-01,1.933064382177922258e-01,1.935752004381081637e-01,1.938420068723601120e-01,1.941071631566132494e-01,1.943709930580784506e-01,1.946338282658605923e-01,1.948959917926207930e-01,1.951578274095270571e-01,1.954196679915581325e-01,1.956818524104965429e-01,1.959447061182276462e-01,1.962085785835021301e-01,1.964737840892421261e-01,1.967406423575365770e-01,1.970094666122446381e-01,1.972805651980996389e-01,1.975542165299584985e-01,1.978306995467787877e-01,1.981102800608474102e-01,1.983931935895130172e-01,1.986796699475717465e-01,1.989699247319317299e-01,1.992641321221960693e-01,1.995624649486222868e-01,1.998650575440681643e-01,2.001720327048256698e-01,2.004834796096073013e-01,2.007994611542562868e-01,2.011200180181549613e-01,2.014451514212818040e-01,2.017748491020673052e-01,2.021090606797538713e-01,2.024476957382120856e-01,2.027906548114819518e-01,2.031377835558274836e-01,2.034889184323563360e-01,2.038438372916024088e-01,2.042023132993243395e-01,2.045640706739484116e-01,2.049288037567610909e-01,2.052961782192606610e-01,2.056658279174053972e-01,2.060373575568285043e-01,2.064103244988933772e-01,2.067842723383652159e-01,2.071587237128753589e-01,2.075331452979693181e-01,2.079070004629957058e-01,2.082797026824459996e-01,2.086506580461976179e-01,2.090192368870739115e-01,2.093847925900695350e-01,2.097466480069559158e-01,2.101041137750002952e-01,2.104564713614609783e-01,2.108029898788384982e-01,2.111429170676216438e-01,2.114754854065566403e-01,2.117999274846049107e-01,2.121154413999666033e-01,2.124212327705253534e-01,2.127164849875228247e-01,2.130003928104053368e-01,2.132721323732146568e-01,2.135308779152222114e-01,2.137758146067052778e-01,2.140061158230341654e-01,2.142209680385646908e-01,2.144195569215259778e-01,2.146010772011285872e-01,2.147647405026181511e-01,2.149097585447987402e-01,2.150353641199583277e-01,2.151408098151016135e-01,2.152253517247001424e-01,2.152882814741874928e-01,2.153289046376590243e-01,2.153465497943303497e-01,2.153405745838981311e-01,2.153103595332880316e-01,2.152553192675605298e-01,2.151749041584989919e-01,2.150685802085581244e-01,2.149358663691829374e-01,2.147763014086702116e-01,2.145894714343810628e-01,2.143749992071039279e-01,2.141325439104576067e-01,2.138618087464092821e-01,2.135625396695973455e-01,2.132345221954844994e-01,2.128775982667551747e-01,2.124916304358499541e-01,2.120765520048691621e-01,2.116323302253785843e-01,2.111589753892041399e-01,2.106565622054193954e-01,2.101251909378665794e-01,2.095650241236195199e-01,2.089762775627645175e-01,2.083591945177860894e-01,2.077140808707148290e-01,2.070412946586732139e-01,2.063412265895471498e-01,2.056143245757804938e-01,2.048610796538149481e-01,2.040820286358698832e-01,2.032777578630087234e-01,2.024488893957004931e-01,2.015960908760431325e-01,2.007200764419501959e-01,1.998215988452114455e-01,1.989014532213962405e-01,1.979604622890920596e-01,1.969995048930710535e-01,1.960194670885708479e-01,1.950212983425574642e-01,1.940059639168105199e-01,1.929744609378506448e-01,1.919278148331088896e-01,1.908670836813530780e-01,1.897933427100289006e-01,1.887076929550060012e-01,1.876112508192866180e-01,1.865051660874429695e-01,1.853905887366979477e-01,1.842686904310418816e-01,1.831406485654419880e-01,1.820076534396976309e-01,1.808709096705873598e-01,1.797316176219052875e-01,1.785909839649084951e-01,1.774502160270618190e-01,1.763105163338783976e-01,1.751730838822515290e-01,1.740391126214325401e-01,1.729097958089846065e-01,1.717862974433725098e-01,1.706697822783133367e-01,1.695613971774265760e-01,1.684622680705932518e-01,1.673735083228127529e-01,1.662962001101703780e-01,1.652314066207841159e-01,1.641801706503896729e-01,1.631434968581892131e-01,1.621223744568177916e-01,1.611177478571099164e-01,1.601305346733030432e-01,1.591616212540374053e-01,1.582118578488160565e-01,1.572820535444758028e-01,1.563729805902780989e-01,1.554853789765126282e-01,1.546199343966642437e-01,1.537773050537245001e-01,1.529580975422089872e-01,1.521628766248092901e-01,1.513921716239240711e-01,1.506464522231803771e-01,1.499261556466489620e-01,1.492316690436746029e-01,1.485633321223135961e-01,1.479214426420604467e-01,1.473062516689357671e-01,1.467179595732242270e-01,1.461567280183515005e-01,1.456226737155082995e-01,1.451158573530136886e-01,1.446363071462150041e-01,1.441840020282988410e-01,1.437588821701286657e-01,1.433608376625528091e-01,1.429897197682627186e-01,1.426453468414743686e-01,1.423274849845236611e-01,1.420358675235917634e-01,1.417702029879586989e-01,1.415301382269998354e-01,1.413153085180399726e-01,1.411253064928522372e-01,1.409596927158094926e-01,1.408180018864733651e-01,1.406997347789355202e-01,1.406043729086508542e-01,1.405313693321329216e-01,1.404801509432590800e-01,1.404501305982144843e-01,1.404407000822413265e-01,1.404512290738060276e-01,1.404810739004454523e-01,1.405295834412108036e-01,1.405960867779755263e-01,1.406799115645431808e-01,1.407803716879930667e-01,1.408967764767261599e-01,1.410284394244867845e-01,1.411746573523656179e-01,1.413347404289717058e-01,1.415079975120195066e-01,1.416937461708452084e-01,1.418913015026211644e-01,1.420999886932348966e-01,1.423191462489250270e-01,1.425481275893963340e-01,1.427862872486428958e-01,1.430330013905838360e-01,1.432876698196476062e-01,1.435496961092644352e-01,1.438185115549227566e-01,1.440935674952198153e-01,1.443743337124147041e-01,1.446603083068523921e-01,1.449510096873110609e-01,1.452459788293782028e-01,1.455447896974466360e-01,1.458470379406798800e-01,1.461523506309895803e-01,1.464603850906689153e-01,1.467708109902909619e-01,1.470833552607513639e-01,1.473977515382631776e-01,1.477137665645195663e-01
8.694779332366409097e-01,8.693154232388173863e-01,8.690800139176683148e-01,8.687714504999334286e-01,8.683895946282912393e-01,8.679344145960590229e-01,8.674060397146584611e-01,8.668047054916802052e-01,8.661307565130988984e-01,8.653847060675812219e-01,8.645671361446289893e-01,8.636787623202708541e-01,8.627204622070113738e-01,8.616931716826335963e-01,8.605979638560836698e-01,8.594360501278097697e-01,8.582087362331398683e-01,8.569174366462872783e-01,8.555636686480311281e-01,8.541490819633612563e-01,8.526753711086549892e-01,8.511443972902332789e-01,8.495580768516353132e-01,8.479184369674608313e-01,8.462275796829605845e-01,8.444876995717823798e-01,8.427010663797253054e-01,8.408700624747563745e-01,8.389970989099160281e-01,8.370846686082030752e-01,8.351353730748286575e-01,8.331518082556027549e-01,8.311366640463141442e-01,8.290926981878934399e-01,8.270227160072403105e-01,8.249295182149799510e-01,8.228160031124513996e-01,8.206850763798740900e-01,8.185396710712864454e-01,8.163827836676389449e-01,8.142173930969712758e-01,8.120465093417064129e-01,8.098731705404415004e-01,8.077003730102003676e-01,8.055311984228423761e-01,8.033686486984739084e-01,8.012157863006877934e-01,7.990756183779450517e-01,7.969511557043498229e-01,7.948453980903383842e-01,7.927612967242754216e-01,7.907018043283926545e-01,7.886698453142616527e-01,7.866683036145107888e-01,7.846999957742568643e-01,7.827677366725095398e-01,7.808742676415957318e-01,7.790223097661921337e-01,7.772145102116476689e-01,7.754534540186012181e-01,7.737416924683805375e-01,7.720816787236369771e-01,7.704758460868723624e-01,7.689265140630020534e-01,7.674359632140353993e-01,7.660063814764691559e-01,7.646398861726489971e-01,7.633385229467317679e-01,7.621042465435979851e-01,7.609389241327086939e-01,7.598443649259450927e-01,7.588222576374143991e-01,7.578742167461731682e-01,7.570017741301424685e-01,7.562063413754726016e-01,7.554892690251358012e-01,7.548518169420737056e-01,7.542951408395484059e-01,7.538202269403089240e-01,7.534281290727034008e-01,7.531196356157769944e-01,7.528955468553394370e-01,7.527565132485385391e-01,7.527030982594627995e-01,7.527357649779327087e-01,7.528548964779124830e-01,7.530607541486622480e-01,7.533535159262071401e-01,7.537332426024430099e-01,7.541999056033088511e-01,7.547534046541153341e-01,7.553935026270570674e-01,7.561199063421031319e-01,7.569321949315438447e-01,7.578298805252198234e-01,7.588123588339295011e-01,7.598789442127548144e-01,7.610288479281979157e-01,7.622612407296688319e-01,7.635751454441553898e-01,7.649695270823232418e-01,7.664432585914568996e-01,7.679951421438718784e-01,7.696239047615262008e-01,7.713281211660576453e-01,7.731064127885747261e-01,7.749572013722145769e-01,7.768789064143342138e-01,7.788698747426084923e-01,7.809283400446560552e-01,7.830524998818774174e-01,7.852404849094302142e-01,7.874903304847126195e-01,7.898000543232416293e-01,7.921675801302251463e-01,7.945907354958993141e-01,7.970674161249265977e-01,7.995953346291085895e-01,8.021722060558158507e-01,8.047956905067755740e-01,8.074633958119841193e-01,8.101728986035899860e-01,8.129217046320177387e-01,8.157073136682125858e-01,8.185271337844940431e-01,8.213785851675747818e-01,8.242590488257078851e-01,8.271658310606969655e-01,8.300962749417130082e-01,8.330476333012092338e-01,8.360171603944774876e-01,8.390020867818495098e-01,8.419996295961107435e-01,8.450069586149894230e-01,8.480212582658240850e-01,8.510396900481778104e-01,8.540594110974453201e-01,8.570775270134131096e-01,8.600911904512529293e-01,8.630975380216875381e-01,8.660936692395371228e-01,8.690767344082669377e-01,8.720438388682452135e-01,8.749921180258189990e-01,8.779187114298149242e-01,8.808207749506123951e-01,8.836954644891544808e-01,8.865399581849382482e-01,8.893514401580442374e-01,8.921271284872206442e-01,8.948642664668904345e-01,8.975600598089465976e-01,9.002118735113435744e-01,9.028169316087106822e-01,9.053726387458186364e-01,9.078763388848386517e-01,9.103254729455617644e-01,9.127174563029254450e-01,9.150498220108872482e-01,9.173200718811141963e-01,9.195257865868040614e-01,9.216646173603705305e-01,9.237342495977455270e-01,9.257323867001651108e-01,9.276568415330822548e-01,9.295054455141875671e-01,9.312761051258400258e-01,9.329668094088884311e-01,9.345755708495093739e-01,9.361005034243065070e-01,9.375397680853952975e-01,9.388916024505828961e-01,9.401543394493575567e-01,9.413263688996846845e-01,9.424061546855247995e-01,9.433922552851328192e-01,9.442832763187083422e-01,9.450779830188932307e-01,9.457751480983419556e-01,9.463736783782548123e-01,9.468725449176463860e-01,9.472708329593174659e-01,9.475677032881690831e-01,9.477624544481139113e-01,9.478544044853726147e-01,9.478430628344240993e-01,9.477279390704995699e-01,9.475087350710755807e-01,9.471852138951746269e-01,9.467572640413810525e-01,9.462247970356840732e-01,9.455879700428633239e-01,9.448469538726648187e-01,9.440020310010709403e-01,9.430536097773541959e-01,9.420022437729221876e-01,9.408485184934707313e-01,9.395931929924371540e-01,9.382371155187831935e-01,9.367812444995792243e-01,9.352266110047176007e-01,9.335744648152549674e-01,9.318260572264973618e-01,9.299827854247187942e-01,9.280461713014607206e-01,9.260177882360051127e-01,9.238994363017218880e-01,9.216928833195062731e-01,9.194000860322620872e-01,9.170230791121184444e-01,9.145640121666069877e-01,9.120251045164431414e-01,9.094087255000085079e-01,9.067172840959297764e-01,9.039533284336322971e-01,9.011194633051670122e-01,8.982184189686848175e-01,8.952529920208677217e-01,8.922260658888597762e-01,8.891406096215550559e-01,8.859996362424172878e-01,8.828063030587562920e-01,8.795637956314719119e-01,8.762753581417570548e-01,8.729443108703821563e-01,8.695740631380702856e-01,8.661680357436375433e-01,8.627297381178632429e-01,8.592627085643442797e-01,8.557705529421530954e-01,8.522568583329460656e-01,8.487253316574259188e-01,8.451796449525617039e-01,8.416235423901485824e-01,8.380607526824062070e-01,8.344950397102468553e-01,8.309301913350095603e-01,8.273699725136376415e-01,8.238181922142387981e-01,8.202785995348489401e-01,8.167549748690181577e-01,8.132510848398508685e-01,8.097706675702224244e-01,8.063174360901024240e-01,8.028950799645389047e-01,7.995072690183357977e-01,7.961575857078574403e-01,7.928496507692861517e-01,7.895869206705856680e-01,7.863728887675678347e-01,7.832109674348370909e-01,7.801044915903071475e-01,7.770567290008960626e-01,7.740708716104106601e-01,7.711500270216149477e-01,7.682972456134434802e-01,7.655154686515400764e-01,7.628075154960259896e-01,7.601761572192657912e-01,7.576240427851734793e-01,7.551536936145624157e-01,7.527675471772125038e-01,7.504679307212813733e-01,7.482570231315244236e-01,7.461368958203533630e-01,7.441095374193994472e-01,7.421767228188486110e-01,7.403401628413033286e-01,7.386014157718121531e-01,7.369618967378691599e-01,7.354228844803566423e-01,7.339855266095508535e-01,7.326508178652511027e-01,7.314196064554718824e-01,7.302926174411003002e-01,7.292703855559683479e-01,7.283533294135122738e-01,7.275417159191703842e-01,7.268356672425690945e-01,7.262351098995358800e-01,7.257398983706070394e-01,7.253496943708458433e-01,7.250639765679687265e-01,7.248821504214274514e-01,7.248034170233023099e-01,7.248268517098768182e-01,7.249513866584181843e-01,7.251758148355998967e-01,7.254987712688002466e-01,7.259187764005221588e-01,7.264342102766101483e-01,7.270432882375499339e-01,7.277441367479103862e-01,7.285347466546848727e-01,7.294129617044130542e-01,7.303765426684113438e-01,7.314230976065501100e-01,7.325501671513433566e-01,7.337551453411245150e-01,7.350353146028177909e-01,7.363879111287399137e-01,7.378100588130064308e-01,7.392987664656278657e-01,7.408509761215016365e-01,7.424635530766637848e-01,7.441333141468430279e-01,7.458569714916762905e-01,7.476311899665070149e-01,7.494525911164663379e-01,7.513177607439538441e-01,7.532231892575294019e-01,7.551653861194309592e-01,7.571408075747885214e-01,7.591458876930365918e-01,7.611770365979180220e-01,7.632306554495320583e-01,7.653031864118600147e-01,7.673909656396264989e-01,7.694904451146746815e-01,7.715980553967307642e-01,7.737102234611024087e-01,7.758234465640327926e-01,7.779342068960996004e-01,7.800390680936764021e-01,7.821346146337910810e-01,7.842175006982421426e-01,7.862843990655710158e-01,7.883321125903751669e-01,7.903574520583009910e-01,7.923573316400032152e-01,7.943287256861444323e-01,7.962687395957153136e-01,7.981744964435806278e-01,8.000432885878272504e-01,8.018724688971755610e-01,8.036594594886540266e-01,8.054018826035251877e-01,8.070973909380729783e-01,8.087437857963771792e-01,8.103389913985131754e-01,8.118810625025834060e-01,8.133681435058710552e-01,8.147985262989504429e-01,8.161706618867544671e-01,8.174831049445119291e-01,8.187345576989026874e-01,8.199238508082723476e-01,8.210499608958369278e-01,8.221120083453272720e-01,8.231092585502161052e-01,8.240411157573857004e-01,8.249070985361410813e-01,8.257069029160427620e-01,8.264403760383771669e-01,8.271074855229701983e-01,8.277083379238787675e-01,8.282431723470881080e-01,8.287124091491807620e-01,8.291165608496023909e-01,8.294563221771178441e-01,8.297324645028513190e-01,8.299459179791864871e-01,8.300977520955377109e-01,8.301891570090106365e-01,8.302214407192639589e-01,8.301960176186514717e-01,8.301144529480197765e-01,8.299783733216767878e-01,8.297895822646920161e-01,8.295499007895703603e-01,8.292613131226100887e-01,8.289259029344359098e-01,8.285457859290668026e-01,8.281232005514742589e-01,8.276604652993563294e-01,8.271599738746661101e-01,8.266241578137267787e-01,8.260555413674782743e-01,8.254567364627862780e-01,8.248303168179387246e-01,8.241789843372652191e-01,8.235054306995698292e-01,8.228124156565308489e-01,8.221027083975050997e-01,8.213791065665141389e-01,8.206443823346325495e-01,8.199013878659378030e-01,8.191529290902329619e-01,8.184018092439129255e-01,8.176508566985536408e-01,8.169028546978159833e-01,8.161605492371036830e-01,8.154267066203968461e-01,8.147040094277364641e-01,8.139951353686059043e-01,8.133027009104122351e-01,8.126292632438866237e-01,8.119773755766765966e-01,8.113494289895883949e-01,8.107478229041862328e-01,8.101748958216680174e-01,8.096328604637456072e-01,8.091238580405820668e-01,8.086499724960853897e-01,8.082131655860012032e-01,8.078152926317057059e-01,8.074581744527951077e-01,8.071434512822784901e-01,8.068727095082166567e-01,8.066473950959657246e-01,8.064688696649127131e-01,8.063383296156839686e-01,8.062569380509790884e-01,8.062256596792907182e-01,8.062453561003387614e-01,8.063167763924369291e-01,8.064405326706896027e-01,8.066171434403820450e-01,8.068469487777160110e-01,8.071301795874871177e-01,8.074669736942036158e-01,8.078572574972588960e-01,8.083009192976186030e-01,8.087976578925452076e-01,8.093470696993333435e-01,8.099486132137837524e-01,8.106016291853059830e-01
2.026856342470818306e-01,2.031320016228249925e-01,2.036900317519933779e-01,2.043598493246482350e-01,2.051413724914734615e-01,2.060342813405812434e-01,2.070380273013165684e-01,2.081518301706756224e-01,2.093746851778828244e-01,2.107053557474026784e-01,2.121423756744608702e-01,2.136840470878278442e-01,2.153284643843013380e-01,2.170734763104009424e-01,2.189167468479197853e-01,2.208556956984571717e-01,2.228875473261629492e-01,2.250093272900140218e-01,2.272178486294404443e-01,2.295097393682757614e-01,2.318814478248376887e-01,2.343292312966315516e-01,2.368491882352812827e-01,2.394372419991851464e-01,2.420891696066288235e-01,2.448005921488258241e-01,2.475670118625179494e-01,2.503837779207620517e-01,2.532461492281148918e-01,2.561492473776335599e-01,2.590881269363184969e-01,2.620577315149844599e-01,2.650529455765099351e-01,2.680685759188119466e-01,2.710993911537096235e-01,2.741401026577011679e-01,2.771854137567846821e-01,2.802299726585209538e-01,2.832684650885809452e-01,2.862955416688761079e-01,2.893059060004344318e-01,2.922942645311454313e-01,2.952553759809910527e-01,2.981840508000629386e-01,3.010751657870860409e-01,3.039236686594992132e-01,3.067246003416536082e-01,3.094730782088260246e-01,3.121643658919678876e-01,3.147938187842894697e-01,3.173569403831221214e-01,3.198493483918723457e-01,3.222668400386883292e-01,3.246053588608707741e-01,3.268610109478832237e-01,3.290300921823932079e-01,3.311090865015751117e-01,3.330946533030450518e-01,3.349836660790701526e-01,3.367732002794615043e-01,3.384605585041002285e-01,3.400432487029552697e-01,3.415190083371575924e-01,3.428858107252307774e-01,3.441418712748146036e-01,3.452856142788276461e-01,3.463157509747927243e-01,3.472311870263494193e-01,3.480311195178413808e-01,3.487149646843575312e-01,3.492823977103651778e-01,3.497333567087385631e-01,3.500680012216642600e-01,3.502867711210689849e-01,3.503903163315482128e-01,3.503795698717750984e-01,3.502556825878090918e-01,3.500200492477529290e-01,3.496743126602910867e-01,3.492203269500439022e-01,3.486601847107039243e-01,3.479961974876209507e-01,3.472309009968854165e-01,3.463670170922341640e-01,3.454074991201074862e-01,3.443554603048981089e-01,3.432142388185759341e-01,3.419873221800054375e-01,3.406783766887304110e-01,3.392912349401527861e-01,3.378298815702563407e-01,3.362984338050968303e-01,3.347011451444605323e-01,3.330423870695256583e-01,3.313266604429142004e-01,3.295585337822344307e-01,3.277427031419168357e-01,3.258839064581700584e-01,3.239869718916453811e-01,3.220567665862890117e-01,3.200982247446722551e-01,3.181162819194732760e-01,3.161159138704095484e-01,3.141020990920994072e-01,3.120798124201160095e-01,3.100540116547750857e-01,3.080296307505538955e-01,3.060115637277084355e-01,3.040046648128060802e-01,3.020137041115338317e-01,3.000433952168370944e-01,2.980983766688768410e-01,2.961831857617353569e-01,2.943022464414845052e-01,2.924598755643485481e-01,2.906602885543998482e-01,2.889075293396158872e-01,2.872055333816083689e-01,2.855580636071951006e-01,2.839687449730763369e-01,2.824410194552011699e-01,2.809781615720994830e-01,2.795832652875124280e-01,2.782592475712278302e-01,2.770088108455460163e-01,2.758344765326845582e-01,2.747385694143124057e-01,2.737231949112021723e-01,2.727902395548106318e-01,2.719413969737217163e-01,2.711781354711962355e-01,2.705016924292009683e-01,2.699131120309041787e-01,2.694131733198465994e-01,2.690024892225647557e-01,2.686813975434650947e-01,2.684500539169510924e-01,2.683083706737615093e-01,2.682560496196956246e-01,2.682925811419931139e-01,2.684172310447049403e-01,2.686290712114267065e-01,2.689269493867860183e-01,2.693095248328849500e-01,2.697752539973335972e-01,2.703224084941205918e-01,2.709490608108072740e-01,2.716531241345932490e-01,2.724323252121178540e-01,2.732842329906282064e-01,2.742062380590132853e-01,2.751956218338189597e-01,2.762494822395318295e-01,2.773648120983763232e-01,2.785384578171323788e-01,2.797671798567249457e-01,2.810476010167020644e-01,2.823762709068248777e-01,2.837496394013460099e-01,2.851640802971378563e-01,2.866159193182571396e-01,2.881014013523905959e-01,2.896167446683712288e-01,2.911581197066452908e-01,2.927216802584989286e-01,2.943035655056041033e-01,2.958999041145653486e-01,2.975068335423043941e-01,2.991205189092623895e-01,3.007371349930287874e-01,3.023529075247319287e-01,3.039641029604855937e-01,3.055670506728152547e-01,3.071581369185572008e-01,3.087338315110578768e-01,3.102906826289925091e-01,3.118253462291470379e-01,3.133345668750369684e-01,3.148152076368582741e-01,3.162642302765595326e-01,3.176787579302768338e-01,3.190560315105052114e-01,3.203934061278515544e-01,3.216884192543795762e-01,3.229387364210744016e-01,3.241422030362056672e-01,3.252968076547020360e-01,3.264007156936367671e-01,3.274522433096139218e-01,3.284499297937211737e-01,3.293924308080151686e-01,3.302786186701242022e-01,3.311075557459607910e-01,3.318784485148846275e-01,3.325907366842563717e-01,3.332440130868858374e-01,3.338380554829585289e-01,3.343728519723601078e-01,3.348485462448907435e-01,3.352654705435355598e-01,3.356241599363467554e-01,3.359252990133559380e-01,3.361697523799271892e-01,3.363585717242416617e-01,3.364929585775353060e-01,3.365742860905004408e-01,3.366040868025004240e-01,3.365840368769439372e-01,3.365159627022780153e-01,3.364018379549013615e-01,3.362437718191544356e-01,3.360439897098991824e-01,3.358048474571072028e-01,3.355288132632908704e-01,3.352184510834197995e-01,3.348764325716003243e-01,3.345055149866993371e-01,3.341085445655139208e-01,3.336884287912080804e-01,3.332481308900333006e-01,3.327906982699987415e-01,3.323191848350000033e-01,3.318367163583959001e-01,3.313464236079940450e-01,3.308514452033391451e-01,3.303549634953367176e-01,3.298601190555835450e-01,3.293700766661256107e-01,3.288879438557331114e-01,3.284168365439610882e-01,3.279598112633019258e-01,3.275198739688572891e-01,3.270999826288232826e-01,3.267030308449632714e-01,3.263318206932253607e-01,3.259891086040936359e-01,3.256775267346874170e-01,3.253996173084509058e-01,3.251578293971110201e-01,3.249544970823972090e-01,3.247918309346248256e-01,3.246719149513721536e-01,3.245966957097343175e-01,3.245679981138318571e-01,3.245874924150948249e-01,3.246567128017764370e-01,3.247770245657106702e-01,3.249496547468070928e-01,3.251756563056308891e-01,3.254559322253106624e-01,3.257912116453431928e-01,3.261820507324767471e-01,3.266288559169992500e-01,3.271318473017686412e-01,3.276910632761597109e-01,3.283064025558611876e-01,3.289775500132010588e-01,3.297040748950573197e-01,3.304853103808567116e-01,3.313204760823893480e-01,3.322085898765570477e-01,3.331485301545811240e-01,3.341389933992843231e-01,3.351785416939183637e-01,3.362655549252530074e-01,3.373982983270344960e-01,3.385748501979459757e-01,3.397931877967607650e-01,3.410511356386408122e-01,3.423463860413909488e-01,3.436765294194738529e-01,3.450390113734745356e-01,3.464311932307457265e-01,3.478503238268762510e-01,3.492935449984094221e-01,3.507579478612019575e-01,3.522405038280085887e-01,3.537381399715705532e-01,3.552477079941090410e-01,3.567660170372811135e-01,3.582898192577461116e-01,3.598158396810637871e-01,3.613407516768547545e-01,3.628612526188724763e-01,3.643739900132807463e-01,3.658756199981450519e-01,3.673628266208903703e-01,3.688322887183069776e-01,3.702807143901949982e-01,3.717048458585824888e-01,3.731014659450459514e-01,3.744674265838280336e-01,3.757996082674087135e-01,3.770949888608161604e-01,3.783506021773421768e-01,3.795635727971967688e-01,3.807311206349454635e-01,3.818505418872994994e-01,3.829192832954943504e-01,3.839348573141878052e-01,3.848949090624952940e-01,3.857972280233962215e-01,3.866397020618088654e-01,3.874203879581613608e-01,3.881374425658549177e-01,3.887892068711953919e-01,3.893741488060317169e-01,3.898908976069496712e-01,3.903382192196185874e-01,3.907150805997353094e-01,3.910205682751388689e-01,3.912539547387186012e-01,3.914146626771697335e-01,3.915022876490395487e-01,3.915165999532006502e-01,3.914575331360646282e-01,3.913251719828997333e-01,3.911197800861418994e-01,3.908417898422055781e-01,3.904917828081796993e-01,3.900705067287095762e-01,3.895788750972138947e-01,3.890179432296794193e-01,3.883889324853567748e-01,3.876931830389380718e-01,3.869322192610522571e-01,3.861076650734736604e-01,3.852213096502382084e-01,3.842750556180453692e-01,3.832709177363333719e-01,3.822110400092573190e-01,3.810976803113124145e-01,3.799331899989266681e-01,3.787200200271206296e-01,3.774607218570147915e-01,3.761579051235798832e-01,3.748142624266639356e-01,3.734325597813890063e-01,3.720156111644248309e-01,3.705662988511575495e-01,3.690875311835605799e-01,3.675822458657974079e-01,3.660534054048940611e-01,3.645040137657460377e-01,3.629370404436066400e-01,3.613555016849540058e-01,3.597623601653535119e-01,3.581605913237438377e-01,3.565531264784934096e-01,3.549428697776090269e-01,3.533326835184195103e-01,3.517253772218508212e-01,3.501236977280211549e-01,3.485303380416099883e-01,3.469478895225339143e-01,3.453788895516441970e-01,3.438257831308983992e-01,3.422909138726021316e-01,3.407765192989039571e-01,3.392847387138032134e-01,3.378175828856093688e-01,3.363769765414968971e-01,3.349646811011817160e-01,3.335823488020537297e-01,3.322315029424063870e-01,3.309135086478290910e-01,3.296296138215592531e-01,3.283809190360377772e-01,3.271683610894537408e-01,3.259927456340334095e-01,3.248547130177702469e-01,3.237547728162475380e-01,3.226932611633984704e-01,3.216703622703226406e-01,3.206861245652832815e-01,3.197404261669800074e-01,3.188330088620213720e-01,3.179634328930046050e-01,3.171311500079670442e-01,3.163354521353133331e-01,3.155754705111648017e-01,3.148502145982055578e-01,3.141585491711152978e-01,3.134992167231897553e-01,3.128708056754194167e-01,3.122718167575536663e-01,3.117006116319459563e-01,3.111554401512847123e-01,3.106344572536440807e-01,3.101356887614555302e-01,3.096571097209650514e-01,3.091965744290759432e-01,3.087518663191345381e-01,3.083207180718173235e-01,3.079007548025685104e-01,3.074895947870557311e-01,3.070847641992930366e-01,3.066837853317044837e-01,3.062841188969098183e-01,3.058832213213434903e-01,3.054785357490617526e-01,3.050674815808193108e-01,3.046474956396555966e-01,3.042160395988517951e-01,3.037705602602278065e-01,3.033085750366179556e-01,3.028275902723246427e-01,3.023252172009180949e-01,3.017990804496510360e-01,3.012468815398552380e-01,3.006663998353309442e-01,3.000554909946778204e-01,2.994120903439690395e-01,2.987342446877532809e-01,2.980200967076219731e-01,2.972679069225706017e-01,2.964760375029867889e-01,2.956429907813988844e-01,2.947673916984386855e-01,2.938480164444219334e-01,2.928837532511950892e-01,2.918736701064020278e-01,2.908169655822890332e-01,2.897130166050932432e-01,2.885613332558848998e-01,2.873616173592827283e-01,2.861137055640858851e-01
1.269994184510212787e-01,1.270955588823566573e-01,1.271537465532773525e-01,1.271747032267795674e-01,1.271591981246716074e-01,1.271080537973098834e-01,1.270221291202194569e-01,1.269023336126325618e-01,1.267496218061950342e-01,1.265649793572703741e-01,1.263494393795967230e-01,1.261040684961653724e-01,1.258299620767164839e-01,1.255282551668777113e-01,1.252001065266575841e-01,1.248467048468383245e-01,1.244692586248071081e-01,1.240690040047599529e-01,1.236471951283595466e-01,1.232051039266023051e-01,1.227440216296893233e-01,1.222652404568517481e-01,1.217700714325604672e-01,1.212598341703960969e-01,1.207358516553367483e-01,1.201994441360588750e-01,1.196519391721710401e-01,1.190946611472886857e-01,1.185289243317637214e-01,1.179560425138098945e-01,1.173773159283308526e-01,1.167940389663589262e-01,1.162074794451392612e-01,1.156189028814386816e-01,1.150295439828562388e-01,1.144406291497598038e-01,1.138533502867887376e-01,1.132688799737242430e-01,1.126883651991037461e-01,1.121129248591349881e-01,1.115436338969394842e-01,1.109815530224058794e-01,1.104276929727244227e-01,1.098830374549632088e-01,1.093485310220881773e-01,1.088250818929853009e-01,1.083135438169734316e-01,1.078147397512897177e-01,1.073294532804489887e-01,1.068584106263878314e-01,1.064022994582854570e-01,1.059617615645611494e-01,1.055373871443361922e-01,1.051297210355376099e-01,1.047392555678256509e-01,1.043664352032468157e-01,1.040116528652922784e-01,1.036752528916755484e-01,1.033575233439507773e-01,1.030587066256627021e-01,1.027789832057903335e-01,1.025184961104879250e-01,1.022773256734847841e-01,1.020555036375753871e-01,1.018530069486004996e-01,1.016697730563102670e-01,1.015056692153862850e-01,1.013605322376930629e-01,1.012341354629946316e-01,1.011262084880493045e-01,1.010364335969774763e-01,1.009644495379431878e-01,1.009098333411680704e-01,1.008721353851056851e-01,1.008508481193451239e-01,1.008454259352347532e-01,1.008552864975312824e-01,1.008798041234581083e-01,1.009183014425055480e-01,1.009700837830838499e-01,1.010344086702598398e-01,1.011105017421509156e-01,1.011975571823279796e-01,1.012947342782934274e-01,1.014011682819780658e-01,1.015159656797536974e-01,1.016382049946267657e-01,1.017669482519089619e-01,1.019012240820245524e-01,1.020400519124530087e-01,1.021824301809716867e-01,1.023273389038128339e-01,1.024737527764656153e-01,1.026206279098609980e-01,1.027669159793871551e-01,1.029115552855983107e-01,1.030534883145244468e-01,1.031916443384603144e-01,1.033249605144840738e-01,1.034523789567543817e-01,1.035728323749767199e-01,1.036852697207027718e-01,1.037886453224316635e-01,1.038819203435319416e-01,1.039640771067183445e-01,1.040341035442458872e-01,1.040910018022648265e-01,1.041338057069025463e-01,1.041615596469868538e-01,1.041733302787653942e-01,1.041682085440427258e-01,1.041453178178470690e-01,1.041037973187998456e-01,1.040428292906534768e-01,1.039616140610672285e-01,1.038594015825462374e-01,1.037354581386912972e-01,1.035890975238484973e-01,1.034196670693580677e-01,1.032265558588054133e-01,1.030091857724371035e-01,1.027670327406034478e-01,1.024996029912818296e-01,1.022064491197431368e-01,1.018871751578841883e-01,1.015414307278315331e-01,1.011688987934376421e-01,1.007693235360104800e-01,1.003424901424663368e-01,9.988824081100076968e-02,9.940645761065550201e-02,9.889707260901962893e-02,9.836007826130437059e-02,9.779551097732187837e-02,9.720345177654240998e-02,9.658404582728560839e-02,9.593747610455752306e-02,9.526398407870406704e-02,9.456386191807469865e-02,9.383745077544655699e-02,9.308514034598899811e-02,9.230737345456702103e-02,9.150464147044319596e-02,9.067748315197858566e-02,8.982649037417642091e-02,8.895229424858740186e-02,8.805558070743854659e-02,8.713707630882988608e-02,8.619755676051331361e-02,8.523784048992194551e-02,8.425878881051723779e-02,8.326130273233235679e-02,8.224632704610886080e-02,8.121484934974228242e-02,8.016788424855329775e-02,7.910649563215620128e-02,7.803177524617838090e-02,7.694485087690222658e-02,7.584688228082180073e-02,7.473905856388876612e-02,7.362259995804393276e-02,7.249875600481489601e-02,7.136879448731123232e-02,7.023401532876802356e-02,6.909573157865547821e-02,6.795528707820594483e-02,6.681403211582429003e-02,6.567334083369524844e-02,6.453459976155440092e-02,6.339921000944537255e-02,6.226857713966933716e-02,6.114411779042176753e-02,6.002725713983336070e-02,5.891942135444089984e-02,5.782203955400008755e-02,5.673654140880694807e-02,5.566435388763528447e-02,5.460690268124781394e-02,5.356560111949999758e-02,5.254185719937844862e-02,5.153707141820212945e-02,5.055263020981632521e-02,4.958990293643970176e-02,4.865024283055909698e-02,4.773498980162121930e-02,4.684545604173715599e-02,4.598293855948588221e-02,4.514870590667669631e-02,4.434399999455292812e-02,4.357003691873415768e-02,4.282799822305891069e-02,4.211904175033989728e-02,4.144428855150127794e-02,4.080482056355675541e-02,4.020168408467588578e-02,3.963589264266666190e-02,3.910841611768884479e-02,3.862017955760002619e-02,3.817207306539024264e-02,3.776493486583877568e-02,3.739956280661584087e-02,3.707670266020661465e-02,3.679705869916818223e-02,3.656127818375862204e-02,3.636996524962084892e-02,3.622367042135365978e-02,3.612288791502367424e-02,3.606806118236415698e-02,3.605957966623142552e-02,3.609778263871826071e-02,3.618294305117714105e-02,3.631528625734855437e-02,3.649498072283339362e-02,3.672213291533173857e-02,3.699679301568914447e-02,3.731895465918792787e-02,3.768855543965608790e-02,3.810546990310238746e-02,3.856951769250257372e-02,3.908045316207774122e-02,3.963798380151969947e-02,4.024174855593584677e-02,4.089133235447868497e-02,4.158626240053612394e-02,4.232600738987254974e-02,4.310998028192931236e-02,4.393753126048158958e-02,4.480796433759096087e-02,4.572052139227616302e-02,4.667439287573665885e-02,4.766871220896438249e-02,4.870256070710880097e-02,4.977496831005652489e-02,5.088491132215205298e-02,5.203132096425879677e-02,5.321307735073529943e-02,5.442900888910523483e-02,5.567790266155652618e-02,5.695849489779005598e-02,5.826948325129884670e-02,5.960952134581653378e-02,6.097722066856012257e-02,6.237115330538713087e-02,6.378985603430771534e-02,6.523182643932665115e-02,6.669552655159581567e-02,6.817939227577304862e-02,6.968182072524450876e-02,7.120118481737329474e-02,7.273582574359421793e-02,7.428406598857729970e-02,7.584419846782129715e-02,7.741450031795550635e-02,7.899322341346109999e-02,8.057860722619503147e-02,8.216887119183707844e-02,8.376222789680039249e-02,8.535687058592231202e-02,8.695099502814382375e-02,8.854277903540683226e-02,9.013040477551736984e-02,9.171204338360340602e-02,9.328587643091312831e-02,9.485007794582341056e-02,9.640283357146578469e-02,9.794232866275204286e-02,9.946676794506620345e-02,1.009743519134792683e-01,1.024633128451862690e-01,1.039318805221623454e-01,1.053783172460191347e-01,1.068008932799934807e-01,1.081979125330706226e-01,1.095676916486600372e-01,1.109085838915302713e-01,1.122189644657508728e-01,1.134972392628376126e-01,1.147418495867717492e-01,1.159512714163838248e-01,1.171240187243479253e-01,1.182586373560240434e-01,1.193537223074038062e-01,1.204079019230913650e-01,1.214198588275952478e-01,1.223883151991999735e-01,1.233120376456952744e-01,1.241898529652181032e-01,1.250206263188258782e-01,1.258032935091675519e-01,1.265368131701394561e-01,1.272202383694088501e-01,1.278526499542196326e-01,1.284331938810412133e-01,1.289610889374624980e-01,1.294355985223833438e-01,1.298560483596747084e-01,1.302218425363371734e-01,1.305324278824948336e-01,1.307873356058981140e-01,1.309861419106239100e-01,1.311285123536793662e-01,1.312141579354804410e-01,1.312428739121896393e-01,1.312145079071570519e-01,1.311289944388413231e-01,1.309863184066228647e-01,1.307865422525087973e-01,1.305297972402819917e-01,1.302162868071035096e-01,1.298462721309703860e-01,1.294200977460595592e-01,1.289381648508399481e-01,1.284009545583252310e-01,1.278090029332246136e-01,1.271629237052877004e-01,1.264633928209231706e-01,1.257111608030046790e-01,1.249070331705646741e-01,1.240518799931085436e-01,1.231466444886843148e-01,1.221923284333028548e-01,1.211899928129398091e-01,1.201407671178739700e-01,1.190458335823062486e-01,1.179064271625540061e-01,1.167238529972033922e-01,1.154994685862880399e-01,1.142346749956419383e-01,1.129309363624969031e-01,1.115897602137413958e-01,1.102127125870125679e-01,1.088013875106632611e-01,1.073574480625753974e-01,1.058825798853227362e-01,1.043785262988387447e-01,1.028470512110844365e-01,1.012899700559491828e-01,9.970912770287770899e-02,9.810639882632415931e-02,9.648368981757647622e-02,9.484293790888420617e-02,9.318609776466466044e-02,9.151515320613853866e-02,8.983210604758737339e-02,8.813897076589725932e-02,8.643778767181155287e-02,8.473060144663889515e-02,8.301946644124175156e-02,8.130644782007000193e-02,7.959361380548200804e-02,7.788303367292821744e-02,7.617677285871418680e-02,7.447690024118955310e-02,7.278547757059129764e-02,7.110455217049528598e-02,6.943616170154198741e-02,6.778233496409127867e-02,6.614507559776437728e-02,6.452637237841715723e-02,6.292819659936021992e-02,6.135248268499159802e-02,5.980114779335411745e-02,5.827607959076791522e-02,5.677912292149678991e-02,5.531210228604896417e-02,5.387679699025552105e-02,5.247494423769975130e-02,5.110824271970124816e-02,4.977834862550974127e-02,4.848687132694390334e-02,4.723536849040049085e-02,4.602534917009153126e-02,4.485827345130303373e-02,4.373553797451410624e-02,4.265849247606182809e-02,4.162842233153717791e-02,4.064655236507740826e-02,3.971404990990636680e-02,3.883201845313235395e-02,3.800149541097752603e-02,3.722345186362089470e-02,3.649878981275169604e-02,3.582834713551227152e-02,3.521289228203920013e-02,3.465311605285794488e-02,3.414964645277971528e-02,3.370303122043916827e-02,3.331374844687493009e-02,3.298220712691815604e-02,3.270873572536855955e-02,3.249359078474712420e-02,3.233695033224313203e-02,3.223892379064566271e-02,3.219954028247938582e-02,3.221875629839862643e-02,3.229645310033131544e-02,3.243243861380683962e-02,3.262644529666536286e-02,3.287812542798389248e-02,3.318706995925307934e-02,3.355279280762180072e-02,3.397473118106843215e-02,3.445225445325442171e-02,3.498466626094791365e-02,3.557119420121423320e-02,3.621100398219346400e-02,3.690319393383065943e-02,3.764679648356072245e-02,3.844078048431585209e-02,3.928405191973884797e-02,4.017545994357716449e-02,4.111379200120447719e-02,4.209778460256391464e-02,4.312610950698347184e-02,4.419739808537678782e-02,4.531021969614112271e-02,4.646310352479270100e-02,4.765453032865250849e-02,4.888293652721686228e-02,5.014671749450182875e-02,5.144422799174382110e-02,5.277378808709245334e-02,5.413368332436354485e-02,5.552216285453604599e-02,5.693745699443289454e-02,5.837776416717274652e-02,5.984125917551112034e-02
5.802243982104449138e-01,5.797308955777519257e-01,5.792257545992661738e-01,5.787077176829362735e-01,5.781756029094025084e-01,5.776282982251710330e-01,5.770647487448462565e-01,5.764840098661744294e-01,5.758852063963120216e-01,5.752675281454292522e-01,5.746303100660721253e-01,5.739729325504033808e-01,5.732948957904061560e-01,5.725958302238062236e-01,5.718754202448106394e-01,5.711335164398937403e-01,5.703700527288885214e-01,5.695850952645671317e-01,5.687787948033112828e-01,5.679514765928880271e-01,5.671035419713074122e-01,5.662355384900430444e-01,5.653481359544924034e-01,5.644421377493282765e-01,5.635184388779069797e-01,5.625780857198353635e-01,5.616222648903805847e-01,5.606522551629683493e-01,5.596695014904657928e-01,5.586755053113418024e-01,5.576719550409741100e-01,5.566606192517649099e-01,5.556433934704548827e-01,5.546222902901909446e-01,5.535994349917063850e-01,5.525770282036599479e-01,5.515574320583200851e-01,5.505430482932386349e-01,5.495364045608023273e-01,5.485401046601657837e-01,5.475568589820016818e-01,5.465894226817661350e-01,5.456406465726462152e-01,5.447134565618242386e-01,5.438108082082747652e-01,5.429357469660632818e-01,5.420913317338295068e-01,5.412806960800654599e-01,5.405069804787352439e-01,5.397733711651191424e-01,5.390830591433638519e-01,5.384392605119900921e-01,5.378451783766260430e-01,5.373040210471657918e-01,5.368189832252818761e-01,5.363932512446654144e-01,5.360299704458809655e-01,5.357322300608923227e-01,5.355031009145894139e-01,5.353456153776209314e-01,5.352627017866444792e-01,5.352572516625633270e-01,5.353320637441388863e-01,5.354898555250887648e-01,5.357332605739684173e-01,5.360647905854321049e-01,5.364868558910667051e-01,5.370017610302133537e-01,5.376116929301564262e-01,5.383186712142074004e-01,5.391246140013233878e-01,5.400312809481454535e-01,5.410402535415392844e-01,5.421530224449478963e-01,5.433708578213634066e-01,5.446948865463047129e-01,5.461260619363350610e-01,5.476651327587718221e-01,5.493127015231789034e-01,5.510691649703873818e-01,5.529347317450041821e-01,5.549093997522599464e-01,5.569929852955598504e-01,5.591851243804414340e-01,5.614852114992328058e-01,5.638924670997889077e-01,5.664058960985061120e-01,5.690242898429223040e-01,5.717462367130834444e-01,5.745701378596024256e-01,5.774941478389770122e-01,5.805162714921852096e-01,5.836342676704879828e-01,5.868457058894832601e-01,5.901479596737784217e-01,5.935382013420507086e-01,5.970134114819765081e-01,6.005704017520843152e-01,6.042057626299098816e-01,6.079159456268449224e-01,6.116971688115144801e-01,6.155455409656643839e-01,6.194569912346732377e-01,6.234272547358525873e-01,6.274519761488417391e-01,6.315265995878381888e-01,6.356464699257650119e-01,6.398067952485279042e-01,6.440026583043788611e-01,6.482290198571283302e-01,6.524807657842407460e-01,6.567526670583383464e-01,6.610394188148721595e-01,6.653356253042811419e-01,6.696358519131686560e-01,6.739346084868909070e-01,6.782263140509234844e-01,6.825054240114053483e-01,6.867662900516521285e-01,6.910033283216324707e-01,6.952108901466607094e-01,6.993833914652677342e-01,7.035152095186635313e-01,7.076007850189088844e-01,7.116345975333537854e-01,7.156111646591978293e-01,7.195250767734543418e-01,7.233709922900546374e-01,7.271436647554042620e-01,7.308379283863893905e-01,7.344487108194774905e-01,7.379710917892858824e-01,7.414002278466789164e-01,7.447314428458691182e-01,7.479602009403528706e-01,7.510821134460141657e-01,7.540929387422194985e-01,7.569886309695061932e-01,7.597653093468105245e-01,7.624192907790938722e-01,7.649470589848132995e-01,7.673453556339038251e-01,7.696110606583599356e-01,7.717413183459163051e-01,7.737334922925870329e-01,7.755851468032775031e-01,7.772941041630569980e-01,7.788584113714642765e-01,7.802763384828067528e-01,7.815464566733359986e-01,7.826675123349520202e-01,7.836385948689311709e-01,7.844589501631793471e-01,7.851281211350101819e-01,7.856459291692945435e-01,7.860124433263444566e-01,7.862279662179448847e-01,7.862930678481034885e-01,7.862085895240673583e-01,7.859756139130124053e-01,7.855954728804723786e-01,7.850697783964138976e-01,7.844003597412825268e-01,7.835892926141609927e-01,7.826389090219224576e-01,7.815517737219012107e-01,7.803306829813095868e-01,7.789786464302506097e-01,7.774989045656974795e-01,7.758949226181444114e-01,7.741703608842158690e-01,7.723290750663274196e-01,7.703751164450234334e-01,7.683127378689299514e-01,7.661463530857085535e-01,7.638805399498306281e-01,7.615200458427152652e-01,7.590697765943161812e-01,7.565347637548572868e-01,7.539201649160525154e-01,7.512312924391008062e-01,7.484735080743305513e-01,7.456523480530017345e-01,7.427733733550406781e-01,7.398422564581146332e-01,7.368647330688113950e-01,7.338466025562863093e-01,7.307936825466433417e-01,7.277118670302765713e-01,7.246070326723761390e-01,7.214850898731210993e-01,7.183519329307692658e-01,7.152134750592707979e-01,7.120755824368518727e-01,7.089441027779925797e-01,7.058247887835950030e-01,7.027234335467400506e-01,6.996456878246203326e-01,6.965971670811201832e-01,6.935833849849464272e-01,6.906097349721964651e-01,6.876815461997262124e-01,6.848040189687647494e-01,6.819822129591389670e-01,6.792210639135117800e-01,6.765253643242181703e-01,6.738997780290191253e-01,6.713487763598544600e-01,6.688766599235995702e-01,6.664875773368439393e-01,6.641855231002629090e-01,6.619742411023288309e-01,6.598573190135329503e-01,6.578381374404752568e-01,6.559198930873555433e-01,6.541055405447852023e-01,6.523978436817228221e-01,6.507993487502471419e-01,6.493123681169835626e-01,6.479389967956348251e-01,6.466811354936303768e-01,6.455404050794638637e-01,6.445182317611407585e-01,6.436157979996250944e-01,6.428340977117650290e-01,6.421738209603701231e-01,6.416354958546039988e-01,6.412193832333795696e-01,6.409255412067554891e-01,6.407538001755288537e-01,6.407037431328886923e-01,6.407747609214728968e-01,6.409660362923150778e-01,6.412765028110746224e-01,6.417049186844839825e-01,6.422498502272599996e-01,6.429095991929696385e-01,6.436823405598637304e-01,6.445660506734028905e-01,6.455584933504368017e-01,6.466572819071489953e-01,6.478598690886789857e-01,6.491635029407941682e-01,6.505653345479629479e-01,6.520623437222564656e-01,6.536513390984456384e-01,6.553290413669239367e-01,6.570920333499767896e-01,6.589367708145036362e-01,6.608596328227014371e-01,6.628568431803197880e-01,6.649246213587156618e-01,6.670590390205297648e-01,6.692560693939307859e-01,6.715117403714472299e-01,6.738218990636377637e-01,6.761824127037556753e-01,6.785891166583639666e-01,6.810377647499967768e-01,6.835241548870993888e-01,6.860440663215012780e-01,6.885932212564992438e-01,6.911674012834063685e-01,6.937623803599117789e-01,6.963739713397504305e-01,6.989980113817710894e-01,7.016303657796925108e-01,7.042669707287404490e-01,7.069037955785240079e-01,7.095368958778636159e-01,7.121623432883200655e-01,7.147763521693251132e-01,7.173751763285054484e-01,7.199551708465600219e-01,7.225127981255937692e-01,7.250445927229179910e-01,7.275471933444142003e-01,7.300173853322646789e-01,7.324520366310792729e-01,7.348481433181328626e-01,7.372028140342937741e-01,7.395133203384837151e-01,7.417770050738339283e-01,7.439913795565036292e-01,7.461540791208537415e-01,7.482628975963456774e-01,7.503157123124626349e-01,7.523106354065425272e-01,7.542458070672227732e-01,7.561195924747786679e-01,7.579304333232537161e-01,7.596770152510210483e-01,7.613580284700884881e-01,7.629724090687269866e-01,7.645191948548838434e-01,7.659975620762869974e-01,7.674068043613045953e-01,7.687464122275128320e-01,7.700159305971780999e-01,7.712150674010027629e-01,7.723436956633068506e-01,7.734017436407236712e-01,7.743892819265520977e-01,7.753065512241152923e-01,7.761538247036366966e-01,7.769315136697951818e-01,7.776401761032631921e-01,7.782803738588850440e-01,7.788529029961600569e-01,7.793584927722124744e-01,7.797980879619454964e-01,7.801726453917896542e-01,7.804831979317632396e-01,7.807308971508465367e-01,7.809169004147488158e-01,7.810424569605536327e-01,7.811088837949903274e-01,7.811175014164156716e-01,7.810697022883633656e-01,7.809669421954436030e-01,7.808106715044833557e-01,7.806023660917634777e-01,7.803435463992707266e-01,7.800357405559319446e-01,7.796805024318368416e-01,7.792793552902065324e-01,7.788338903914473477e-01,7.783456046224748182e-01,7.778160762773609349e-01,7.772468296360055540e-01,7.766393655816986596e-01,7.759951913263118950e-01,7.753157789752554985e-01,7.746025612309963559e-01,7.738569364111953508e-01,7.730803038497782165e-01,7.722739944722004646e-01,7.714393063911971771e-01,7.705774861528419395e-01,7.696897535104693100e-01,7.687772685033575915e-01,7.678411179510160611e-01,7.668823770316012256e-01,7.659020518925467869e-01,7.649010831295049995e-01,7.638803708032679829e-01,7.628407480988278477e-01,7.617830148060872331e-01,7.607078573682892753e-01,7.596159712429215727e-01,7.585079570294424034e-01,7.573843674702692708e-01,7.562456879071811633e-01,7.550923749907483273e-01,7.539247958939347960e-01,7.527433075726573941e-01,7.515481697998330768e-01,7.503396415242596929e-01,7.491178816455985601e-01,7.478830321786744673e-01,7.466352321713580764e-01,7.453744785330347344e-01,7.441008097478746253e-01,7.428142165261720775e-01,7.415146556271418055e-01,7.402020240992834843e-01,7.388762242039874639e-01,7.375370976201073292e-01,7.361845353374240064e-01,7.348183322363390779e-01,7.334383126069523584e-01,7.320442833317349907e-01,7.306360261169331238e-01,7.292133504354828544e-01,7.277760356606287617e-01,7.263238773630033007e-01,7.248566739663364622e-01,7.233742364899294897e-01,7.218763678014300522e-01,7.203629260603620077e-01,7.188337315180013398e-01,7.172886978245959222e-01,7.157277043697050090e-01,7.141506648891160491e-01,7.125575604594652779e-01,7.109483516536478920e-01,7.093230652249541413e-01,7.076817903365315576e-01,7.060245783413637843e-01,7.043515982518538943e-01,7.026630331149615882e-01,7.009590893852778448e-01,6.992400515342793721e-01,6.975062282173957184e-01,6.957579984696653508e-01,6.939957617450034366e-01,6.922199872865726356e-01,6.904311846145394505e-01,6.886299156361768148e-01,6.868168002930334914e-01,6.849924827689827245e-01,6.831576971714029556e-01,6.813131860438926823e-01,6.794597579253158770e-01,6.775982576422484582e-01,6.757296011903561883e-01,6.738547142955053637e-01,6.719745737220484960e-01,6.700902302953020140e-01,6.682027196491781007e-01,6.663131473794952075e-01,6.644226491267395396e-01,6.625323533139640952e-01,6.606434809714311074e-01,6.587572459573771688e-01,6.568748712618892593e-01,6.549976206126906231e-01,6.531267483974962929e-01,6.512635568997612312e-01,6.494093212041102126e-01,6.475653490918482635e-01,6.457329418591235548e-01,6.439133713877809306e-01,6.421079689773446786e-01,6.403179706868377119e-01,6.385446708239311819e-01,6.367893231234790230e-01
4.361229244816560158e-01,4.373064352765583807e-01,4.384325009642515703e-01,4.394993662892903163e-01,4.405053653796611179e-01,4.414488976584990954e-01,4.423284594541248560e-01,4.431426237541944424e-01,4.438900607780145169e-01,4.445695528740811198e-01,4.451799445031883184e-01,4.457202435474208468e-01,4.461894817546628866e-01,4.465868699676792120e-01,4.469117098770536423e-01,4.471634095992280122e-01,4.473414832281572551e-01,4.474456056631690437e-01,4.474755294916329951e-01,4.474311741196530523e-01,4.473125291842589557e-01,4.471197699952249027e-01,4.468531534700617147e-01,4.465131037240454570e-01,4.461001392004890209e-01,4.456149428937134505e-01,4.450582888277318516e-01,4.444311182490682244e-01,4.437344751819618516e-01,4.429695540790544173e-01,4.421376610017302977e-01,4.412402364932491716e-01,4.402788470561658785e-01,4.392551879791946612e-01,4.381710572084546729e-01,4.370283897230918257e-01,4.358292304283158947e-01,4.345757456909566940e-01,4.332702048668109485e-01,4.319149840989958133e-01,4.305125609473722803e-01,4.290655284588517082e-01,4.275765649872513841e-01,4.260484362851259532e-01,4.244839868856074561e-01,4.228861739463504188e-01,4.212579950457022715e-01,4.196025582357087447e-01,4.179230021584389720e-01,4.162225407037589697e-01,4.145044448309632146e-01,4.127720281364675170e-01,4.110286400932747775e-01,4.092776975383684013e-01,4.075226128485029409e-01,4.057668344719974063e-01,4.040138223867277834e-01,4.022670595361600432e-01,4.005300092345704388e-01,3.988061631714350797e-01,3.970989771171906657e-01,3.954118886237361630e-01,3.937483236921198171e-01,3.921116733732836201e-01,3.905052798916681112e-01,3.889324620403846189e-01,3.873964659972224389e-01,3.859004894813619080e-01,3.844476477453606655e-01,3.830410116352115923e-01,3.816835476281909001e-01,3.803781444610613849e-01,3.791276331191668625e-01,3.779346769895014502e-01,3.768018908405428857e-01,3.757317774071047833e-01,3.747266953173105097e-01,3.737889028155387261e-01,3.729205450483415452e-01,3.721236034503772050e-01,3.713999583803111459e-01,3.707513183205846108e-01,3.701793019803804596e-01,3.696852941261475900e-01,3.692706298244887164e-01,3.689364143120416051e-01,3.686836415920703436e-01,3.685130993220511186e-01,3.684254802866624434e-01,3.684212584683306813e-01,3.685007628510607036e-01,3.686641531926874160e-01,3.689114171557828503e-01,3.692423999303047766e-01,3.696567481642932806e-01,3.701539535072576603e-01,3.707333424044199632e-01,3.713940734000389932e-01,3.721351372622996867e-01,3.729553711987821374e-01,3.738534209135998543e-01,3.748278252723884485e-01,3.758769114682289914e-01,3.769988841240053956e-01,3.781918028569641321e-01,3.794535526651222068e-01,3.807819053353578842e-01,3.821744699792153921e-01,3.836287398571440743e-01,3.851420790339325495e-01,3.867117118216741312e-01,3.883347474568290547e-01,3.900082109337334457e-01,3.917289731086671667e-01,3.934938482630438994e-01,3.952995409577306218e-01,3.971426658486006955e-01,3.990197426849806384e-01,4.009272532034557912e-01,4.028615850321592973e-01,4.048190765255532120e-01,4.067960215789772072e-01,4.087886581339308378e-01,4.107931972042431767e-01,4.128058277938475018e-01,4.148227193905280608e-01,4.168399969992356291e-01,4.188538304859926731e-01,4.208603701920812235e-01,4.228557626691295535e-01,4.248362176387424083e-01,4.267979485901393644e-01,4.287371940038684492e-01,4.306502769962716748e-01,4.325335156651644031e-01,4.343833418508949440e-01,4.361962333199043140e-01,4.379687406250332149e-01,4.396974970223013202e-01,4.413792459184668338e-01,4.430107951627587637e-01,4.445890886571289280e-01,4.461111665751665845e-01,4.475741726008059529e-01,4.489754006815705467e-01,4.503122588005156746e-01,4.515822774575202758e-01,4.527831478262653309e-01,4.539127045499907198e-01,4.549689153841708911e-01,4.559499197770200407e-01,4.568540050787183171e-01,4.576796223017888798e-01,4.584253788414660580e-01,4.590900680942682777e-01,4.596726415353951656e-01,4.601722153938968551e-01,4.605881103356462281e-01,4.609197861853128741e-01,4.611669121605274091e-01,4.613293092274072804e-01,4.614070014390553309e-01,4.614001660724016962e-01,4.613091788763093448e-01,4.611345841846039573e-01,4.608770948080826990e-01,4.605376167006858257e-01,4.601172318786423410e-01,4.596171526832082965e-01,4.590388144556230565e-01,4.583837543272810677e-01,4.576537245428858869e-01,4.568506272102118015e-01,4.559764949672529544e-01,4.550335114951268856e-01,4.540240332005923696e-01,4.529505309609613284e-01,4.518156145272159696e-01,4.506220299041724942e-01,4.493726311694387632e-01,4.480704076993521356e-01,4.467184415081791871e-01,4.453199461980482110e-01,4.438781901599494484e-01,4.423965490639276688e-01,4.408785180368719470e-01,4.393276120583312627e-01,4.377474449243458077e-01,4.361416747272875427e-01,4.345140297681646668e-01,4.328682634341757263e-01,4.312081899858526413e-01,4.295376182329865844e-01,4.278604059827801898e-01,4.261804073436300522e-01,4.245015083089028196e-01,4.228275298894725864e-01,4.211623564217621962e-01,4.195097923334089596e-01,4.178736431149961406e-01,4.162576692109664633e-01,4.146655982439770849e-01,4.131010884414499373e-01,4.115677435637511428e-01,4.100691027856713244e-01,4.086086515640090511e-01,4.071897445672671423e-01,4.058156882745836969e-01,4.044896848777731480e-01,4.032148408098919501e-01,4.019941300032202625e-01,4.008304498153020812e-01,3.997265369785235056e-01,3.986850266859356950e-01,3.977084276896249437e-01,3.967991087017616603e-01,3.959592741048330589e-01,3.951910199008388247e-01,3.944962730152549724e-01,3.938768275261718133e-01,3.933342768719901850e-01,3.928701119141830289e-01,3.924856158247706506e-01,3.921819464385023490e-01,3.919600586347908866e-01,3.918207770948694546e-01,3.917647321160332430e-01,3.917923847754350430e-01,3.919040361314520271e-01,3.920998216547236237e-01,3.923796919578233511e-01,3.927434404472576746e-01,3.931906659030472984e-01,3.937208440806540533e-01,3.943332568623862944e-01,3.950270050287756352e-01,3.958010730466067773e-01,3.966542371186719262e-01,3.975851600453215173e-01,3.985923245887406097e-01,3.996740639546207952e-01,4.008285883852804043e-01,4.020539332703403357e-01,4.033480267953247766e-01,4.047086347733954703e-01,4.061334389726325433e-01,4.076199393590597131e-01,4.091655722883935642e-01,4.107676265860654152e-01,4.124233102407663387e-01,4.141297041006694601e-01,4.158838176730407787e-01,4.176825630780413023e-01,4.195227597545785891e-01,4.214011752606056649e-01,4.233145048826875700e-01,4.252593628019312177e-01,4.272323187085301233e-01,4.292298920637183102e-01,4.312485812908288252e-01,4.332848224837381745e-01,4.353350447620523700e-01,4.373956446216916150e-01,4.394630049314933173e-01,4.415335193072049691e-01,4.436035648749641624e-01,4.456695291110242541e-01,4.477278291804698274e-01,4.497748798792183811e-01,4.518071299754467529e-01,4.538210824949838740e-01,4.558132723067915282e-01,4.577802533284989761e-01,4.597186807495293737e-01,4.616252291327038182e-01,4.634966536440409124e-01,4.653297749342021339e-01,4.671215052788681432e-01,4.688688167560305931e-01,4.705687760514160600e-01,4.722185636698553179e-01,4.738153895474337407e-01,4.753566302706663249e-01,4.768397381565033233e-01,4.782622947947500203e-01,4.796219371517878582e-01,4.809164827125572139e-01,4.821438296357736242e-01,4.833019882884997953e-01,4.843891235579279586e-01,4.854035054207034294e-01,4.863435150302320986e-01,4.872076895745502956e-01,4.879946799236704047e-01,4.887032744655027683e-01,4.893323823918362403e-01,4.898810509305830951e-01,4.903484778528253707e-01,4.907339584138341593e-01,4.910369218979315220e-01,4.912569488202486179e-01,4.913937593523062253e-01,4.914471760866298555e-01,4.914171617723389063e-01,4.913037965973747756e-01,4.911073034588591679e-01,4.908280012947613402e-01,4.904663619201161673e-01,4.900229433751064345e-01,4.894984373757493845e-01,4.888936491552745012e-01,4.882094785410637794e-01,4.874469566664379472e-01,4.866072029087081807e-01,4.856914320233668425e-01,4.847009505097606974e-01,4.836371829907253894e-01,4.825016100457591994e-01,4.812958379212835536e-01,4.800215096814565152e-01,4.786803608496368878e-01,4.772742353019432393e-01,4.758049799985518136e-01,4.742745509448390573e-01,4.726849542150715622e-01,4.710382512145331879e-01,4.693365515364719687e-01,4.675819967580490122e-01,4.657768190341253778e-01,4.639232224317526576e-01,4.620235005290713737e-01,4.600799376850709388e-01,4.580948577280253287e-01,4.560706251994516847e-01,4.540095844400335312e-01,4.519141113367133866e-01,4.497866129592011375e-01,4.476294441079878283e-01,4.454450164305245874e-01,4.432357031238162159e-01,4.410038836691961839e-01,4.387519516360751659e-01,4.364822350924198457e-01,4.341970937916023732e-01,4.318988452632662733e-01,4.295897927838734365e-01,4.272721937374963641e-01,4.249483141960117560e-01,4.226203676599549763e-01,4.202905281379717417e-01,4.179609651386988478e-01,4.156337604333340541e-01,4.133110085485020568e-01,4.109947347676413121e-01,4.086869418755003647e-01,4.063895669348568385e-01,4.041045172819714981e-01,4.018336404006063733e-01,3.995787659241458734e-01,3.973416399789550524e-01,3.951239806359316820e-01,3.929274576651817785e-01,3.907536871297398462e-01,3.886042342552117890e-01,3.864806110232027470e-01,3.843842963710084604e-01,3.823166946072240613e-01,3.802791813945397559e-01,3.782730824505020628e-01,3.762996572248116234e-01,3.743601332222963873e-01,3.724556885281160024e-01,3.705874515807193736e-01,3.687565030016502488e-01,3.669638841248760719e-01,3.652105820985949713e-01,3.634975457170034341e-01,3.618256904575399280e-01,3.601958715393074884e-01,3.586089341431444866e-01,3.570656447526731614e-01,3.555667710386251068e-01,3.541130061897967973e-01,3.527050537981094025e-01,3.513435371755761483e-01,3.500290631721125756e-01,3.487622239029818383e-01,3.475435501865093979e-01,3.463735727747146442e-01,3.452527672430358852e-01,3.441816007107174613e-01,3.431604978562310948e-01,3.421898745295143818e-01,3.412701008578612472e-01,3.404015397193891901e-01,3.395845182055730049e-01,3.388193626561845084e-01,3.381063258585185749e-01,3.374457090367424250e-01,3.368377393580995194e-01,3.362826254315923746e-01,3.357805826029685026e-01,3.353318052906930080e-01,3.349364159170552524e-01,3.345945862600273601e-01,3.343064184162611863e-01,3.340720112507415962e-01,3.338914440375356230e-01,3.337647644740930897e-01,3.336920056328281925e-01,3.336731875949590087e-01,3.337082740300490458e-01,3.337972519566833052e-01,3.339400546268203041e-01,3.341365830080224586e-01,3.343867282088838766e-01,3.346903517219004809e-01,3.350472947853708749e-01,3.354573499945490700e-01,3.359202782888101591e-01,3.364358456052339297e-01,3.370037354987402978e-01,3.376236528315720298e-01,3.382952138700769384e-01,3.390180268771436078e-01,3.397916494044723179e-01,3.406156307847008069e-01
5.605174983727689159e-02,5.595266017882082749e-02,5.589249415044760666e-02,5.587142251926847242e-02,5.588953311118518424e-02,5.594682726398250705e-02,5.604321775193930877e-02,5.617853380362648058e-02,5.635251829508914484e-02,5.656482963647585516e-02,5.681503816453172678e-02,5.710263300967690497e-02,5.742702267918692316e-02,5.778752867329955967e-02,5.818339757481376384e-02,5.861379477663712645e-02,5.907781026776161987e-02,5.957446018325535803e-02,6.010268849227323046e-02,6.066136768844429539e-02,6.124930581443895766e-02,6.186524672977620348e-02,6.250787008737443418e-02,6.317580178226045451e-02,6.386761070689331299e-02,6.458181566300594256e-02,6.531688376691420495e-02,6.607124420836765766e-02,6.684328052429125422e-02,6.763134497219899788e-02,6.843375237747832684e-02,6.924879329288585739e-02,7.007473114967757710e-02,7.090980994901591172e-02,7.175225933248809140e-02,7.260029964288851334e-02,7.345213573230077730e-02,7.430598020422961303e-02,7.516004025964573287e-02,7.601253143750158481e-02,7.686167885490632901e-02,7.770572151134785832e-02,7.854292385685383848e-02,7.937156209177076427e-02,8.018994908554563650e-02,8.099642450417977868e-02,8.178936428861385832e-02,8.256718409927664426e-02,8.332834459232545121e-02,8.407135022240889988e-02,8.479475925555850224e-02,8.549717794069806864e-02,8.617727876601537218e-02,8.683378535795423236e-02,8.746549267330579192e-02,8.807125718364446076e-02,8.865000642156223298e-02,8.920074061877057703e-02,8.972253111175332307e-02,9.021452364035212335e-02,9.067595299854300239e-02,9.110612076728009934e-02,9.150441838844707021e-02,9.187031399999145975e-02,9.220336504123675947e-02,9.250320865090869149e-02,9.276957523017947960e-02,9.300227211882468314e-02,9.320119888403213815e-02,9.336633835027495498e-02,9.349776246523219814e-02,9.359562498123023822e-02,9.366017614373431388e-02,9.369172968146216585e-02,9.369070102227887442e-02,9.365758204303319123e-02,9.359294065915076122e-02,9.349742858750978436e-02,9.337177693209269824e-02,9.321678506467762082e-02,9.303333055581475275e-02,9.282235675010647169e-02,9.258487817049712576e-02,9.232197514818026030e-02,9.203478463522425657e-02,9.172450932071052332e-02,9.139240098245637878e-02,9.103977037154260821e-02,9.066796913322767992e-02,9.027840140525146551e-02,8.987250656802783788e-02,8.945176561077597399e-02,8.901769158123191972e-02,8.857182733441013034e-02,8.811573788768271853e-02,8.765101769734041925e-02,8.717926800382017061e-02,8.670211043275059815e-02,8.622117108423126008e-02,8.573807961606043360e-02,8.525447040318899494e-02,8.477196728905286860e-02,8.429219259005452103e-02,8.381674800081953536e-02,8.334722509564414239e-02,8.288518548077092318e-02,8.243217797146402959e-02,8.198970958231202588e-02,8.155925821578804968e-02,8.114226786128192481e-02,8.074013866394999517e-02,8.035422740581239787e-02,7.998584358649406256e-02,7.963624022884871478e-02,7.930662196555218757e-02,7.899813136805106106e-02,7.871185163998489775e-02,7.844880373096288495e-02,7.820994122309256336e-02,7.799615080318299254e-02,7.780824456963951474e-02,7.764696443380851576e-02,7.751297781381588647e-02,7.740687640660390278e-02,7.732917197151993605e-02,7.728029796766082427e-02,7.726060933133932496e-02,7.727037744240218553e-02,7.730979101874710380e-02,7.737896466763832803e-02,7.747792222854674171e-02,7.760660611143517518e-02,7.776488210750107100e-02,7.795253130187568269e-02,7.816925310286065853e-02,7.841466838259060490e-02,7.868832048582451166e-02,7.898967165600191687e-02,7.931811188032336646e-02,7.967295331583025553e-02,8.005344020089597001e-02,8.045873993879268382e-02,8.088795965227783824e-02,8.134013534479699048e-02,8.181424253589994477e-02,8.230919393748986623e-02,8.282384750771321080e-02,8.335700716590029036e-02,8.390742511686352656e-02,8.447380370952892181e-02,8.505480136562754145e-02,8.564904221867589151e-02,8.625510690971449623e-02,8.687154515038035540e-02,8.749687635851116640e-02,8.812959577157519764e-02,8.876817924112696823e-02,8.941108167537727136e-02,9.005674400694228809e-02,9.070360555629283783e-02,9.135008850991468976e-02,9.199462821349722874e-02,9.263565578981929061e-02,9.327160823722176197e-02,9.390093935527843438e-02,9.452211387690026556e-02,9.513362143454734410e-02,9.573396813541994177e-02,9.632169802139779746e-02,9.689537762817673761e-02,9.745361082856419943e-02,9.799504728192957870e-02,9.851836948268739846e-02,9.902230668431609428e-02,9.950564587246811532e-02,9.996721845937425743e-02,1.004059171346211865e-01,1.008206820206884458e-01,1.012105306074250061e-01,1.015745292151744583e-01,1.019118163326816345e-01,1.022216002088655318e-01,1.025031573899613385e-01,1.027558366513546401e-01,1.029790592582703473e-01,1.031723247664119436e-01,1.033351994047240763e-01,1.034673453234997154e-01,1.035684841553856789e-01,1.036384309865972519e-01,1.036770667435411436e-01,1.036843651452412363e-01,1.036603708187451151e-01,1.036052115297449866e-01,1.035190928308243191e-01,1.034023015220248559e-01,1.032551944075649764e-01,1.030782156518894321e-01,1.028718779488585755e-01,1.026367669816477951e-01,1.023735480179703283e-01,1.020829473936824550e-01,1.017657687851360598e-01,1.014228755643224039e-01,1.010552025615192306e-01,1.006637366123951383e-01,1.002495319291000220e-01,9.981369504349860144e-02,9.935739001317443753e-02,9.888182278027710104e-02,9.838825476298712625e-02,9.787798665541302956e-02,9.735235813565154550e-02,9.681275218983287356e-02,9.626057705024841649e-02,9.569727204716801938e-02,9.512430714250293129e-02,9.454316839783913351e-02,9.395536399320097987e-02,9.336241115135775204e-02,9.276583952054640037e-02,9.216718740693291556e-02,9.156798954341015262e-02,9.096978594104872251e-02,9.037410103042904652e-02,8.978245709180823764e-02,8.919635922626255320e-02,8.861729793581460402e-02,8.804673569404965205e-02,8.748611434029072986e-02,8.693684939272784684e-02,8.640031556130541024e-02,8.587786113358117368e-02,8.537078434776780578e-02,8.488035105997009111e-02,8.440777296860031698e-02,8.395421516618860325e-02,8.352079443695960281e-02,8.310856948091686902e-02,8.271853888929076026e-02,8.235164586400778308e-02,8.200877175188431289e-02,8.169073045629932084e-02,8.139827355201306736e-02,8.113207770153930964e-02,8.089276102348852415e-02,8.068085897427761111e-02,8.049684057106736013e-02,8.034110310865699711e-02,8.021396736538406735e-02,8.011568036478879107e-02,8.004641685742243384e-02,8.000626695453011417e-02,7.999525627794447369e-02,8.001332834042841624e-02,8.006035603545232082e-02,8.013613789258500208e-02,8.024039643074777628e-02,8.037278266621188105e-02,8.053287729333735712e-02,8.072019175579436823e-02,8.093416646273172976e-02,8.117417655362686724e-02,8.143953327507552631e-02,8.172948707659481726e-02,8.204321987592255727e-02,8.237986639697941760e-02,8.273849510296309162e-02,8.311813297895262465e-02,8.351774635207201425e-02,8.393625653309072510e-02,8.437254879970788879e-02,8.482545643021369153e-02,8.529377895596003401e-02,8.577628824198452184e-02,8.627171274080965013e-02,8.677876382070348615e-02,8.729612273176509674e-02,8.782245407912153690e-02,8.835640121459491236e-02,8.889660053419168317e-02,8.944167874120281803e-02,8.999024878937572636e-02,9.054092923580268903e-02,9.109234237879589025e-02,9.164311144338041504e-02,9.219186902578684062e-02,9.273726598232868990e-02,9.327795970603261488e-02,9.381264238441570924e-02,9.434001370089013794e-02,9.485881334315798830e-02,9.536780742240562325e-02,9.586579212641943570e-02,9.635160216707479297e-02,9.682411780772617882e-02,9.728225631314948996e-02,9.772497970418299318e-02,9.815129886470300158e-02,9.856027723018735698e-02,9.895103082742182088e-02,9.932272809324488305e-02,9.967460293399270366e-02,1.000059344346577450e-01,1.003160745486296745e-01,1.006044311003105318e-01,1.008704776012327997e-01,1.011137552550862018e-01,1.013338652407218266e-01,1.015304782366103914e-01,1.017033308869469688e-01,1.018522280948075537e-01,1.019770471662862082e-01,1.020777197815875698e-01,1.021542666582303527e-01,1.022067525639905189e-01,1.022353244335185291e-01,1.022401904888027430e-01,1.022216242517681728e-01,1.021799632936770397e-01,1.021156048066232114e-01,1.020290116310287182e-01,1.019207056097738429e-01,1.017912643923055832e-01,1.016413249200380925e-01,1.014715719373469049e-01,1.012827473572247838e-01,1.010756427461182161e-01,1.008510872142837356e-01,1.006099651028881659e-01,1.003531950654174554e-01,1.000817386735478043e-01,9.979658649514785984e-02,9.949876832773302260e-02,9.918933584215300359e-02,9.886936933756182433e-02,9.853997499719131803e-02,9.820227507734323458e-02,9.785740385480085068e-02,9.750651384290115464e-02,9.715076198510837202e-02,9.679131165717126672e-02,9.642932410458521231e-02,9.606596549480445058e-02,9.570239311819207784e-02,9.533975193229107803e-02,9.497917521662216367e-02,9.462178498481066402e-02,9.426867960262753920e-02,9.392093505821684507e-02,9.357960041830454267e-02,9.324569729858034339e-02,9.292021476991481344e-02,9.260410432907532907e-02,9.229828299030319594e-02,9.200362133213900451e-02,9.172095053664243436e-02,9.145105234895449520e-02,9.119466426975371409e-02,9.095246922846239590e-02,9.072509363582639819e-02,9.051311524558347532e-02,9.031705541317766595e-02,9.013736834208212201e-02,8.997445622454616765e-02,8.982865709367449103e-02,8.970024727128540765e-02,8.958944077915458049e-02,8.949638093955897267e-02,8.942115604028545717e-02,8.936378252659035737e-02,8.932421516418752316e-02,8.930233987260148554e-02,8.929798202332279999e-02,8.931089973176507824e-02,8.934078467040004745e-02,8.938727299301091334e-02,8.944992816887026299e-02,8.952825788699940446e-02,8.962171356659567878e-02,8.972968338606726602e-02,8.985149808822490147e-02,8.998643400655968738e-02,9.013372021044055438e-02,9.029252575605430098e-02,9.046198255358874063e-02,9.064116522773467410e-02,9.082911207511625007e-02,9.102481955811110581e-02,9.122724482218490250e-02,9.143531121759286562e-02,9.164791272563302393e-02,9.186390840345882991e-02,9.208214283633806008e-02,9.230142942482004453e-02,9.252056743901655722e-02,9.273833875080468581e-02,9.295351727695802535e-02,9.316486663966160042e-02,9.337114963158221759e-02,9.357112572041337284e-02,9.376355762636782998e-02,9.394722162822928546e-02,9.412089375485872822e-02,9.428337426788364894e-02,9.443347706652477358e-02,9.457003755536588785e-02,9.469192188619775241e-02,9.479801713209798364e-02,9.488724566862359600e-02,9.495857144765330882e-02,9.501098522708149863e-02,9.504353534655628211e-02,9.505530304013908027e-02,9.504542208825141059e-02,9.501307737913550211e-02,9.495750798843531626e-02,9.487801002787246696e-02,9.477393644047042709e-02,9.464470673341192353e-02,9.448979471049620549e-02,9.430874918014627017e-02,9.410117668938232371e-02,9.386676260539576766e-02,9.360525524148215204e-02,9.331647810977405921e-02,9.300032176730864408e-02
7.296562657302417820e-01,7.283678586390055498e-01,7.269966015541128312e-01,7.255430814532154438e-01,7.240080055263399261e-01,7.223922048641806537e-01,7.206966971137452882e-01,7.189225577399391831e-01,7.170710862419232834e-01,7.151436621135732752e-01,7.131418494329787583e-01,7.110673298074964288e-01,7.089219340708100559e-01,7.067076219737102871e-01,7.044265291657962891e-01,7.020808989289942792e-01,6.996731260823598753e-01,6.972057402420844818e-01,6.946814028632261051e-01,6.921029329153830512e-01,6.894732348941462474e-01,6.867953883486610511e-01,6.840725591486429558e-01,6.813080797002046829e-01,6.785053457883643002e-01,6.756679088657775445e-01,6.727994188912973517e-01,6.699036204156394447e-01,6.669843504353234476e-01,6.640455781296747961e-01,6.610913332232587480e-01,6.581257193135274797e-01,6.551529155485940059e-01,6.521772275125300444e-01,6.492029333713957850e-01,6.462344524403422774e-01,6.432761928229143722e-01,6.403326493545918874e-01,6.374083116439327457e-01,6.345077230566600335e-01,6.316354341407121042e-01,6.287960356346671276e-01,6.259940762958509097e-01,6.232341283669208254e-01,6.205207320903980417e-01,6.178584613018859306e-01,6.152517666422702147e-01,6.127051472294674506e-01,6.102229919394696056e-01,6.078096936695936980e-01,6.054695099950861970e-01,6.032067018271914938e-01,6.010254047408880584e-01,5.989296643722190616e-01,5.969234452788545475e-01,5.950105962849532304e-01,5.931948620426976682e-01,5.914798515949497570e-01,5.898690612554375878e-01,5.883658468593688795e-01,5.869734055787177995e-01,5.856948044156152777e-01,5.845329435112330829e-01,5.834905589090358946e-01,5.825702019763142614e-01,5.817742792625998360e-01,5.811049851398549793e-01,5.805643459722925614e-01,5.801541698314666151e-01,5.798761138267457538e-01,5.797315742662114690e-01,5.797217947296426921e-01,5.798477777497832442e-01,5.801103231750514011e-01,5.805100035143353487e-01,5.810471971703313754e-01,5.817220497247681532e-01,5.825344750297679619e-01,5.834841667643688723e-01,5.845706298560865433e-01,5.857931038642849586e-01,5.871506120280762797e-01,5.886419969228953164e-01,5.902658121246926459e-01,5.920204561895724416e-01,5.939040523343088740e-01,5.959145655411712816e-01,5.980497220729769081e-01,6.003070237725440794e-01,6.026837980188001209e-01,6.051771537010832702e-01,6.077840046524340956e-01,6.105010849202555656e-01,6.133249348440310555e-01,6.162519292331810616e-01,6.192782304315224140e-01,6.223999056988451795e-01,6.256127996208324937e-01,6.289126321939125797e-01,6.322949907913338885e-01,6.357552921753698572e-01,6.392888565914700560e-01,6.428908987039421152e-01,6.465564697601001720e-01,6.502805623611332964e-01,6.540581020610554130e-01,6.578838579817682941e-01,6.617525934548561528e-01,6.656589993058158461e-01,6.695976838043716795e-01,6.735632673134666071e-01,6.775502732779602466e-01,6.815532650996533048e-01,6.855667589102263371e-01,6.895853022854132597e-01,6.936034275210161137e-01,6.976157146793746655e-01,7.016167482466728611e-01,7.056011858803827863e-01,7.095637097141791472e-01,7.134990927325497445e-01,7.174021729503310407e-01,7.212678789536988155e-01,7.250911954665886228e-01,7.288672770511555044e-01,7.325913346452845865e-01,7.362587366455106697e-01,7.398649608736027616e-01,7.434056547528684611e-01,7.468765644748569521e-01,7.502736681387973672e-01,7.535930125032479499e-01,7.568309067911124233e-01,7.599837994312192979e-01,7.630483117112634162e-01,7.660212796717843498e-01,7.688997523579993443e-01,7.716809145287478744e-01,7.743622340488667266e-01,7.769413771109913158e-01,7.794161870660257785e-01,7.817847640064014003e-01,7.840454308325959243e-01,7.861967141005585802e-01,7.882373892015195338e-01,7.901664512150959885e-01,7.919831292869258244e-01,7.936869238725714482e-01,7.952774793175294565e-01,7.967547680876256866e-01,7.981189071984147176e-01,7.993703337546504972e-01,8.005096257000241522e-01,8.015376368725674050e-01,8.024554653998705600e-01,8.032643707627492580e-01,8.039658451861904087e-01,8.045616332658522829e-01,8.050536508645228517e-01,8.054440051433661152e-01,8.057350245087746554e-01,8.059292280308113510e-01,8.060292908573896131e-01,8.060381020687376052e-01,8.059587047382157365e-01,8.057942947812725132e-01,8.055482297323046659e-01,8.052240190247667018e-01,8.048253235263396199e-01,8.043558886591146706e-01,8.038196097673193652e-01,8.032205123007328806e-01,8.025626716930500670e-01,8.018503220681509891e-01,8.010876879191795030e-01,8.002791830430805442e-01,7.994291689711883198e-01,7.985421313576330782e-01,7.976225481288470309e-01,7.966749876939074326e-01,7.957039719727047045e-01,7.947140774613107306e-01,7.937098421709970486e-01,7.926958557479051315e-01,7.916766076271131158e-01,7.906566054281464195e-01,7.896402881349453562e-01,7.886320552747346779e-01,7.876362454248498901e-01,7.866571074685444476e-01,7.856988293448313732e-01,7.847654851746886928e-01,7.838610676094799334e-01,7.829894572404333397e-01,7.821544026136919570e-01,7.813595136220050641e-01,7.806082873753816820e-01,7.799040980152769365e-01,7.792501192629244233e-01,7.786493844541501064e-01,7.781047914738090654e-01,7.776190432622956950e-01,7.771946457268833486e-01,7.768339853285681773e-01,7.765391734094282405e-01,7.763122363131241821e-01,7.761549023382369183e-01,7.760687606060333588e-01,7.760551951294571982e-01,7.761153629848862590e-01,7.762502205184068638e-01,7.764605280659233610e-01,7.767468185533070724e-01,7.771094177510149414e-01,7.775484609040035355e-01,7.780638411200192506e-01,7.786552411994709377e-01,7.793221756232973085e-01,7.800639123689725452e-01,7.808795006837752073e-01,7.817678257169969891e-01,7.827275614728114173e-01,7.837571624397301484e-01,7.848549057487909097e-01,7.860188724669796567e-01,7.872469884101807036e-01,7.885369534695065852e-01,7.898863423363496894e-01,7.912925055927254592e-01,7.927526561072315570e-01,7.942638977483028606e-01,7.958230993652180008e-01,7.974270600518343910e-01,7.990724284971861824e-01,8.007556848845883701e-01,8.024732626598362062e-01,8.042213992131931333e-01,8.059963289010658727e-01,8.077941131819187381e-01,8.096107847091839060e-01,8.114422357874414571e-01,8.132843768601293322e-01,8.151329938193826452e-01,8.169838634984492032e-01,8.188327018862631146e-01,8.206752220811845966e-01,8.225070786559649516e-01,8.243239913379514228e-01,8.261215882103403185e-01,8.278955725009012889e-01,8.296416382567407544e-01,8.313555133783941953e-01,8.330329888321813536e-01,8.346698545890728349e-01,8.362619820082966005e-01,8.378053439308797978e-01,8.392959096380324668e-01,8.407297946084674178e-01,8.421031696612351070e-01,8.434123194627176634e-01,8.446536495813891099e-01,8.458236245790081709e-01,8.469189122863673980e-01,8.479362025742127607e-01,8.488724078221016045e-01,8.497245669404287494e-01,8.504898169227250726e-01,8.511655042522682235e-01,8.517491009187753148e-01,8.522382092238539597e-01,8.526306885611062425e-01,8.529244681751102508e-01,8.531177318818680133e-01,8.532087870402452756e-01,8.531961499729109333e-01,8.530784939770158504e-01,8.528547077560755252e-01,8.525238346694186120e-01,8.520851455514040218e-01,8.515380447260687546e-01,8.508822035943569562e-01,8.501173763366131064e-01,8.492436131205590710e-01,8.482610784150759198e-01,8.471701587294246938e-01,8.459714111501347444e-01,8.446655805277242246e-01,8.432535820320484765e-01,8.417365432594420271e-01,8.401157271686926498e-01,8.383925801407613454e-01,8.365687298540188666e-01,8.346459426349329691e-01,8.326261799056909885e-01,8.305115325399515802e-01,8.283042423894161344e-01,8.260067033561725447e-01,8.236214454078091274e-01,8.211511399970450320e-01,8.185985501317446511e-01,8.159666413865238610e-01,8.132584021769976301e-01,8.104769876449054999e-01,8.076256333831293155e-01,8.047076699243885800e-01,8.017265235013553148e-01,7.986857184641814600e-01,7.955888042591479081e-01,7.924394436986795798e-01,7.892413569194692835e-01,7.859982620164295275e-01,7.827139921372164855e-01,7.793923763359553725e-01,7.760373165352851821e-01,7.726526659204789871e-01,7.692423513106811939e-01,7.658102962322210772e-01,7.623604237921922655e-01,7.588966412265298889e-01,7.554228504904243469e-01,7.519429507780138744e-01,7.484607708036808971e-01,7.449801590152221875e-01,7.415049070220049998e-01,7.380387352118095157e-01,7.345853513042658323e-01,7.311483878262091674e-01,7.277314055099839418e-01,7.243379180253962657e-01,7.209713515421606322e-01,7.176350821771073640e-01,7.143323556812281039e-01,7.110663864171195003e-01,7.078402529863691006e-01,7.046569414428076605e-01,7.015193868467661797e-01,6.984303853261343287e-01,6.953926170411927066e-01,6.924086839176125663e-01,6.894810786758476251e-01,6.866121708603091234e-01,6.838041799871856785e-01,6.810592947174199940e-01,6.783795087151700542e-01,6.757667587752093086e-01,6.732228104359370136e-01,6.707493185498408783e-01,6.683478682190218123e-01,6.660198848635781044e-01,6.637666558130055350e-01,6.615893969448578549e-01,6.594891802617436349e-01,6.574669615427634062e-01,6.555236060163381895e-01,6.536598128626767146e-01,6.518762243398665834e-01,6.501733285877855373e-01,6.485515468949184514e-01,6.470111648282876882e-01,6.455523441398035578e-01,6.441752222428551722e-01,6.428797619215441683e-01,6.416658534603482122e-01,6.405333057184051659e-01,6.394818263132199254e-01,6.385110342171534947e-01,6.376204899053138364e-01,6.368096359781025839e-01,6.360778595877554231e-01,6.354244967836178981e-01,6.348487454971214472e-01,6.343498210290774431e-01,6.339268306896995719e-01,6.335788139909819261e-01,6.333047761352907923e-01,6.331036626476231888e-01,6.329743681123348731e-01,6.329157628917644329e-01,6.329266616130034828e-01,6.330058127426244630e-01,6.331519854623501864e-01,6.333638606217213418e-01,6.336401113924279294e-01,6.339794185982319252e-01,6.343803767405169491e-01,6.348416378419712292e-01,6.353617568607077271e-01,6.359393216235779134e-01,6.365728988993869519e-01,6.372610532647519088e-01,6.380023192165438228e-01,6.387952265284908560e-01,6.396383379820830273e-01,6.405301632346930285e-01,6.414692583527684677e-01,6.424541214342580631e-01,6.434833190080735399e-01,6.445553734798210588e-01,6.456688173837324962e-01,6.468222096560061196e-01,6.480141018279891307e-01,6.492430632333199281e-01,6.505076310273680829e-01,6.518063676362199077e-01,6.531378938073311158e-01,6.545007311801438465e-01,6.558935044695695105e-01,6.573147883910476219e-01,6.587631967879498118e-01,6.602373048373998410e-01,6.617357517707638248e-01,6.632571189979722392e-01,6.648000480767984888e-01,6.663631192881903642e-01,6.679449576898958130e-01,6.695441793979171052e-01,6.711594013894057742e-01,6.727892126359570346e-01,6.744322505860449457e-01,6.760870810503657458e-01,6.777523155427577217e-01,6.794265343428385062e-01,6.811083163679227948e-01,6.827962078572322735e-01,6.844887924666572809e-01,6.861845980195792061e-01,6.878821541166096898e-01
2.327038138643753029e-01,2.308593366059490670e-01,2.289962524383468423e-01,2.271179381580650525e-01,2.252278206759804335e-01,2.233293992907002812e-01,2.214262257852392668e-01,2.195218989366978235e-01,2.176200705694782411e-01,2.157244100807113041e-01,2.138386311526137007e-01,2.119664521546959501e-01,2.101116250563224985e-01,2.082778771008825247e-01,2.064689689236663128e-01,2.046886320235790924e-01,2.029405786288738800e-01,2.012285080802499182e-01,1.995560845608942147e-01,1.979269278294022438e-01,1.963446227098229746e-01,1.948126828074083494e-01,1.933345856694120291e-01,1.919137178544877420e-01,1.905534022023631091e-01,1.892568809073358060e-01,1.880272995740182584e-01,1.868677096055397224e-01,1.857810752255681375e-01,1.847702268534086312e-01,1.838379025714478032e-01,1.829867095553411316e-01,1.822191312057734880e-01,1.815375202840852353e-01,1.809440896880745719e-01,1.804409079507347247e-01,1.800299081313326832e-01,1.797128579817485472e-01,1.794913813392362278e-01,1.793669417896574803e-01,1.793408277581023669e-01,1.794141750277283565e-01,1.795879422685223437e-01,1.798629142521691870e-01,1.802397139453470187e-01,1.807187760529741505e-01,1.813003547706216467e-01,1.819845416357874501e-01,1.827712270374685088e-01,1.836601279206981630e-01,1.846507873434595770e-01,1.857425610235818314e-01,1.869346140685855251e-01,1.882259419007837886e-01,1.896153610384218868e-01,1.911015007250616293e-01,1.926828227566494689e-01,1.943576032996969516e-01,1.961239599993766514e-01,1.979798385299779140e-01,1.999230079496462642e-01,2.019510723996462698e-01,2.040614973663519571e-01,2.062515714561190816e-01,2.085184394031781296e-01,2.108591065485627691e-01,2.132704182753313027e-01,2.157491083325554782e-01,2.182917594986347187e-01,2.208948254130824740e-01,2.235546571399774640e-01,2.262674811340963932e-01,2.290294065733959883e-01,2.318364761939872287e-01,2.346845913574399090e-01,2.375696024520562166e-01,2.404872577875136197e-01,2.434332400061404167e-01,2.464031636564207040e-01,2.493925816475776602e-01,2.523970084800636338e-01,2.554118905643746884e-01,2.584326642990507628e-01,2.614547239773713505e-01,2.644734375701645601e-01,2.674841627148224488e-01,2.704822694645606651e-01,2.734631145011580666e-01,2.764220586721913286e-01,2.793544935631796511e-01,2.822558304824805964e-01,2.851215232614509043e-01,2.879470509364690511e-01,2.907279541003650603e-01,2.934598280834315176e-01,2.961383285894942929e-01,2.987591773386161775e-01,3.013181813593264757e-01,3.038112378658039958e-01,3.062343116454608882e-01,3.085834868821968890e-01,3.108549497922307170e-01,3.130449915157679230e-01,3.151500121703769697e-01,3.171665499137551469e-01,3.190912614871080910e-01,3.209209343660535119e-01,3.226524869490997038e-01,3.242830067024324858e-01,3.258096944625693547e-01,3.272299318557655434e-01,3.285412322287763476e-01,3.297412650220424846e-01,3.308278965546452288e-01,3.317991089614592548e-01,3.326530896125841075e-01,3.333881891904341144e-01,3.340029184735119894e-01,3.344959648909500149e-01,3.348662055833125928e-01,3.351126641448846644e-01,3.352345861580505737e-01,3.352313540075965714e-01,3.351025472608021305e-01,3.348479251262114764e-01,3.344674358214771992e-01,3.339611797850418062e-01,3.333294410143317621e-01,3.325726969371115005e-01,3.316915821968547951e-01,3.306869146787350111e-01,3.295596708726790669e-01,3.283110015555175676e-01,3.269422297332877925e-01,3.254548298275476426e-01,3.238504491197456980e-01,3.221308702578895011e-01,3.202980537645345183e-01,3.183540896466893755e-01,3.163012308276919593e-01,3.141418487414008309e-01,3.118784815975376157e-01,3.095137566545512198e-01,3.070504807043245021e-01,3.044915299285193000e-01,3.018399548791557141e-01,2.990988682227141982e-01,2.962715005815480529e-01,2.933612125036304530e-01,2.903714268742533799e-01,2.873056668197413455e-01,2.841675586305839052e-01,2.809607759943109628e-01,2.776890893183937559e-01,2.743563189782948775e-01,2.709663530486045024e-01,2.675231465507070250e-01,2.640306759744669995e-01,2.604929924279622555e-01,2.569141544595405224e-01,2.532982729151767587e-01,2.496494549013749398e-01,2.459718741162626177e-01,2.422696718401328719e-01,2.385470041905642102e-01,2.348080495700713144e-01,2.310569575551842947e-01,2.272978887212778187e-01,2.235349694841438917e-01,2.197723122508880300e-01,2.160140038285789654e-01,2.122641018836458338e-01,2.085266102838665703e-01,2.048055144595678501e-01,2.011047357697006155e-01,1.974281479072942380e-01,1.937795709002001765e-01,1.901627597473225240e-01,1.865814158587322524e-01,1.830391590889055842e-01,1.795395373724797405e-01,1.760860283196525045e-01,1.726820219122902900e-01,1.693308320041268245e-01,1.660356831329303784e-01,1.627997103671047774e-01,1.596259439895408860e-01,1.565173390408640397e-01,1.534767407818618534e-01,1.505069027472006882e-01,1.476104593253582953e-01,1.447899499106052867e-01,1.420478224402018652e-01,1.393863884327476432e-01,1.368078777991399431e-01,1.343143941709250000e-01,1.319079358397644841e-01,1.295903853710062004e-01,1.273635102406814601e-01,1.252289777085448530e-01,1.231883255079964518e-01,1.212429929130018624e-01,1.193942912977460219e-01,1.176434188687552757e-01,1.159914725072368202e-01,1.144394308906204888e-01,1.129881471869182558e-01,1.116383819502180380e-01,1.103907831997573419e-01,1.092458621268348612e-01,1.082040598397577130e-01,1.072656761903051092e-01,1.064309225353353150e-01,1.056999002818296007e-01,1.050726135040821047e-01,1.045489448111255049e-01,1.041286970136455492e-01,1.038115636251520230e-01,1.035971405555994040e-01,1.034849298818553837e-01,1.034743469231298313e-01,1.035647017610314552e-01,1.037552256845780396e-01,1.040450630272279353e-01,1.044332604747590654e-01,1.049187954610423523e-01,1.055005606740509472e-01,1.061773700704355117e-01,1.069479490219801543e-01,1.078109684116048267e-01,1.087650184474575898e-01,1.098086105187823930e-01,1.109402137513513797e-01,1.121581980011517043e-01,1.134608924846734757e-01,1.148465714853252051e-01,1.163134277385674265e-01,1.178596210873100458e-01,1.194832485543982498e-01,1.211823455446736780e-01,1.229549215511424320e-01,1.247989147554056516e-01,1.267122288195267066e-01,1.286927372750168996e-01,1.307382566867344720e-01,1.328465674660618823e-01,1.350154144726119221e-01,1.372425219575221511e-01,1.395255685706925097e-01,1.418622002241440583e-01,1.442500494258190935e-01,1.466867149901461831e-01,1.491697594556276874e-01,1.516967508954212285e-01,1.542652267216653994e-01,1.568726842325656179e-01,1.595166412248180399e-01,1.621945839131596345e-01,1.649039741544467697e-01,1.676422821390146922e-01,1.704069634217933171e-01,1.731954752717696222e-01,1.760052579904532455e-01,1.788337580235598856e-01,1.816783998982578197e-01,1.845366429243141260e-01,1.874059193064158413e-01,1.902836872593058337e-01,1.931673977003062204e-01,1.960545156698927372e-01,1.989425077466001612e-01,2.018288695638514041e-01,2.047110788991264585e-01,2.075866757626264325e-01,2.104531626336452743e-01,2.133081128898876022e-01,2.161490728517089233e-01,2.189736395586019679e-01,2.217794360931848729e-01,2.245640885878385229e-01,2.273252793976421882e-01,2.300607040224051103e-01,2.327680880496262039e-01,2.354451978804395218e-01,2.380898315829613199e-01,2.406998090109592481e-01,2.432730367077435840e-01,2.458074024970929305e-01,2.483008680174041416e-01,2.507514442907350927e-01,2.531571697960598999e-01,2.555161475564564633e-01,2.578265189224762111e-01,2.600864901270311114e-01,2.622943097592737582e-01,2.644482896755928070e-01,2.665467878699364079e-01,2.685882304360502348e-01,2.705711167739647816e-01,2.724939845750205536e-01,2.743554472757461782e-01,2.761542050033547469e-01,2.778889782147019871e-01,2.795586097657491997e-01,2.811619732224856505e-01,2.826980469082812641e-01,2.841658553210478222e-01,2.855645274660143507e-01,2.868932506333330412e-01,2.881512834238476595e-01,2.893379943060339077e-01,2.904528075732132342e-01,2.914952331095613247e-01,2.924648882953704288e-01,2.933614362226767969e-01,2.941846521156838978e-01,2.949343898909265183e-01,2.956106046113278762e-01,2.962133120463081304e-01,2.967426377760783995e-01,2.971987879157705903e-01,2.975820517440305180e-01,2.978928289074709301e-01,2.981315909050100132e-01,2.982988931866886739e-01,2.983953955056270479e-01,2.984218371597240349e-01,2.983790499618934056e-01,2.982679535576387986e-01,2.980895438937267161e-01,2.978449207504865193e-01,2.975352626195491568e-01,2.971618348960478051e-01,2.967259622306431255e-01,2.962290854102335169e-01,2.956727068690117588e-01,2.950584122471709425e-01,2.943878426207415799e-01,2.936627567885907730e-01,2.928849522262984006e-01,2.920562962749825298e-01,2.911787428858211291e-01,2.902542950057976356e-01,2.892850315469502887e-01,2.882730772458987900e-01,2.872206188136174898e-01,2.861298975937528466e-01,2.850032015251350859e-01,2.838428746931875857e-01,2.826512890233321418e-01,2.814308762542879205e-01,2.801840813242685302e-01,2.789133965232921675e-01,2.776213461397357696e-01,2.763104695297488589e-01,2.749833234060666820e-01,2.736424945536569675e-01,2.722905570373524986e-01,2.709301249769566211e-01,2.695637937130030970e-01,2.681941672113337116e-01,2.668238389902548025e-01,2.654553825372812925e-01,2.640913834757784295e-01,2.627343797588183594e-01,2.613869054194964958e-01,2.600514656002513303e-01,2.587305149561711648e-01,2.574264890251877214e-01,2.561417687198479509e-01,2.548787111733292754e-01,2.536395845494173185e-01,2.524266497677438714e-01,2.512420603812825504e-01,2.500879462719816093e-01,2.489663417947299839e-01,2.478792223009799733e-01,2.468284911981806218e-01,2.458159646946889154e-01,2.448433728989256597e-01,2.439123792928277468e-01,2.430245303879211560e-01,2.421812895967577761e-01,2.413840300671800665e-01,2.406340256107880882e-01,2.399324341095417645e-01,2.392803257224401792e-01,2.386786494914030776e-01,2.381282484730876114e-01,2.376298521481862713e-01,2.371840848859060880e-01,2.367914504345058069e-01,2.364523296545473774e-01,2.361670007087165735e-01,2.359356026148558549e-01,2.357581728500217355e-01,2.356346052997204121e-01,2.355647190973865490e-01,2.355481537062452391e-01,2.355844740195228715e-01,2.356731012978723061e-01,2.358133447449963782e-01,2.360044040628460627e-01,2.362453432766646599e-01,2.365351270421172103e-01,2.368725972174859362e-01,2.372564913155214283e-01,2.376854242717135468e-01,2.381579224132252537e-01,2.386723830945738090e-01,2.392271322306370740e-01,2.398203731827254215e-01,2.404502150565379359e-01,2.411146949547154639e-01,2.418117408473918206e-01,2.425392004590975759e-01,2.432948588247183241e-01,2.440764030239039317e-01,2.448814627329736759e-01,2.457076028911479304e-01,2.465523186619419660e-01,2.474130466093692193e-01,2.482871903434406835e-01,2.491720950619688013e-01,2.500650668962671741e-01,2.509633798587098119e-01,2.518642788809437039e-01
7.255536615337616624e-01,7.280126641583533065e-01,7.302931469343819648e-01,7.323945833780635128e-01,7.343168152137425908e-01,7.360599616606413598e-01,7.376243716123989103e-01,7.390107269438886961e-01,7.402199574557266626e-01,7.412532431796238219e-01,7.421120687984117392e-01,7.427981097432407864e-01,7.433133027225347078e-01,7.436598583530382722e-01,7.438401517901415128e-01,7.438568029797325565e-01,7.437126643619359490e-01,7.434107376161798175e-01,7.429542529544898022e-01,7.423465928643722123e-01,7.415913584757651833e-01,7.406922330969122337e-01,7.396531306249104487e-01,7.384780311813501363e-01,7.371711185357170404e-01,7.357366326407102086e-01,7.341789551420575544e-01,7.325025356052655701e-01,7.307119445907460653e-01,7.288118401215674114e-01,7.268068922125096032e-01,7.247018696467723009e-01,7.225015567099611902e-01,7.202108145541559203e-01,7.178345188914289077e-01,7.153775127186869920e-01,7.128447074555043228e-01,7.102409839170995554e-01,7.075712135050190588e-01,7.048402565540747844e-01,7.020529353217903612e-01,6.992140398807162871e-01,6.963283089292765515e-01,6.934004202478868395e-01,6.904350187238028624e-01,6.874366529547821791e-01,6.844098204474172720e-01,6.813589327841902410e-01,6.782882956600292390e-01,6.752021519739631605e-01,6.721046318807776254e-01,6.689997622047851866e-01,6.658914633527137639e-01,6.627835624628853894e-01,6.596797526542350631e-01,6.565836163927485369e-01,6.534986192866734100e-01,6.504280873740211355e-01,6.473752748949450631e-01,6.443432183375518152e-01,6.413349133121792889e-01,6.383532085774163978e-01,6.354007508349727162e-01,6.324801597959697208e-01,6.295938707995031303e-01,6.267441978774290767e-01,6.239333076584540061e-01,6.211632967701278263e-01,6.184360459994100445e-01,6.157534156845898554e-01,6.131170615270999935e-01,6.105285429569627942e-01,6.079893220736627413e-01,6.055007308124834564e-01,6.030639599625235991e-01,6.006801477884734508e-01,5.983502719037485651e-01,5.960752729988711973e-01,5.938558951409959041e-01,5.916928803054989361e-01,5.895868103949957195e-01,5.875382292379001115e-01,5.855475673130683401e-01,5.836151947295019626e-01,5.817413657817035455e-01,5.799263080048845387e-01,5.781701628282732708e-01,5.764729909328694113e-01,5.748348298147305524e-01,5.732556292773245410e-01,5.717352978726294443e-01,5.702737096402726857e-01,5.688706663040581368e-01,5.675259551347050513e-01,5.662393053968366452e-01,5.650104332877167179e-01,5.638390127060630697e-01,5.627247017925821604e-01,5.616671095238645606e-01,5.606658551399776869e-01,5.597205323132208310e-01,5.588307139803880830e-01,5.579959585596779847e-01,5.572158204099195711e-01,5.564898289959627764e-01,5.558175462834102909e-01,5.551984768269100368e-01,5.546321748266137552e-01,5.541181611822213471e-01,5.536559431217800142e-01,5.532450637132566573e-01,5.528850454595745090e-01,5.525754123969108811e-01,5.523156842892898988e-01,5.521053949414223005e-01,5.519440876377668115e-01,5.518312603532308236e-01,5.517664759939787666e-01,5.517492298367198122e-01,5.517790537152794661e-01,5.518554841268320521e-01,5.519780237596579875e-01,5.521461832038425666e-01,5.523594759821407463e-01,5.526173839885230032e-01,5.529193944485228940e-01,5.532649784426830752e-01,5.536535767133401453e-01,5.540846461459765226e-01,5.545575947942184003e-01,5.550718200675657243e-01,5.556266881461827678e-01,5.562215536414467643e-01,5.568557179688764514e-01,5.575284963285905837e-01,5.582391256549609215e-01,5.589868198952447909e-01,5.597707762473573823e-01,5.605901152442485103e-01,5.614439469818702788e-01,5.623313416166439982e-01,5.632512855988119904e-01,5.642027766162961422e-01,5.651846918517938745e-01,5.661959088918249172e-01,5.672352545576162530e-01,5.683014690743400932e-01,5.693932640409806734e-01,5.705092893892169670e-01,5.716481381481989255e-01,5.728083585548020551e-01,5.739884083127100300e-01,5.751867407710051783e-01,5.764016960298548042e-01,5.776316135805058538e-01,5.788747400659556286e-01,5.801292714063626121e-01,5.813933647700559870e-01,5.826651121959259827e-01,5.839425734762913045e-01,5.852237532106546736e-01,5.865065605249942804e-01,5.877889649574892239e-01,5.890688029262272085e-01,5.903439114437964985e-01,5.916120884172483274e-01,5.928710874366444061e-01,5.941186552173851609e-01,5.953525023251533543e-01,5.965703163401933073e-01,5.977697839088289555e-01,5.989485574044413063e-01,6.001042963267572139e-01,6.012346601344078501e-01,6.023373211874403221e-01,6.034099287517052934e-01,6.044501865534037677e-01,6.054557776930390434e-01,6.064244420879798536e-01,6.073539385930283308e-01,6.082420668208895487e-01,6.090866576706503999e-01,6.098856093253363087e-01,6.106368513665521025e-01,6.113384133822044042e-01,6.119883366964434801e-01,6.125847914738372646e-01,6.131259986545880558e-01,6.136102484822670844e-01,6.140359575300332606e-01,6.144016220201642398e-01,6.147058440851216332e-01,6.149473369547360235e-01,6.151249180664165594e-01,6.152375202502693430e-01,6.152842393285513634e-01,6.152642598401749652e-01,6.151769131172513116e-01,6.150216573204536630e-01,6.147981151511595632e-01,6.145060625786998854e-01,6.141453958843896554e-01,6.137161718526035203e-01,6.132186403545213382e-01,6.126531640271675183e-01,6.120202929060998276e-01,6.113207460012310968e-01,6.105553894788711133e-01,6.097252738667865435e-01,6.088316111245142270e-01,6.078757788885694735e-01,6.068593385323952649e-01,6.057840187257000908e-01,6.046516874208170966e-01,6.034644033622835746e-01,6.022243975577973307e-01,6.009340548976621621e-01,5.995959229807281687e-01,5.982126913123380074e-01,5.967872170182176861e-01,5.953225303621905162e-01,5.938217901651856589e-01,5.922882723511196934e-01,5.907254222049239667e-01,5.891368041560403057e-01,5.875261092057908474e-01,5.858971508622067281e-01,5.842538500289952141e-01,5.826002511328030042e-01,5.809404501214363581e-01,5.792786889851172516e-01,5.776192435604631248e-01,5.759664943904279077e-01,5.743248800145359656e-01,5.726988815480793527e-01,5.710930379521209632e-01,5.695119114678943717e-01,5.679601188721963290e-01,5.664422383606411149e-01,5.649629052847439104e-01,5.635267472993956694e-01,5.621383206739908323e-01,5.608022353344235267e-01,5.595229834686868964e-01,5.583050707166649085e-01,5.571529187932585669e-01,5.560708603557454888e-01,5.550631797526849320e-01,5.541340502774413368e-01,5.532875288634037103e-01,5.525275796895499081e-01,5.518580451811415655e-01,5.512825962015284187e-01,5.508047918290891465e-01,5.504280168151566288e-01,5.501555004822494821e-01,5.499902663325232366e-01,5.499352030984969719e-01,5.499929545755960492e-01,5.501659684152975238e-01,5.504564934313030955e-01,5.508665529996832344e-01,5.513979317755272058e-01,5.520521952150931888e-01,5.528306349554703569e-01,5.537343367930041005e-01,5.547640737162893299e-01,5.559203917745959567e-01,5.572035701482647152e-01,5.586136246103275971e-01,5.601502584684330266e-01,5.618129242239985333e-01,5.636008039153453941e-01,5.655127609716753545e-01,5.675474077172441012e-01,5.697030415467350117e-01,5.719777061009027053e-01,5.743691442222944588e-01,5.768747966712525210e-01,5.794918459813015454e-01,5.822171840099332751e-01,5.850474402183437617e-01,5.879789327621838257e-01,5.910077476762427562e-01,5.941296878644175550e-01,5.973402926931172807e-01,6.006348702537885886e-01,6.040084707238534412e-01,6.074558982773650140e-01,6.109717356612291983e-01,6.145503348899561402e-01,6.181858518101670530e-01,6.218722299316210567e-01,6.256031994370532257e-01,6.293723525373700056e-01,6.331730595934530470e-01,6.369985798490941376e-01,6.408419966897460629e-01,6.446962635202092562e-01,6.485542281969309819e-01,6.524086085691790382e-01,6.562520406676739526e-01,6.600770995246765249e-01,6.638762476354693742e-01,6.676419577964144425e-01,6.713666236471544924e-01,6.750426344172220094e-01,6.786623893004675168e-01,6.822182546610302545e-01,6.857026836737108999e-01,6.891081220602951474e-01,6.924270891739658929e-01,6.956522040565737974e-01,6.987761427073686527e-01,7.017917111195833835e-01,7.046918072498650210e-01,7.074694915275924201e-01,7.101179680606273248e-01,7.126306084064801816e-01,7.150009812820553590e-01,7.172228037587004001e-01,7.192900703545536123e-01,7.211969491346725825e-01,7.229378721274156705e-01,7.245075040965202051e-01,7.259007991479413668e-01,7.271129731830926479e-01,7.281395310282943178e-01,7.289762689668143336e-01,7.296193197417278897e-01,7.300651117562324544e-01,7.303104087826544077e-01,7.303523235796403057e-01,7.301883217419299354e-01,7.298161823065028031e-01,7.292341002232270997e-01,7.284406048381038001e-01,7.274346107802769357e-01,7.262154300048255795e-01,7.247827047249902899e-01,7.231365004206412594e-01,7.212772843770568487e-01,7.192058857975580644e-01,7.169235362046724180e-01,7.144318478528853822e-01,7.117328442588742865e-01,7.088289241305119059e-01,7.057228637652140923e-01,7.024178464437330627e-01,6.989174146067944626e-01,6.952255065277586077e-01,6.913464020549416889e-01,6.872847822744303503e-01,6.830456397686980319e-01,6.786343810858506131e-01,6.740566596916701680e-01,6.693185486488194558e-01,6.644264103986915471e-01,6.593868886693436959e-01,6.542069697023713548e-01,6.488939282917587370e-01,6.434552728408775568e-01,6.378988258961205693e-01,6.322326235353494805e-01,6.264649356024494242e-01,6.206042906142156257e-01,6.146593651364284927e-01,6.086390832935590911e-01,6.025525038582689730e-01,5.964088616624242389e-01,5.902175251557160163e-01,5.839879619336296734e-01,5.777298270674241509e-01,5.714527481560759403e-01,5.651665249537244362e-01,5.588809638436424976e-01,5.526058739350951932e-01,5.463511679492604189e-01,5.401266824443018422e-01,5.339422641652664669e-01,5.278077176317484964e-01,5.217327927467182436e-01,5.157271621908107173e-01,5.098004059830807400e-01,5.039620137919412768e-01,4.982213081780064723e-01,4.925874872958362349e-01,4.870696032870714953e-01,4.816765186489657125e-01,4.764168900324428635e-01,4.712991866875420599e-01,4.663316200396022126e-01,4.615221820239132633e-01,4.568786071124469328e-01,4.524083568078005047e-01,4.481185959800488838e-01,4.440162121465723866e-01,4.401077817740521314e-01,4.363995461634542772e-01,4.328974252782019638e-01,4.296069920717016655e-01,4.265334676637253519e-01,4.236817071807846835e-01,4.210562215737864156e-01,4.186610940805510772e-01,4.165000807079901057e-01,4.145764924774544280e-01,4.128932851665524373e-01,4.114529976324544092e-01,4.102577465250396016e-01,4.093092917380210527e-01,4.086089237237958138e-01,4.081575575557653823e-01,4.079556886056502907e-01,4.080034091117560324e-01,4.083003794470096426e-01,4.088458717260015085e-01,4.096387412046633147e-01,4.106774386601865778e-01,4.119600300400682591e-01,4.134841715603099210e-01,4.152471539930418509e-01,4.172458584511751223e-01,4.194768136992245156e-01,4.219361541594319753e-01,4.246196979272043315e-01,4.275228806085417110e-01
1.685029213073376553e-01,1.711031783259634453e-01,1.737801243578309118e-01,1.765297583578371021e-01,1.793479550139932821e-01,1.822304892568440970e-01,1.851730572548591081e-01,1.881712646253842491e-01,1.912206345643066574e-01,1.943166463061146432e-01,1.974547007294940870e-01,2.006301659687755590e-01,2.038383590931950040e-01,2.070745823122302487e-01,2.103340978885653578e-01,2.136121760793027180e-01,2.169040693725077795e-01,2.202050448797376603e-01,2.235103791121949846e-01,2.268153730701556736e-01,2.301153640592122629e-01,2.334057240324060034e-01,2.366818723749215814e-01,2.399392920117150441e-01,2.431735183992334015e-01,2.463801729587060396e-01,2.495549439630203037e-01,2.526936107196508519e-01,2.557920545221087916e-01,2.588462489711014780e-01,2.618522610797869854e-01,2.648062962923864450e-01,2.677046590503162626e-01,2.705437932266614443e-01,2.733202614107733686e-01,2.760307590380349230e-01,2.786721243462395581e-01,2.812413439213641286e-01,2.837355456344373694e-01,2.861520090543346884e-01,2.884881599889112525e-01,2.907415942554867905e-01,2.929100626684036368e-01,2.949914586259052562e-01,2.969838847562922823e-01,2.988855458187497094e-01,3.006948744716709254e-01,3.024104153886575386e-01,3.040309100748472826e-01,3.055552647378249054e-01,3.069825401906146056e-01,3.083119788132070438e-01,3.095429711858607158e-01,3.106750740475682226e-01,3.117080236100563950e-01,3.126416832884948427e-01,3.134760988057324615e-01,3.142114604686662149e-01,3.148481185762600498e-01,3.153865563451749843e-01,3.158274150937147584e-01,3.161714719633900161e-01,3.164196528526306285e-01,3.165729853875411393e-01,3.166326662463662678e-01,3.165999894954419913e-01,3.164763750429586686e-01,3.162633707614720402e-01,3.159626056870600275e-01,3.155758493088591798e-01,3.151049422616868378e-01,3.145518217365082525e-01,3.139185373376796040e-01,3.132071930065906673e-01,3.124199757592620030e-01,3.115591597601565788e-01,3.106270698483072357e-01,3.096260889799082316e-01,3.085586709459591792e-01,3.074272910408659132e-01,3.062344900022981875e-01,3.049828279759815297e-01,3.036749259076619856e-01,3.023133863682109790e-01,3.009008605839984529e-01,2.994400199671585217e-01,2.979335190286582224e-01,2.963840305027256039e-01,2.947942267974690278e-01,2.931667740394921506e-01,2.915043217097172956e-01,2.898095104073333261e-01,2.880849552908763545e-01,2.863332407321888540e-01,2.845569320495442978e-01,2.827585633992072967e-01,2.809406215075358482e-01,2.791055650908286778e-01,2.772557917749797207e-01,2.753936727416608776e-01,2.735215084960957443e-01,2.716415728212189795e-01,2.697560535756353128e-01,2.678671038124377235e-01,2.659768072774086334e-01,2.640871950558916215e-01,2.622002207760169568e-01,2.603177876395755264e-01,2.584417287921414452e-01,2.565738037136363059e-01,2.547157075321627162e-01,2.528690820895262981e-01,2.510354732426646196e-01,2.492163900911211205e-01,2.474132519093751592e-01,2.456274035279499557e-01,2.438601523131919135e-01,2.421127088351313073e-01,2.403862373480183945e-01,2.386818254180569920e-01,2.370004999445671223e-01,2.353432160042449872e-01,2.337108950837171184e-01,2.321043756087689536e-01,2.305244335829002289e-01,2.289718030361386492e-01,2.274471683079165862e-01,2.259511449624881929e-01,2.244843023872945820e-01,2.230471683137785210e-01,2.216402235017624900e-01,2.202639004603476336e-01,2.189185910446783956e-01,2.176046568066268283e-01,2.163224140385144878e-01,2.150721494708005832e-01,2.138541015830969505e-01,2.126685145782152286e-01,2.115155697640219712e-01,2.103954489724089438e-01,2.093082948663298748e-01,2.082542357429411350e-01,2.072333809838937391e-01,2.062458369936273905e-01,2.052916726055551699e-01,2.043709575675994594e-01,2.034837600601464569e-01,2.026301198774416445e-01,2.018100850394907164e-01,2.010236922618233169e-01,2.002709831513482253e-01,1.995519839593601630e-01,1.988667251842461126e-01,1.982152481261142130e-01,1.975975714455829035e-01,1.970137373010065196e-01,1.964637764245868168e-01,1.959477365743844124e-01,1.954656454319637915e-01,1.950175584901432946e-01,1.946035256170574046e-01,1.942235909888267165e-01,1.938778095804754298e-01,1.935662472590013172e-01,1.932889573635607483e-01,1.930460087749307219e-01,1.928374510957092947e-01,1.926633566211190529e-01,1.925237842586667025e-01,1.924187996752023955e-01,1.923484498489616834e-01,1.923127909222384357e-01,1.923118720887080080e-01,1.923457225370542867e-01,1.924143823254476637e-01,1.925178565368557970e-01,1.926561608012434534e-01,1.928292752395287524e-01,1.930371827200678958e-01,1.932798371661314796e-01,1.935571611852416329e-01,1.938690809340014587e-01,1.942154816448390942e-01,1.945962115167476081e-01,1.950111089878027448e-01,1.954599822423510880e-01,1.959425887511863362e-01,1.964586591931549997e-01,1.970078988971769585e-01,1.975899588644703109e-01,1.982044531034897195e-01,1.988509633254927911e-01,1.995290074304211514e-01,2.002380696876372157e-01,2.009775932096364015e-01,2.017469528724002981e-01,2.025454915825063429e-01,2.033724937485646977e-01,2.042271859873610318e-01,2.051087411504049773e-01,2.060162893165529141e-01,2.069488987885635956e-01,2.079055744646508552e-01,2.088852793639465188e-01,2.098869022220155034e-01,2.109092857662592801e-01,2.119512310636225416e-01,2.130114465815111657e-01,2.140886318187288084e-01,2.151813814444995254e-01,2.162882771862564002e-01,2.174078307911592178e-01,2.185385021400484962e-01,2.196787013840255931e-01,2.208267972152701542e-01,2.219810983086316636e-01,2.231398856380332196e-01,2.243013897741825968e-01,2.254637934546926958e-01,2.266252662687572306e-01,2.277839138615525560e-01,2.289378341589136945e-01,2.300850848866717591e-01,2.312236954147266210e-01,2.323516825552822962e-01,2.334670434991058530e-01,2.345677734901550626e-01,2.356518174799008825e-01,2.367171663246898650e-01,2.377617692596161458e-01,2.387836002669555258e-01,2.397806194458936002e-01,2.407508279049287714e-01,2.416922170702073824e-01,2.426027975808013881e-01,2.434806202879775672e-01,2.443237643557419070e-01,2.451303331625686033e-01,2.458984602312281609e-01,2.466263498584132519e-01,2.473122346129418836e-01,2.479544007363846114e-01,2.485512061705491549e-01,2.491010527834129074e-01,2.496024139836559574e-01,2.500538458440262901e-01,2.504539707233776058e-01,2.508014836358576916e-01,2.510951838421329185e-01,2.513339335773213667e-01,2.515167143970430397e-01,2.516425755756673821e-01,2.517106889532623182e-01,2.517203050328590819e-01,2.516708126960567893e-01,2.515616885267992764e-01,2.513925038838727977e-01,2.511629891189697816e-01,2.508729621969223444e-01,2.505223499403745335e-01,2.501112277278058071e-01,2.496397788803961515e-01,2.491083125899983541e-01,2.485172546462293131e-01,2.478671772722593480e-01,2.471587546649579303e-01,2.463927985299257939e-01,2.455702578798705793e-01,2.446921893757773581e-01,2.437597867176215238e-01,2.427743597826658717e-01,2.417373410742753581e-01,2.406503016838795750e-01,2.395149167500239817e-01,2.383329746882811018e-01,2.371064040502615933e-01,2.358372145735651015e-01,2.345275410741879674e-01,2.331796285171655048e-01,2.317958167554643734e-01,2.303785445824205746e-01,2.289303467555240668e-01,2.274538424616344423e-01,2.259517431824129008e-01,2.244268457320479082e-01,2.228820041964479082e-01,2.213201522757286543e-01,2.197442856268372324e-01,2.181574588336275822e-01,2.165627811796639324e-01,2.149633900817666810e-01,2.133624891025954207e-01,2.117632887011210718e-01,2.101690454356703042e-01,2.085830141856619135e-01,2.070084768164294764e-01,2.054487104254300867e-01,2.039069976325547651e-01,2.023865980543151366e-01,2.008907713159114039e-01,1.994227393599791176e-01,1.979856890918633705e-01,1.965827837731634053e-01,1.952171236729054737e-01,1.938917629601984438e-01,1.926096949643837652e-01,1.913738391474248679e-01,1.901870445145870392e-01,1.890520749985623861e-01,1.879716055022042642e-01,1.869482111631245169e-01,1.859843704424168909e-01,1.850824525585030578e-01,1.842447036696443774e-01,1.834732530484611546e-01,1.827701131381195276e-01,1.821371449460031655e-01,1.815760860485836348e-01,1.810885224309436159e-01,1.806758955177573678e-01,1.803395042488624145e-01,1.800804732912308637e-01,1.798997825092789327e-01,1.797982393209577590e-01,1.797764920319229187e-01,1.798350172136025660e-01,1.799741161680291357e-01,1.801939250954380511e-01,1.804943988331757787e-01,1.808753140205745791e-01,1.813362728810571090e-01,1.818767059666428765e-01,1.824958545635318174e-01,1.831927882169529231e-01,1.839664105709554187e-01,1.848154301365549368e-01,1.857383908776965020e-01,1.867336695328503937e-01,1.877994583868513589e-01,1.889338033617674606e-01,1.901345710514960596e-01,1.913994743252072084e-01,1.927260657061132254e-01,1.941117477556365267e-01,1.955537793377494227e-01,1.970492666065760956e-01,1.985951907798431670e-01,2.001883952351420914e-01,2.018255985304891198e-01,2.035034032675386573e-01,2.052182925362171784e-01,2.069666497628226687e-01,2.087447660533295613e-01,2.105488319364868799e-01,2.123749530512089589e-01,2.142191732803120363e-01,2.160774637450666447e-01,2.179457277868525611e-01,2.198198305173840739e-01,2.216955946201479288e-01,2.235688113339956706e-01,2.254352391744297857e-01,2.272906294285070294e-01,2.291307393714928642e-01,2.309513100156368182e-01,2.327481118623795364e-01,2.345169260946168843e-01,2.362535733278053884e-01,2.379539215610017022e-01,2.396138725852014761e-01,2.412294034912456919e-01,2.427965500572742685e-01,2.443114400494846572e-01,2.457702657204477725e-01,2.471693266455870508e-01,2.485050320834088500e-01,2.497738968022890360e-01,2.509725545592296214e-01,2.520977774397195614e-01,2.531464511787420713e-01,2.541156210119352998e-01,2.550024844334939367e-01,2.558043908313690773e-01,2.565188516646534911e-01,2.571435445975669420e-01,2.576763311001172840e-01,2.581152607821442513e-01,2.584585366279787966e-01,2.587045879490467160e-01,2.588520254487550187e-01,2.588996566440705527e-01,2.588464902400952061e-01,2.586917459443607292e-01,2.584348398288651150e-01,2.580754178323276249e-01,2.576133193268082544e-01,2.570486170705262308e-01,2.563815668432646855e-01,2.556126667620493564e-01,2.547426166505104561e-01,2.537723391566874542e-01,2.527029450007933220e-01,2.515357917774119767e-01,2.502724159779318724e-01,2.489145885836906991e-01,2.474642559205501857e-01,2.459235862186346100e-01,2.442949304118348375e-01,2.425808439990670695e-01,2.407840632690572136e-01,2.389075101388787870e-01,2.369542842753599998e-01,2.349276640020362406e-01,2.328310782276130086e-01,2.306681300135393908e-01,2.284425632228269665e-01,2.261582826755390851e-01,2.238193152142470277e-01,2.214298259984894823e-01,2.189940943150305297e-01,2.165165284018394365e-01,2.140016326675031055e-01,2.114539938294610344e-01,2.088783068119816344e-01,2.062793428558263309e-01,2.036619201575747273e-01,2.010309391450917360e-01
5.660688634436783495e-01,5.632424430165435814e-01,5.603635793563485068e-01,5.574351936907473437e-01,5.544603107516672402e-01,5.514419902745286706e-01,5.483833368674967401e-01,5.452875370993164328e-01,5.421578066951002750e-01,5.389974311473004764e-01,5.358097120270873814e-01,5.325979994042711052e-01,5.293657081080147542e-01,5.261162636378960977e-01,5.228531031437708698e-01,5.195797409624377527e-01,5.162996792844797289e-01,5.130164494317288604e-01,5.097335953653688856e-01,5.064546859744939455e-01,5.031832892949332781e-01,4.999229848610164395e-01,4.966773454113295738e-01,4.934499480447787634e-01,4.902443701441207002e-01,4.870641576462104161e-01,4.839128643087124981e-01,4.807940119218407915e-01,4.777111072185104002e-01,4.746676372014458356e-01,4.716670185680830185e-01,4.687126983881050313e-01,4.658080221301201806e-01,4.629563460931527819e-01,4.601609378241045545e-01,4.574250242643559394e-01,4.547517912139122376e-01,4.521443629648625451e-01,4.496057798139237449e-01,4.471390247425982012e-01,4.447470245960654656e-01,4.424326169361023631e-01,4.401985577402015015e-01,4.380475231392511604e-01,4.359821016642290159e-01,4.340047967062992673e-01,4.321180027073808771e-01,4.303240396631000109e-01,4.286251022594009807e-01,4.270232852218957542e-01,4.255206049686499070e-01,4.241189081961630469e-01,4.228199773056761090e-01,4.216254470939467813e-01,4.205368665116108740e-01,4.195556178300333117e-01,4.186829894780835781e-01,4.179201227464932611e-01,4.172680334740593300e-01,4.167276179812951509e-01,4.162996136406981185e-01,4.159846333231694837e-01,4.157831653035761188e-01,4.156955189699466646e-01,4.157219146075019078e-01,4.158623765546033968e-01,4.161168157702105908e-01,4.164850042837949240e-01,4.169665449426293580e-01,4.175609078904127247e-01,4.182674209755410377e-01,4.190852622915743342e-01,4.200134457239296792e-01,4.210508907704841874e-01,4.221962979092849233e-01,4.234483005619752438e-01,4.248053307933329914e-01,4.262656950175089388e-01,4.278275821987415628e-01,4.294890091153307221e-01,4.312478819908242555e-01,4.331019553441430303e-01,4.350488547328319466e-01,4.370860909837914199e-01,4.392110166259935444e-01,4.414208815116004714e-01,4.437128243707752495e-01,4.460838462690080997e-01,4.485308363691626887e-01,4.510505736539915933e-01,4.536397339227468684e-01,4.562949085622813317e-01,4.590125522582206852e-01,4.617890578459988848e-01,4.646207152125264028e-01,4.675037433526436637e-01,4.704342555595823483e-01,4.734083319490664521e-01,4.764219309798650159e-01,4.794710226295567645e-01,4.825514178056332093e-01,4.856589863974936083e-01,4.887894704000819712e-01,4.919386128351157517e-01,4.951021068027969818e-01,4.982756371605717161e-01,5.014548402640168767e-01,5.046353519983358682e-01,5.078128017865479737e-01,5.109828300931136269e-01,5.141410468930156519e-01,5.172831029340716480e-01,5.204046570971080365e-01,5.235013900909178952e-01,5.265690166675334183e-01,5.296033000081257214e-01,5.326000176510687911e-01,5.355550281426397774e-01,5.384642163887100041e-01,5.413235831330548420e-01,5.441291392386020664e-01,5.468769940126282370e-01,5.495633489093300073e-01,5.521844845895335085e-01,5.547367736782239378e-01,5.572166898828228021e-01,5.596208226399607133e-01,5.619458480386840815e-01,5.641885843879280715e-01,5.663459469958883608e-01,5.684150162639007853e-01,5.703929556947744395e-01,5.722770981723578343e-01,5.740648985864870157e-01,5.757539705295581234e-01,5.773420687706696253e-01,5.788270812113048835e-01,5.802070887979291491e-01,5.814803109775682488e-01,5.826451379761087290e-01,5.837001061355263642e-01,5.846439267931312633e-01,5.854754907072843295e-01,5.861938637577424061e-01,5.867982602680779092e-01,5.872880865588955279e-01,5.876629146629832601e-01,5.879225118249657989e-01,5.880667887304579233e-01,5.880958696364797511e-01,5.880100269072913166e-01,5.878097287845877039e-01,5.874956054780432479e-01,5.870684504097579692e-01,5.865292711792277069e-01,5.858791953650666073e-01,5.851195585964655832e-01,5.842518456476363253e-01,5.832777182097226287e-01,5.821989785103603987e-01,5.810175858747076427e-01,5.797357102402985740e-01,5.783555949821468367e-01,5.768796825529536321e-01,5.753105361412207408e-01,5.736508699746221129e-01,5.719035264014558084e-01,5.700714920644696093e-01,5.681578373966637008e-01,5.661657998223582622e-01,5.640986957704104965e-01,5.619599756091093745e-01,5.597531594004572231e-01,5.574818970082564551e-01,5.551498988761164322e-01,5.527609794105391439e-01,5.503190088515190759e-01,5.478279441304320097e-01,5.452917919754471932e-01,5.427146160221721916e-01,5.401005401338850875e-01,5.374537119116016282e-01,5.347783196772160075e-01,5.320785829139432765e-01,5.293587342604735291e-01,5.266230195630113853e-01,5.238756715819994358e-01,5.211209631084333660e-01,5.183631029927299183e-01,5.156063408380365809e-01,5.128548255610119178e-01,5.101127567485361780e-01,5.073842311786684878e-01,5.046733204850046839e-01,5.019840342076414830e-01,4.993203435474144469e-01,4.966861516511483776e-01,4.940852282040713028e-01,4.915213426129661500e-01,4.889981352039038387e-01,4.865191410601388822e-01,4.840878297398205632e-01,4.817075322743585297e-01,4.793814957999888438e-01,4.771128405394920446e-01,4.749045582043801561e-01,4.727595190562843275e-01,4.706804711787871409e-01,4.686700092699130904e-01,4.667305944578653554e-01,4.648645638561372251e-01,4.630740664670474072e-01,4.613611318634409098e-01,4.597276408366828271e-01,4.581753072348270228e-01,4.567056537117785697e-01,4.553200988860682807e-01,4.540198606922177249e-01,4.528059998192548452e-01,4.516794177448661962e-01,4.506408513622623957e-01,4.496908491984287215e-01,4.488298196000235496e-01,4.480579807270791415e-01,4.473754083654411517e-01,4.467819717649076927e-01,4.462774123250382030e-01,4.458613066074670339e-01,4.455330395948685629e-01,4.452918536697490492e-01,4.451368386098119023e-01,4.450669180194846142e-01,4.450808592398391994e-01,4.451773000154266580e-01,4.453546992770587298e-01,4.456113916821072274e-01,4.459455847265574313e-01,4.463553178494593099e-01,4.468385423439731330e-01,4.473930491288614086e-01,4.480165137007036669e-01,4.487064982383230372e-01,4.494604743210950382e-01,4.502757647769182192e-01,4.511496503154887039e-01,4.520792640470940316e-01,4.530616910540393727e-01,4.540938848025222740e-01,4.551727933521510505e-01,4.562952357084484323e-01,4.574580018563640937e-01,4.586578108951293586e-01,4.598913438067562809e-01,4.611552127509138677e-01,4.624460511358650661e-01,4.637603943435288367e-01,4.650948034074769422e-01,4.664458122088001590e-01,4.678099468730383959e-01,4.691837017639538532e-01,4.705636509176603921e-01,4.719463119701331477e-01,4.733282497680325052e-01,4.747060674184503393e-01,4.760763759227433778e-01,4.774358230705847417e-01,4.787811456144798750e-01,4.801090825974422827e-01,4.814164737948526951e-01,4.827001723923703413e-01,4.839571769702321058e-01,4.851844996925017139e-01,4.863792408312058169e-01,4.875386111636845765e-01,4.886599267239982725e-01,4.897405622373959266e-01,4.907780110608815916e-01,4.917698966511933056e-01,4.927139260828251044e-01,4.936079302618300857e-01,4.944498550582502316e-01,4.952377943052237996e-01,4.959699331938138278e-01,4.966446229329040674e-01,4.972603259254536612e-01,4.978156301939264949e-01,4.983093029000164598e-01,4.987402015195347427e-01,4.991073524044640219e-01,4.994099402977145719e-01,4.996472641521166325e-01,4.998187869516647064e-01,4.999241037550743449e-01,4.999629680992327962e-01,4.999352711864979426e-01,4.998410666541431846e-01,4.996805491117446429e-01,4.994540369563943427e-01,4.991620280683049526e-01,4.988051326007820196e-01,4.983841100648138123e-01,4.978998824550656122e-01,4.973534781244323688e-01,4.967460690317655470e-01,4.960789621683444062e-01,4.953536210431198628e-01,4.945715895976024457e-01,4.937345536047926253e-01,4.928443290995758175e-01,4.919028430879345271e-01,4.909121161863039817e-01,4.898743141160962766e-01,4.887916657185300551e-01,4.876665352913899798e-01,4.865013543840943644e-01,4.852986441867190859e-01,4.840610387519187485e-01,4.827912257972979404e-01,4.814919699764112493e-01,4.801661217540709736e-01,4.788165810764772878e-01,4.774462921498661694e-01,4.760582720877712948e-01,4.746555957268071002e-01,4.732413487041421951e-01,4.718186669522455579e-01,4.703907261523092020e-01,4.689606991908135680e-01,4.675317904658796153e-01,4.661072279778740168e-01,4.646902137099864771e-01,4.632839930725157207e-01,4.618917494765786280e-01,4.605167160373902502e-01,4.591620764301765911e-01,4.578309634755919899e-01,4.565265353393473946e-01,4.552518865902817624e-01,4.540100688414825947e-01,4.528040873783997777e-01,4.516369149652840198e-01,4.505114541782273552e-01,4.494305522130413455e-01,4.483969841359583541e-01,4.474134587351574766e-01,4.464826046464972498e-01,4.456069782342696461e-01,4.447890579287387403e-01,4.440311900239009013e-01,4.433357131362176129e-01,4.427047892014733810e-01,4.421405162381690790e-01,4.416448916386688794e-01,4.412197878853754140e-01,4.408669945502767251e-01,4.405881721386405436e-01,4.403848696212515068e-01,4.402585205168300098e-01,4.402104355976114158e-01,4.402418137620064953e-01,4.403537121197678705e-01,4.405470990912475071e-01,4.408227829405694242e-01,4.411814411484366039e-01,4.416236713566268901e-01,4.421498915828976917e-01,4.427604152378502578e-01,4.434554300018412332e-01,4.442349806894532738e-01,4.450989870550037808e-01,4.460472511378573146e-01,4.470794298155869595e-01,4.481950595394220693e-01,4.493935677235393333e-01,4.506742180157980449e-01,4.520362022250234979e-01,4.534785343624559428e-01,4.550001524943863007e-01,4.565998444527183953e-01,4.582763031780105467e-01,4.600281076450012385e-01,4.618536876686075709e-01,4.637514163392899014e-01,4.657195155263461617e-01,4.677561468000683842e-01,4.698593233834531535e-01,4.720270010249336123e-01,4.742569912988946479e-01,4.765470765179999346e-01,4.788948986294067067e-01,4.812980430438236201e-01,4.837540058237306262e-01,4.862602015943398026e-01,4.888139661144853543e-01,4.914125973504683276e-01,4.940532811836753635e-01,4.967331635027519843e-01,4.994493437853933515e-01,5.021988517162268018e-01,5.049786727644968165e-01,5.077857404540355724e-01,5.106169472773589568e-01,5.134691649153707571e-01,5.163392171968864686e-01,5.192238922513793264e-01,5.221199568469284680e-01,5.250241938176388734e-01,5.279333050589721799e-01,5.308440275063719405e-01,5.337530811707318357e-01,5.366571779899871331e-01,5.395530233708467627e-01,5.424373354628815314e-01,5.453068477277085435e-01,5.481582878716015905e-01,5.509884229516828213e-01,5.537940285954290331e-01,5.565718795180788492e-01,5.593188529244749185e-01,5.620317606555782497e-01,5.647075320308342361e-01,5.673430681863314007e-01,5.699353837449714355e-01,5.724814827226820668e-01,5.749784349071753731e-01,5.774233707383791270e-01,5.798134892469573032e-01
3.014418173412381496e-01,3.010638005627652714e-01,3.006461885424863700e-01,3.001892107551427102e-01,2.996931527064478629e-01,2.991583387733935950e-01,2.985851397925091688e-01,2.979740043921209058e-01,2.973254309598395428e-01,2.966399725904749762e-01,2.959182459895585149e-01,2.951609509732028291e-01,2.943688217420471487e-01,2.935426909652590344e-01,2.926834593494693770e-01,2.917921016476271445e-01,2.908696441639993524e-01,2.899172240958672320e-01,2.889360385244786333e-01,2.879273617099563642e-01,2.868925666806835806e-01,2.858330822280468198e-01,2.847504425354229207e-01,2.836462476893631401e-01,2.825221864151091222e-01,2.813800236395171961e-01,2.802216115504713168e-01,2.790488845553448782e-01,2.778638415029434094e-01,2.766685862289699482e-01,2.754652729583006998e-01,2.742561459056911399e-01,2.730435078130319382e-01,2.718297699450807903e-01,2.706173630263408736e-01,2.694088165383780042e-01,2.682066935056385826e-01,2.670136548567816903e-01,2.658323790715195201e-01,2.646656169908213618e-01,2.635161684460743392e-01,2.623868646824323303e-01,2.612805769479312201e-01,2.602002160847221579e-01,2.591487219379314255e-01,2.581290417583783081e-01,2.571441682301345844e-01,2.561970713966620905e-01,2.552907596882932340e-01,2.544282269643875494e-01,2.536124511589279429e-01,2.528464135621173448e-01,2.521330741387707852e-01,2.514753606441073597e-01,2.508761554695037588e-01,2.503383414051563727e-01,2.498647015842296870e-01,2.494580216117107951e-01,2.491209840252015528e-01,2.488562291519448300e-01,2.486663031193008799e-01,2.485536964770294344e-01,2.485207828346204795e-01,2.485698645083773139e-01,2.487031309670670320e-01,2.489226605631439659e-01,2.492304315840665752e-01,2.496282862109553691e-01,2.501179411538348996e-01,2.507009860681937985e-01,2.513788640437656374e-01,2.521528753051351934e-01,2.530241652036032685e-01,2.539937367405930568e-01,2.550624040866577569e-01,2.562308479001529360e-01,2.574995564420013983e-01,2.588688413373029240e-01,2.603388443292554144e-01,2.619095189471672414e-01,2.635806510963196736e-01,2.653518086176757107e-01,2.672223882749308888e-01,2.691915858660827165e-01,2.712584017692239446e-01,2.734216578205988513e-01,2.756799489072600529e-01,2.780316760974497203e-01,2.804750846196595315e-01,2.830081574186282811e-01,2.856287449922870758e-01,2.883344539630595671e-01,2.911227234381888462e-01,2.939907931287547016e-01,2.969357136125317931e-01,2.999543383544177599e-01,3.030433601056474191e-01,3.061992865129035124e-01,3.094184537803890689e-01,3.126970037840065553e-01,3.160309495911093891e-01,3.194161143198728792e-01,3.228481961170474035e-01,3.263227258143535647e-01,3.298351216736860048e-01,3.333806261903574653e-01,3.369544034782880892e-01,3.405514652943669729e-01,3.441667558509027280e-01,3.477950640809161498e-01,3.514311441039865702e-01,3.550696368944336601e-01,3.587051097822082646e-01,3.623320799903270162e-01,3.659450193068904955e-01,3.695383311544833127e-01,3.731064201276672043e-01,3.766436489442746560e-01,3.801443762487676237e-01,3.836029428516041229e-01,3.870137403569774426e-01,3.903711499717180677e-01,3.936696099550863193e-01,3.969035665554861425e-01,4.000675708172306555e-01,4.031561998463111807e-01,4.061641390158075571e-01,4.090861476797917340e-01,4.119170763011119063e-01,4.146519204728344454e-01,4.172857500286411003e-01,4.198138064111552881e-01,4.222314581740298500e-01,4.245342329889371102e-01,4.267178148134061488e-01,4.287780597469185162e-01,4.307110123548930636e-01,4.325128972540163153e-01,4.341801501009666664e-01,4.357094064309446901e-01,4.370975301285256465e-01,4.383415755738890862e-01,4.394388816376912921e-01,4.403869652766988496e-01,4.411836417184739068e-01,4.418269423056955802e-01,4.423151584142277493e-01,4.426468419004045973e-01,4.428208148843172931e-01,4.428361626589132349e-01,4.426922381437570775e-01,4.423886909245203225e-01,4.419254100167118726e-01,4.413025901220795633e-01,4.405206948658939581e-01,4.395804812829433583e-01,4.384829537872426131e-01,4.372294184902898451e-01,4.358214754473204722e-01,4.342609730903066456e-01,4.325500316706007431e-01,4.306910723140237041e-01,4.286867490566065308e-01,4.265400078555472430e-01,4.242540139611834515e-01,4.218322404193755037e-01,4.192783596860911732e-01,4.165963124422431552e-01,4.137902624096704840e-01,4.108646029417065138e-01,4.078239549688871257e-01,4.046731365584562701e-01,4.014171734087125243e-01,3.980612876266295119e-01,3.946108800487515555e-01,3.910715315684132332e-01,3.874489831280294450e-01,3.837491278941784767e-01,3.799779877591871191e-01,3.761417393616700577e-01,3.722466517491829219e-01,3.682991185385651733e-01,3.643056157467713385e-01,3.602727123380639607e-01,3.562070267292263281e-01,3.521152501383434941e-01,3.480041213871200578e-01,3.438803737294293117e-01,3.397507975206820463e-01,3.356221672007317358e-01,3.315012399624926442e-01,3.273947775144337435e-01,3.233094624988270271e-01,3.192519599246035344e-01,3.152288582691925023e-01,3.112466804629006045e-01,3.073118491575321243e-01,3.034306919661082236e-01,2.996094158935942442e-01,2.958541025609865427e-01,2.921706979945024041e-01,2.885650089548856823e-01,2.850426637661238050e-01,2.816091133961166060e-01,2.782696415631470410e-01,2.750293395093758031e-01,2.718930763702776532e-01,2.688655208051651813e-01,2.659511193664707007e-01,2.631540946300714445e-01,2.604783973674867914e-01,2.579277655262324775e-01,2.555056770841915847e-01,2.532153436727528906e-01,2.510596997795321306e-01,2.490414304054372197e-01,2.471629168789837017e-01,2.454262917381306031e-01,2.438333682136509251e-01,2.423856995813679083e-01,2.410845287305833917e-01,2.399308065603631690e-01,2.389252060853435389e-01,2.380680918984048877e-01,2.373595281224423481e-01,2.367993066147930370e-01,2.363869083868970489e-01,2.361215197338462080e-01,2.360020431301810273e-01,2.360270994317444637e-01,2.361950234234889701e-01,2.365038678670186301e-01,2.369514175306033366e-01,2.375351860752098199e-01,2.382524142197113282e-01,2.391001060634894704e-01,2.400749940134520033e-01,2.411735870481584165e-01,2.423921553064526668e-01,2.437267287292908813e-01,2.451731332977668265e-01,2.467269961539153011e-01,2.483837182659370812e-01,2.501385354026533503e-01,2.519865141019727028e-01,2.539225037938676044e-01,2.559412657347939768e-01,2.580373583734854592e-01,2.602052498050948515e-01,2.624392599182440167e-01,2.647336065400667793e-01,2.670824201648397955e-01,2.694797370616855980e-01,2.719195194938995863e-01,2.743956799899786025e-01,2.769020744993260230e-01,2.794325562847316813e-01,2.819808972882184017e-01,2.845409124483790353e-01,2.871064151427413780e-01,2.896712171224733456e-01,2.922291742665532044e-01,2.947741827494855249e-01,2.973001900514711804e-01,2.998012251080914847e-01,3.022713764256868552e-01,3.047048361464953503e-01,3.070958957208090867e-01,3.094389579088165920e-01,3.117285652664779638e-01,3.139593700952048594e-01,3.161261893658439126e-01,3.182240069807813487e-01,3.202479327909359963e-01,3.221932922774543573e-01,3.240555730282959068e-01,3.258304612758259333e-01,3.275138392214284044e-01,3.291017922521363714e-01,3.305906367208269470e-01,3.319768885191885510e-01,3.332573066906895920e-01,3.344288580991113258e-01,3.354887807633890051e-01,3.364345286384988198e-01,3.372638043555228893e-01,3.379745605662751173e-01,3.385649990819287192e-01,3.390335803333616171e-01,3.393790146767422522e-01,3.396002639408106649e-01,3.396965523687994204e-01,3.396673593373170652e-01,3.395124174762660929e-01,3.392317016632461213e-01,3.388254733394275853e-01,3.382942069072752411e-01,3.376386429441551318e-01,3.368597654000777264e-01,3.359587940822966190e-01,3.349371878817160586e-01,3.337966367180337790e-01,3.325390601615763053e-01,3.311665980964286216e-01,3.296815928414535968e-01,3.280866205082916265e-01,3.263844287689852131e-01,3.245779951514636275e-01,3.226704488570837359e-01,3.206651159395885187e-01,3.185655000134358650e-01,3.163752384057364475e-01,3.140981705891577880e-01,3.117382345518103781e-01,3.092995224155146716e-01,3.067862567267214957e-01,3.042027621579100893e-01,3.015534920086297976e-01,2.988429661817272875e-01,2.960758248706757967e-01,2.932567499760752594e-01,2.903905259665225946e-01,2.874819542670510319e-01,2.845359205548383952e-01,2.815573172169254512e-01,2.785510705040237234e-01,2.755221260194749555e-01,2.724754331307411848e-01,2.694159374689701902e-01,2.663485594765370723e-01,2.632782041429409525e-01,2.602097502867952161e-01,2.571480090133371754e-01,2.540977571486208730e-01,2.510637106279437480e-01,2.480505063838202851e-01,2.450627076042113384e-01,2.421047891583539557e-01,2.391811282603400479e-01,2.362959943646161798e-01,2.334535654551944117e-01,2.306578889722360470e-01,2.279128882004194112e-01,2.252223574079207091e-01,2.225899601248240156e-01,2.200192220455331471e-01,2.175135011044944389e-01,2.150760379107250486e-01,2.127098821043503507e-01,2.104179468611274140e-01,2.082029832376938450e-01,2.060675608014547189e-01,2.040140925663737614e-01,2.020448210120871502e-01,2.001618019188061148e-01,1.983669416809954178e-01,1.966619393157059692e-01,1.950483397250860063e-01,1.935275111190827013e-01,1.921006417563800306e-01,1.907687281534625745e-01,1.895326118300250939e-01,1.883929628151373992e-01,1.873502649473110515e-01,1.864048333008296587e-01,1.855568294027150900e-01,1.848062300617753784e-01,1.841528664529928916e-01,1.835963995617314048e-01,1.831363430715318430e-01,1.827720574095317851e-01,1.825027478089664978e-01,1.823274906524655070e-01,1.822452075655038306e-01,1.822547097033698493e-01,1.823546489315754360e-01,1.825435777977330865e-01,1.828199373443586961e-01,1.831820220893848050e-01,1.836280571549820384e-01,1.841561394564779075e-01,1.847643024315014371e-01,1.854504526177540580e-01,1.862124485573677657e-01,1.870480528695370737e-01,1.879549585311669491e-01,1.889308102517384957e-01,1.899731692118077353e-01,1.910795755562759712e-01,1.922474982326679571e-01,1.934743820662676306e-01,1.947576390068145591e-01,1.960946436236554180e-01,1.974827581736256221e-01,1.989193167437992571e-01,2.004016693293811935e-01,2.019271312208554270e-01,2.034930442607708612e-01,2.050967414335483630e-01,2.067355698727966762e-01,2.084068998425885610e-01,2.101081119305387990e-01,2.118366191879079707e-01,2.135898658632668645e-01,2.153653280499958078e-01,2.171605089714050141e-01,2.189729770739510528e-01,2.208003205617624365e-01,2.226401846776203119e-01,2.244902803305679206e-01,2.263483552273638510e-01,2.282122027417789190e-01,2.300796973758968966e-01,2.319487713157420139e-01,2.338174034918114319e-01,2.356836344532517447e-01,2.375456034362004865e-01,2.394014586712919224e-01,2.412494666657789000e-01,2.430879454546172325e-01,2.449152468722374520e-01,2.467298417844870084e-01,2.485302292685672709e-01,2.503149969918386231e-01,2.520827758176211186e-01,2.538322959028824766e-01,2.555623052561446507e-01
6.050471447462834051e-01,6.040477558973588179e-01,6.030285160843792402e-01,6.019905037999516706e-01,6.009348733084179939e-01,5.998627520344470554e-01,5.987753319595131574e-01,5.976738196143778215e-01,5.965594478108965371e-01,5.954334970219652412e-01,5.942972671490299730e-01,5.931520777634028407e-01,5.919992716401442090e-01,5.908402394177363348e-01,5.896764010216140051e-01,5.885091712499065375e-01,5.873400254341969440e-01,5.861704389785240554e-01,5.850019149844061239e-01,5.838359932936820762e-01,5.826742225029343247e-01,5.815181336223751440e-01,5.803693471271008653e-01,5.792294475618795513e-01,5.781000175929513762e-01,5.769826911240893974e-01,5.758790711112437011e-01,5.747907907477629585e-01,5.737194800868608002e-01,5.726667543997514542e-01,5.716342172106626540e-01,5.706234952322641885e-01,5.696361830612979293e-01,5.686738483818372103e-01,5.677380761783306085e-01,5.668303899131398316e-01,5.659523322444862670e-01,5.651053551310175616e-01,5.642909632463921632e-01,5.635105407940403932e-01,5.627654889469652089e-01,5.620571388582504824e-01,5.613867889878274564e-01,5.607556953574651670e-01,5.601650200654446632e-01,5.596159289011314319e-01,5.591094640019784734e-01,5.586466690298085291e-01,5.582284472528232788e-01,5.578557174135856389e-01,5.575292362854601391e-01,5.572497502260124191e-01,5.570178982124133205e-01,5.568342328190066803e-01,5.566992507323813566e-01,5.566133225290633701e-01,5.565767712444380511e-01,5.565897805026182033e-01,5.566524830833237125e-01,5.567649103696030721e-01,5.569269795758445829e-01,5.571385163968913812e-01,5.573992533912740521e-01,5.577088160158535368e-01,5.580667567260771955e-01,5.584724811139440970e-01,5.589253562271252473e-01,5.594245666751731516e-01,5.599692749998103070e-01,5.605585162707141800e-01,5.611912152069009618e-01,5.618661921208265575e-01,5.625822535934994484e-01,5.633379658332606787e-01,5.641319427694299060e-01,5.649626344392544297e-01,5.658284361857893741e-01,5.667276185715153236e-01,5.676584249302389917e-01,5.686189884460600696e-01,5.696073741988318950e-01,5.706215814780901674e-01,5.716595322090040066e-01,5.727190988875204836e-01,5.737980987019567491e-01,5.748942716027232169e-01,5.760053433829649405e-01,5.771289892070227134e-01,5.782628186241757229e-01,5.794044298934603043e-01,5.805514242439789863e-01,5.817013068699995459e-01,5.828516521141219320e-01,5.839999788718029938e-01,5.851438053398454464e-01,5.862806594017392348e-01,5.874080845342133372e-01,5.885236380097694786e-01,5.896248817162509370e-01,5.907094509229958712e-01,5.917749514945755962e-01,5.928190973675224740e-01,5.938396007503052854e-01,5.948342488049760401e-01,5.958009046322473301e-01,5.967374678117804976e-01,5.976419275230553385e-01,5.985123508550617144e-01,5.993468863525874823e-01,6.001437923755489345e-01,6.009013982075748217e-01,6.016181450607437364e-01,6.022925751347346646e-01,6.029233586603451878e-01,6.035092820690878268e-01,6.040492510689197125e-01,6.045422668913191799e-01,6.049875133411872774e-01,6.053842587144601106e-01,6.057319428748512147e-01,6.060301526399317629e-01,6.062785993771574455e-01,6.064771256194869675e-01,6.066257710184227436e-01,6.067246700427605388e-01,6.067741533439726664e-01,6.067746965501856771e-01,6.067268939668525318e-01,6.066315531962445107e-01,6.064896031973383561e-01,6.063021142844512434e-01,6.060703467458428140e-01,6.057956911569116754e-01,6.054797016616559890e-01,6.051240606927081878e-01,6.047306190768175771e-01,6.043013670153337680e-01,6.038384394974740665e-01,6.033441078343561026e-01,6.028207530307746476e-01,6.022709548898742549e-01,6.016973503163997039e-01,6.011027201384542273e-01,6.004899661581607484e-01,5.998620797433146246e-01,5.992222122411733354e-01,5.985735421766572584e-01,5.979193812644940653e-01,5.972631241455459428e-01,5.966082183245440262e-01,5.959582097722551097e-01,5.953167133548276091e-01,5.946873444437644762e-01,5.940738002222341052e-01,5.934798406804414617e-01,5.929092006418424932e-01,5.923656885685617546e-01,5.918530830634212148e-01,5.913751796928892190e-01,5.909357745538227347e-01,5.905386379718519096e-01,5.901875081494293296e-01,5.898861017870082879e-01,5.896381005961468524e-01,5.894470870209768121e-01,5.893166364011210856e-01,5.892502273398201318e-01,5.892512389671121786e-01,5.893229735409332148e-01,5.894686496241297036e-01,5.896913466785078661e-01,5.899940615099820151e-01,5.903796103709005871e-01,5.908507407199601325e-01,5.914099907079248819e-01,5.920597916416039386e-01,5.928024036183301426e-01,5.936398992439125832e-01,5.945742291542347457e-01,5.956070803845366912e-01,5.967400158705337132e-01,5.979744157459634391e-01,5.993113792430568854e-01,6.007518890700208614e-01,6.022966764367359005e-01,6.039462360341686376e-01,6.057008748838674794e-01,6.075606852886977771e-01,6.095254896508570663e-01,6.115949221068690544e-01,6.137683528223043528e-01,6.160449679085597818e-01,6.184236243079755946e-01,6.209030408799079970e-01,6.234816546293141526e-01,6.261576638724661859e-01,6.289290209064604120e-01,6.317934855850277920e-01,6.347485237947015912e-01,6.377914282050951567e-01,6.409192286917280157e-01,6.441287147816177061e-01,6.474164925597378772e-01,6.507789325406388992e-01,6.542121820784132513e-01,6.577121950109762194e-01,6.612747171276326386e-01,6.648952905522764745e-01,6.685692699663590144e-01,6.722918523245087208e-01,6.760580139835223878e-01,6.798625915233799111e-01,6.837002579979801764e-01,6.875655390177739523e-01,6.914527947093490612e-01,6.953563235544600873e-01,6.992701953210109789e-01,7.031884432963210196e-01,7.071049823967697767e-01,7.110136412607032108e-01,7.149081588444010649e-01,7.187821918404359023e-01,7.226293855067895677e-01,7.264432725125646861e-01,7.302174076555829618e-01,7.339452984926677637e-01,7.376204574149973769e-01,7.412363896614506675e-01,7.447866059749702616e-01,7.482646775249375271e-01,7.516641679819657806e-01,7.549787270939242179e-01,7.582020468874505204e-01,7.613279224237997633e-01,7.643502098223001751e-01,7.672628949986721736e-01,7.700600290754657795e-01,7.727358492165830040e-01,7.752846504045152187e-01,7.777009666740226645e-01,7.799794168647656845e-01,7.821148170385499032e-01,7.841021554832379170e-01,7.859366367142709420e-01,7.876136238345530227e-01,7.891287053607135560e-01,7.904777053830143174e-01,7.916566398103387359e-01,7.926617970007585612e-01,7.934896977786785044e-01,7.941370995059490179e-01,7.946010315396399015e-01,7.948787843850868562e-01,7.949679149976153214e-01,7.948662490008095993e-01,7.945719348302542340e-01,7.940833601088168603e-01,7.933992286714561804e-01,7.925185306372746208e-01,7.914405562336219724e-01,7.901648710145758869e-01,7.886913851551412558e-01,7.870202641150345624e-01,7.851520275218214495e-01,7.830874632861321016e-01,7.808276313852253736e-01,7.783739819812212080e-01,7.757281910599373997e-01,7.728922377702355240e-01,7.698684391988502851e-01,7.666593548220219656e-01,7.632678669909289670e-01,7.596971197361661599e-01,7.559505186619333017e-01,7.520317975000991861e-01,7.479449281200070132e-01,7.436941177468449071e-01,7.392838566686228408e-01,7.347188577205314708e-01,7.300040911098453211e-01,7.251447612347274863e-01,7.201462616083245116e-01,7.150142262731435938e-01,7.097544857274581398e-01,7.043730630012851046e-01,6.988761382398428479e-01,6.932700627894167189e-01,6.875614382537831304e-01,6.817568882634916783e-01,6.758632315796622159e-01,6.698874055865696731e-01,6.638365041551338441e-01,6.577176308520918946e-01,6.515380668778613105e-01,6.453051390900573780e-01,6.390262309316889766e-01,6.327087776160790211e-01,6.263602625543560620e-01,6.199881857343274572e-01,6.136000985736427271e-01,6.072034991683653571e-01,6.008059298451385866e-01,5.944148547137051430e-01,5.880377523696777020e-01,5.816820333775548635e-01,5.753550472469602939e-01,5.690640567122282611e-01,5.628162909664807811e-01,5.566188131990141841e-01,5.504786675363907422e-01,5.444027089021015176e-01,5.383976915003043651e-01,5.324702225831273728e-01,5.266268016906040517e-01,5.208737110133224713e-01,5.152171132686311772e-01,5.096629550926959906e-01,5.042170312801832477e-01,4.988849329066579186e-01,4.936720736779847130e-01,4.885835931813231614e-01,4.836244978328385624e-01,4.787995066752695483e-01,4.741131592129656513e-01,4.695697255789211266e-01,4.651732721530504322e-01,4.609275941995794046e-01,4.568362569008045382e-01,4.529025601598264394e-01,4.491295759386036424e-01,4.455201033673706346e-01,4.420766754181510994e-01,4.388015867215548371e-01,4.356968545715391716e-01,4.327642459673494146e-01,4.300052701153432855e-01,4.274211308303909607e-01,4.250128587657899248e-01,4.227811495003545028e-01,4.207264774018692477e-01,4.188490512168152602e-01,4.171488234913452442e-01,4.156255255665641246e-01,4.142786052999209989e-01,4.131072933240874656e-01,4.121105861256188496e-01,4.112872302710259276e-01,4.106357634516164534e-01,4.101545086146822228e-01,4.098415444186241374e-01,4.096947611948331680e-01,4.097118569531494892e-01,4.098903101417004091e-01,4.102274066608464498e-01,4.107203074097035000e-01,4.113659252835695779e-01,4.121610728737868934e-01,4.131023400999746520e-01,4.141862266220520117e-01,4.154090601023265883e-01,4.167670482589524994e-01,4.182562563766276664e-01,4.198726551987430056e-01,4.216121104701122668e-01,4.234703636493349355e-01,4.254431018826970723e-01,4.275259152571848076e-01,4.297143091714107910e-01,4.320037575684995135e-01,4.343896476153668584e-01,4.368673553725350711e-01,4.394322090492173150e-01,4.420794834046417598e-01,4.448044822925485975e-01,4.476024607045845927e-01,4.504686761874631129e-01,4.533984231309202140e-01,4.563869612365364370e-01,4.594296192757219011e-01,4.625217208806428615e-01,4.656586396860433741e-01,4.688357880978248904e-01,4.720486360113957391e-01,4.752926980813681479e-01,4.785635630550097441e-01,4.818568833972096677e-01,4.851683672327827268e-01,4.884938291867038651e-01,4.918291740399641232e-01,4.951703597707830529e-01,4.985134703697512992e-01,5.018546814674632595e-01,5.051902567372684727e-01,5.085165724438687196e-01,5.118301180464578382e-01,5.151274919710305822e-01,5.184054206984657354e-01,5.216607103755929176e-01,5.248903322805706928e-01,5.280913347803972702e-01,5.312609136411154953e-01,5.343963830915803292e-01,5.374951896276747298e-01,5.405548717950630078e-01,5.435731189411947550e-01,5.465477440200896542e-01,5.494766569579442317e-01,5.523579340673130389e-01,5.551897482578145304e-01,5.579703604782147996e-01,5.606982274975051972e-01,5.633718436561447884e-01,5.659898835577363840e-01,5.685510888539192509e-01,5.710543343573537545e-01,5.734985883517903504e-01,5.758829699469641961e-01,5.782066304735165030e-01,5.804688840109862857e-01,5.826690980299584766e-01,5.848067720898613153e-01,5.868814615118460587e-01,5.888928328422078362e-01,5.908406454926232731e-01,5.927246998860077332e-01,5.945449107441733716e-01,5.963012686584745481e-01
5.241110552139697232e-01,5.268815853761830148e-01,5.296997569521126881e-01,5.325612279516562797e-01,5.354615599300711626e-01,5.383963074591270326e-01,5.413609212586238950e-01,5.443508674258961122e-01,5.473615492025564189e-01,5.503883332905828984e-01,5.534265786929691844e-01,5.564715975339563636e-01,5.595187092438830279e-01,5.625632334245338484e-01,5.656004536190362142e-01,5.686257053714538490e-01,5.716343046509914094e-01,5.746215798135615449e-01,5.775829091491303524e-01,5.805136903305639917e-01,5.834093305518205375e-01,5.862653255570366984e-01,5.890771681355286837e-01,5.918404476394065750e-01,5.945507882585880921e-01,5.972038832691644039e-01,5.997954938625448262e-01,6.023214886719714389e-01,6.047777711883595142e-01,6.071603709043605912e-01,6.094653964347032105e-01,6.116890597713574573e-01,6.138276611995012733e-01,6.158776594897009682e-01,6.178355655000571378e-01,6.196980453728712090e-01,6.214619177434395070e-01,6.231240922581305908e-01,6.246815854112786059e-01,6.261316331914801303e-01,6.274715817846218124e-01,6.286988924172093318e-01,6.298112351105236151e-01,6.308063854683484406e-01,6.316823276022150990e-01,6.324371787003865153e-01,6.330692357990053143e-01,6.335769610319302858e-01,6.339590135208197363e-01,6.342141828147875859e-01,6.343414870903453240e-01,6.343401134176852585e-01,6.342094140051347528e-01,6.339489545808075777e-01,6.335584633277661082e-01,6.330378866515552483e-01,6.323873408624425263e-01,6.316071484328956709e-01,6.306977983478697647e-01,6.296600163020119600e-01,6.284947017288907700e-01,6.272029368386785597e-01,6.257860103385312067e-01,6.242454077229199205e-01,6.225827893171927974e-01,6.208000203228248859e-01,6.188991670787603594e-01,6.168824576371477741e-01,6.147523389704034891e-01,6.125114069941365313e-01,6.101624672927079551e-01,6.077084994424941655e-01,6.051526467287428046e-01,6.024982569486507789e-01,5.997487969954470310e-01,5.969079441406307529e-01,5.939794990886944070e-01,5.909674827184051571e-01,5.878760104874072301e-01,5.847093604798412336e-01,5.814719528240913649e-01,5.781683448407676229e-01,5.748032527469095765e-01,5.713814833159047701e-01,5.679079615986003526e-01,5.643877704607166423e-01,5.608260251476854252e-01,5.572280221894239105e-01,5.535990936951055152e-01,5.499447014140952383e-01,5.462703375930093586e-01,5.425815973473695486e-01,5.388841190358391042e-01,5.351836188928085214e-01,5.314858500952296394e-01,5.277965934882340449e-01,5.241216714698748724e-01,5.204669427917161251e-01,5.168382300607194946e-01,5.132414228973899428e-01,5.096823660779438159e-01,5.061669068979678388e-01,5.027008618375812254e-01,4.992900203099597256e-01,4.959401440136903538e-01,4.926569266340298792e-01,4.894460083851163157e-01,4.863129870879495664e-01,4.832633279107100277e-01,4.803024817626633802e-01,4.774357594065723465e-01,4.746683916380992074e-01,4.720054876513964381e-01,4.694520250123433436e-01,4.670128837261181554e-01,4.646927899152717423e-01,4.624963268188289067e-01,4.604279220986198795e-01,4.584918468190053997e-01,4.566922213766561600e-01,4.550329552929849863e-01,4.535177944974511655e-01,4.521503155370628080e-01,4.509338426193336691e-01,4.498715643223106242e-01,4.489664225627214567e-01,4.482211418141265336e-01,4.476382339349880279e-01,4.472199896862414925e-01,4.469684887376128568e-01,4.468855027110103517e-01,4.469726320534379571e-01,4.472312225501536842e-01,4.476623601563110566e-01,4.482668705339484805e-01,4.490453517505331726e-01,4.499981131663106093e-01,4.511252363808245236e-01,4.524265266964736520e-01,4.539015348700877195e-01,4.555495438207005643e-01,4.573695664137561456e-01,4.593603875138622117e-01,4.615204645653774862e-01,4.638480555752163004e-01,4.663411441185748019e-01,4.689974405009003644e-01,4.718144093339650125e-01,4.747892499297264868e-01,4.779189220674666672e-01,4.812001289625685851e-01,4.846293412550836122e-01,4.882027782770059221e-01,4.919164426064834839e-01,4.957660747409413093e-01,4.997472366171233915e-01,5.038552177983158797e-01,5.080851454684509605e-01,5.124319193867595823e-01,5.168902279481396578e-01,5.214545870100709690e-01,5.261193250365212570e-01,5.308786032707825120e-01,5.357263845633949417e-01,5.406565237767491094e-01,5.456626834875951682e-01,5.507383935002156949e-01,5.558770774362500333e-01,5.610720386269385518e-01,5.663164091788314147e-01,5.716032976416817180e-01,5.769256942604477079e-01,5.822765034580735799e-01,5.876485471309845776e-01,5.930346343829618894e-01,5.984275010044892706e-01,6.038198514799356653e-01,6.092043685751687976e-01,6.145737187876020302e-01,6.199205824165439083e-01,6.252376291418931809e-01,6.305175878178256310e-01,6.357532022149681161e-01,6.409372541460469641e-01,6.460625942629976137e-01,6.511221392022737975e-01,6.561089001910654916e-01,6.610159469903035268e-01,6.658365161386079478e-01,6.705638998981783283e-01,6.751915548682194679e-01,6.797130469276783105e-01,6.841220896748810842e-01,6.884126073367861087e-01,6.925786195106156118e-01,6.966143778023119459e-01,7.005142903161098999e-01,7.042729847545459165e-01,7.078852684075562784e-01,7.113461954969417800e-01,7.146510187377527190e-01,7.177952477555230582e-01,7.207745843336084146e-01,7.235850310684700526e-01,7.262228340325523890e-01,7.286844413233555251e-01,7.309666400920127316e-01,7.330664704284529654e-01,7.349811956295129178e-01,7.367084265771104423e-01,7.382460588571120308e-01,7.395922121635236657e-01,7.407453478255680013e-01,7.417042259823296568e-01,7.424678748067100598e-01,7.430356537541981110e-01,7.434072152625407215e-01,7.435824724151924858e-01,7.435616846046684270e-01,7.433454163785045976e-01,7.429344951247491835e-01,7.423300996133491703e-01,7.415336311864018093e-01,7.405468604546870948e-01,7.393718029854828844e-01,7.380107874429850945e-01,7.364664226928248070e-01,7.347415961124041939e-01,7.328394684078055610e-01,7.307634618172849095e-01,7.285173030663955052e-01,7.261049129171933680e-01,7.235305474750850507e-01,7.207986420562676466e-01,7.179139052036686008e-01,7.148812475632857488e-01,7.117058332938687171e-01,7.083930060702355869e-01,7.049483347605373096e-01,7.013776073899705699e-01,6.976867641240721563e-01,6.938819146000314575e-01,6.899693664421963080e-01,6.859555423769182481e-01,6.818470712141023737e-01,6.776506457100505143e-01,6.733731244054180776e-01,6.690214714561421028e-01,6.646027257303336322e-01,6.601240340877376767e-01,6.555926354765128083e-01,6.510157986853307710e-01,6.464008661747042694e-01,6.417551919803414773e-01,6.370862227448809145e-01,6.324013385356860306e-01,6.277079582629575549e-01,6.230135079166969625e-01,6.183253660154767184e-01,6.136509014413717988e-01,6.089973981162813965e-01,6.043721337519428749e-01,5.997822667536369945e-01,5.952349047594850395e-01,5.907370584711238992e-01,5.862956159347859630e-01,5.819173885217568953e-01,5.776090008481211679e-01,5.733770011936186739e-01,5.692277642800176451e-01,5.651674973902994781e-01,5.612022408788608363e-01,5.573379028729763540e-01,5.535801182431897560e-01,5.499344204965840310e-01,5.464060537609993773e-01,5.430001266581977459e-01,5.397214844671348599e-01,5.365747493812033087e-01,5.335643092693090894e-01,5.306943411884593731e-01,5.279687144316277392e-01,5.253911034045855022e-01,5.229648722584384624e-01,5.206932093790623828e-01,5.185789227235985122e-01,5.166246407050514300e-01,5.148326585658500321e-01,5.132050540992193488e-01,5.117435552960717393e-01,5.104496696959170965e-01,5.093245797047633028e-01,5.083692156404522322e-01,5.075841833286935945e-01,5.069698591869884474e-01,5.065263088253191270e-01,5.062532823510291768e-01,5.061502959730427298e-01,5.062165921124930357e-01,5.064510866563671776e-01,5.068524533096676610e-01,5.074191031288275422e-01,5.081491723727108445e-01,5.090405108590001504e-01,5.100907610366094413e-01,5.112972635868101579e-01,5.126571319969859264e-01,5.141672193954827108e-01,5.158241949156292527e-01,5.176244411666661716e-01,5.195641735777772885e-01,5.216393208927201375e-01,5.238456727310579764e-01,5.261787906481215638e-01,5.286340532951243620e-01,5.312066392196297393e-01,5.338915885252452087e-01,5.366837431978506157e-01,5.395777859822942224e-01,5.425683109401711057e-01,5.456497088409768548e-01,5.488162745252052055e-01,5.520622099202602273e-01,5.553815487726068145e-01,5.587683066718568403e-01,5.622163372801854964e-01,5.657194887735714772e-01,5.692714894106911672e-01,5.728660566407066668e-01,5.764968400943571991e-01,5.801574690350601582e-01,5.838415399229321956e-01,5.875426534246868115e-01,5.912543910233568623e-01,5.949703632024200273e-01,5.986841942071500222e-01,6.023895145019404485e-01,6.060800549431887285e-01,6.097495391305324253e-01,6.133917700597356637e-01,6.170006386710594759e-01,6.205700858620402105e-01,6.240941815662938152e-01,6.275670570912329493e-01,6.309829743657455747e-01,6.343362890030289636e-01,6.376215190225862361e-01,6.408332755043378848e-01,6.439663381134846931e-01,6.470156108821777385e-01,6.499761992954435907e-01,6.528433093981972357e-01,6.556123699179129405e-01,6.582789670523482295e-01,6.608388533632481021e-01,6.632879915998460829e-01,6.656225115409264426e-01,6.678388035561458880e-01,6.699333960695021961e-01,6.719030384124823341e-01,6.737447058641359288e-01,6.754555892250633242e-01,6.770330889551883224e-01,6.784748161578394443e-01,6.797786410445928462e-01,6.809426205937311183e-01,6.819650619833298455e-01,6.828444770476869152e-01,6.835796453576198362e-01,6.841695575232074056e-01,6.846134180775841349e-01,6.849106893536298646e-01,6.850610453339929240e-01,6.850643799566918934e-01,6.849208374979824931e-01,6.846308031267487326e-01,6.841948338149920206e-01,6.836137199249366914e-01,6.828885387111127692e-01,6.820204852465892031e-01,6.810110193032070658e-01,6.798618356536487717e-01,6.785747780738108359e-01,6.771519255575567664e-01,6.755955439850435118e-01,6.739080827570870236e-01,6.720922016751490480e-01,6.701507329701934523e-01,6.680866801939757682e-01,6.659031938411494878e-01,6.636036579639443822e-01,6.611915408859474486e-01,6.586705247759706561e-01,6.560443869368504100e-01,6.533170800291324687e-01,6.504926722568329378e-01,6.475753559231419709e-01,6.445694549193616840e-01,6.414794114923156876e-01,6.383097421724044374e-01,6.350650952172733898e-01,6.317501819571852417e-01,6.283698082065195534e-01,6.249288549133126258e-01,6.214322668134694139e-01,6.178850476874040432e-01,6.142922618947954660e-01,6.106590042654782557e-01,6.069904071136527079e-01,6.032916587887885429e-01,5.995679147860617508e-01,5.958244089171457203e-01,5.920663302955202489e-01,5.882988737917235200e-01,5.845272602499176351e-01,5.807566664712586757e-01,5.769922210177363953e-01,5.732390802582799649e-01,5.695023076022640574e-01,5.657869611874075666e-01,5.620980156355911417e-01,5.584404094194183044e-01,5.548190169921767279e-01,5.512386083173680396e-01,5.477039213370207271e-01,5.442195755614886998e-01,5.407901169958609922e-01
3.527889653536500636e-01,3.557962248118614057e-01,3.587825355768919366e-01,3.617460808762071323e-01,3.646851080482415020e-01,3.675979783207489748e-01,3.704831123928725711e-01,3.733390578239860202e-01,3.761644152064420044e-01,3.789578860412170513e-01,3.817182748289622007e-01,3.844444419578644800e-01,3.871353454700361407e-01,3.897900335655046233e-01,3.924076206753631113e-01,3.949873065236383374e-01,3.975283800802171252e-01,4.000301606320793568e-01,4.024920912498157755e-01,4.049136396953339490e-01,4.072943769312894480e-01,4.096339045936763235e-01,4.119318937119673674e-01,4.141880810557950210e-01,4.164022452867985336e-01,4.185742142766950558e-01,4.207038649469595493e-01,4.227911275537010738e-01,4.248359422377254724e-01,4.268383062668588690e-01,4.287982531411709264e-01,4.307158291751851942e-01,4.325911153012069743e-01,4.344242108467807895e-01,4.362152251979700690e-01,4.379643012206559938e-01,4.396715727686901776e-01,4.413371950340703176e-01,4.429613270330624020e-01,4.445441122558855263e-01,4.460857177016442354e-01,4.475862859017068485e-01,4.490459673695133547e-01,4.504648981127487573e-01,4.518431933308750259e-01,4.531809671224094616e-01,4.544783004909943025e-01,4.557352862373114100e-01,4.569519576520144066e-01,4.581283495312440390e-01,4.592644763339234215e-01,4.603603222575818332e-01,4.614158374123931705e-01,4.624309499517891275e-01,4.634055656845559867e-01,4.643395655477439710e-01,4.652327848506498942e-01,4.660850549102831808e-01,4.668961595744467452e-01,4.676658582509525264e-01,4.683938897221820441e-01,4.690799550818243735e-01,4.697237428554595917e-01,4.703249071379018154e-01,4.708830761620991234e-01,4.713978729667687162e-01,4.718688728657299825e-01,4.722956492195535261e-01,4.726777592969395592e-01,4.730147365750601018e-01,4.733061060913688056e-01,4.735513803888012907e-01,4.737500737276900686e-01,4.739016636980356578e-01,4.740056635242407834e-01,4.740615668711191666e-01,4.740688637755668955e-01,4.740270583153584072e-01,4.739356626885287693e-01,4.737941930234461640e-01,4.736022073964925583e-01,4.733592309463288683e-01,4.730648600737090148e-01,4.727186806663486451e-01,4.723203112218150590e-01,4.718694153050668194e-01,4.713656831640630207e-01,4.708088377128549773e-01,4.701986321800777358e-01,4.695348792403804539e-01,4.688174331722035348e-01,4.680461804228515099e-01,4.672210758234131012e-01,4.663421343022137733e-01,4.654093834934014406e-01,4.644229634946901997e-01,4.633830557231792824e-01,4.622898716620775783e-01,4.611437402262415497e-01,4.599450113557905784e-01,4.586941334818949723e-01,4.573916112855919702e-01,4.560380274641849252e-01,4.546340266567103772e-01,4.531803301824809949e-01,4.516777410170562668e-01,4.501271155561720194e-01,4.485294017346755924e-01,4.468856408912820766e-01,4.451968873745378308e-01,4.434643329504787124e-01,4.416892086883844049e-01,4.398728388585797511e-01,4.380165965864706301e-01,4.361219366618681037e-01,4.341903884113423873e-01,4.322235297895123396e-01,4.302230299438823957e-01,4.281906051178757111e-01,4.261280298895435692e-01,4.240371392755331037e-01,4.219198506403046278e-01,4.197780882090997312e-01,4.176138559604803402e-01,4.154291987874823566e-01,4.132262074180087508e-01,4.110070050640093342e-01,4.087737424482080217e-01,4.065286385656075585e-01,4.042738938167373397e-01,4.020117583207359346e-01,3.997445123225185082e-01,3.974744199287850721e-01,3.952037829451267026e-01,3.929349014755899594e-01,3.906700608972395461e-01,3.884115555154964983e-01,3.861616938515322617e-01,3.839227377949145925e-01,3.816969393169706293e-01,3.794865451252158461e-01,3.772937554413500760e-01,3.751207523996470394e-01,3.729696678350229999e-01,3.708426136336918644e-01,3.687416283650787330e-01,3.666687197289831279e-01,3.646258323678314150e-01,3.626148540325271896e-01,3.606376111526350403e-01,3.586958680386148623e-01,3.567912952502481083e-01,3.549255046975910988e-01,3.531000295415960832e-01,3.513163142974577990e-01,3.495757254277704340e-01,3.478795127753926408e-01,3.462288771830946965e-01,3.446248983954465772e-01,3.430685480240207585e-01,3.415607288403081920e-01,3.401022177555926840e-01,3.386936850623250561e-01,3.373357132315598639e-01,3.360287802261907597e-01,3.347732197349185257e-01,3.335693025170971548e-01,3.324171688811206615e-01,3.313168417800686494e-01,3.302682418176589585e-01,3.292711992990072778e-01,3.283254061847382110e-01,3.274304603179764572e-01,3.265858629131507262e-01,3.257909798680506674e-01,3.250451108153107338e-01,3.243474328316577893e-01,3.236970205930394529e-01,3.230928656528471721e-01,3.225338444261774407e-01,3.220187799370928805e-01,3.215463645403175974e-01,3.211152362819991168e-01,3.207239374523730424e-01,3.203709401630807641e-01,3.200546338108820610e-01,3.197733583822623404e-01,3.195253695707307440e-01,3.193088947025883306e-01,3.191220607655923525e-01,3.189629881688780255e-01,3.188297324752494277e-01,3.187203106827289356e-01,3.186327134064098621e-01,3.185649151693422665e-01,3.185148464323863671e-01,3.184804330862546218e-01,3.184595836286656101e-01,3.184502269455017354e-01,3.184502397080680725e-01,3.184575916872781631e-01,3.184701692703481024e-01,3.184859482997708380e-01,3.185028957485064316e-01,3.185190332424903126e-01,3.185323954578466732e-01,3.185410816201811324e-01,3.185432128183556255e-01,3.185369948187286027e-01,3.185206607604589846e-01,3.184925366578031380e-01,3.184509902477055121e-01,3.183944984613743534e-01,3.183215821315396599e-01,3.182308504508021274e-01,3.181210309586119944e-01,3.179909084907359129e-01,3.178393804986936466e-01,3.176654427901086097e-01,3.174681866852729906e-01,3.172468162166028338e-01,3.170006305222299869e-01,3.167290693980314153e-01,3.164316565625869826e-01,3.161080468811602873e-01,3.157579973622814395e-01,3.153814103061714502e-01,3.149782769278173800e-01,3.145487312571781935e-01,3.140930105189517763e-01,3.136115019210797272e-01,3.131046667561016017e-01,3.125731276745681853e-01,3.120175972363206096e-01,3.114389403934969547e-01,3.108380974128367447e-01,3.102161561390508471e-01,3.095742806578100637e-01,3.089137868180608093e-01,3.082360648078465992e-01,3.075426261022313756e-01,3.068350740309259139e-01,3.061151010120487514e-01,3.053845005299414828e-01,3.046451668285125036e-01,3.038990363065265377e-01,3.031481805624640091e-01,3.023946793979949144e-01,3.016407476874272686e-01,3.008886052450145954e-01,3.001405595417324657e-01,2.993989592000469990e-01,2.986662014396493925e-01,2.979447182181535481e-01,2.972369647658248404e-01,2.965454341205769895e-01,2.958726220782327831e-01,2.952210668961350870e-01,2.945932747176248645e-01,2.939917688846206412e-01,2.934190450275887541e-01,2.928776081182431490e-01,2.923699169819233834e-01,2.918984099258968845e-01,2.914654959348585983e-01,2.910735020177151466e-01,2.907247585042725957e-01,2.904214797948377891e-01,2.901658584914692529e-01,2.899599904421475416e-01,2.898059017411063198e-01,2.897055178015173760e-01,2.896607038906928722e-01,2.896732023022775548e-01,2.897446366874161794e-01,2.898765598734528992e-01,2.900703955317042171e-01,2.903274358143889122e-01,2.906488496155098522e-01,2.910356816833025717e-01,2.914888469328008602e-01,2.920091062416971806e-01,2.925971003425829053e-01,2.932533043393519279e-01,2.939780568455332421e-01,2.947715350130413192e-01,2.956337730538010078e-01,2.965646442113072934e-01,2.975638560302773516e-01,2.986309554868564198e-01,2.997653585566200096e-01,3.009662843097524187e-01,3.022327978674272386e-01,3.035638269120939925e-01,3.049581062592865988e-01,3.064142382738997417e-01,3.079306521993022128e-01,3.095056100325242476e-01,3.111372527751564143e-01,3.128235354892521247e-01,3.145622841238568945e-01,3.163511761233130937e-01,3.181877246503729273e-01,3.200693247989039314e-01,3.219932531242426510e-01,3.239566311670084575e-01,3.259564479031385464e-01,3.279896066269923915e-01,3.300528599275864283e-01,3.321428785171526288e-01,3.342562328301783570e-01,3.363893728888233126e-01,3.385386877109472503e-01,3.407004668160255045e-01,3.428709274057580303e-01,3.450462387739636205e-01,3.472224897967238766e-01,3.493957223871715367e-01,3.515619438476486058e-01,3.537171222098121626e-01,3.558571976063757969e-01,3.579780761797486388e-01,3.600756853557605663e-01,3.621459390525819666e-01,3.641847434568917796e-01,3.661880383251178706e-01,3.681517775633079137e-01,3.700719533792015126e-01,3.719446036825651003e-01,3.737658170935753699e-01,3.755317179215116874e-01,3.772385300533223074e-01,3.788825319031575711e-01,3.804600963254175516e-01,3.819676892600199491e-01,3.834018703896432401e-01,3.847593042303478761e-01,3.860367774804858709e-01,3.872311951678221176e-01,3.883395865759930454e-01,3.893591404986924132e-01,3.902871585483731476e-01,3.911211125858298221e-01,3.918586137668603198e-01,3.924974448313167108e-01,3.930355593973091088e-01,3.934710684955210480e-01,3.938022628203771691e-01,3.940276192697637625e-01,3.941457999427649406e-01,3.941556363202697311e-01,3.940561816779896143e-01,3.938466531340734100e-01,3.935264772329343241e-01,3.930952721406698047e-01,3.925528811263133133e-01,3.918993078195249780e-01,3.911347796872683413e-01,3.902597379321637860e-01,3.892747859926245502e-01,3.881807768772222444e-01,3.869787270603499141e-01,3.856698687081342447e-01,3.842556212805326998e-01,3.827376178752974756e-01,3.811176520434295112e-01,3.793977407621785813e-01,3.775800709922071396e-01,3.756669995565951603e-01,3.736610833933067810e-01,3.715650393973921051e-01,3.693817580129586386e-01,3.671142877631114465e-01,3.647658445680888040e-01,3.623397856392686078e-01,3.598396172848547514e-01,3.572689953154588038e-01,3.546316883261218522e-01,3.519315976172940341e-01,3.491727597128074234e-01,3.463592944567025489e-01,3.434954489122776788e-01,3.405855483050150845e-01,3.376340006164379459e-01,3.346453117389412424e-01,3.316240597551606828e-01,3.285748511864464705e-01,3.255023789631780184e-01,3.224113587779683376e-01,3.193065679696842074e-01,3.161927741547985171e-01,3.130747956190234604e-01,3.099574461679807658e-01,3.068455364017070308e-01,3.037438616964427962e-01,3.006572224674002869e-01,2.975903712615413088e-01,2.945480499366573413e-01,2.915349257783876880e-01,2.885556352887497233e-01,2.856147393459732564e-01,2.827167547868124631e-01,2.798660927094031581e-01,2.770671133916856599e-01,2.743240547203877333e-01,2.716410681468854338e-01,2.690222054285472120e-01,2.664713942977643968e-01,2.639924637738803592e-01,2.615890874663585053e-01,2.592648206913539810e-01,2.570230907811175136e-01,2.548671788265836624e-01,2.528002148963733320e-01,2.508251751288705367e-01,2.489448856839832358e-01,2.471619937479732632e-01,2.454790181520814241e-01,2.438982633409101097e-01,2.424219216003354604e-01,2.410519610264223456e-01,2.397901914802449963e-01,2.386382549329486846e-01,2.375976043173511354e-01,2.366695280529355350e-01,2.358551151052085959e-01,2.351552772738164654e-01
3.211267806083211163e-01,3.216749262746334548e-01,3.221666043555172498e-01,3.226023902145078726e-01,3.229830292740478170e-01,3.233093941746369437e-01,3.235825000950768304e-01,3.238035206975509728e-01,3.239737523840826028e-01,3.240946149896562489e-01,3.241676617186919906e-01,3.241945833820703560e-01,3.241771592811176772e-01,3.241172843726844444e-01,3.240169632699063107e-01,3.238783008892997528e-01,3.237034830914161665e-01,3.234947827779712792e-01,3.232545629573663759e-01,3.229852346464013868e-01,3.226892824326026976e-01,3.223692576594818782e-01,3.220277413153729840e-01,3.216673707916752334e-01,3.212908163903626657e-01,3.209007669238607696e-01,3.204999293385726311e-01,3.200910412394900040e-01,3.196768127833553574e-01,3.192599762241781214e-01,3.188432464923611764e-01,3.184293166072184045e-01,3.180208578623767712e-01,3.176205067543255711e-01,3.172308563249278124e-01,3.168544641832272135e-01,3.164938266142029999e-01,3.161513719885600815e-01,3.158294821115603113e-01,3.155304607600658007e-01,3.152565123818822923e-01,3.150097914409481503e-01,3.147923337746829642e-01,3.146060982405279871e-01,3.144529484047059453e-01,3.143346163900440082e-01,3.142527559647137481e-01,3.142088935700733110e-01,3.142044456522887219e-01,3.142407049710416178e-01,3.143188414564623279e-01,3.144399169881577083e-01,3.146048278314298452e-01,3.148143812062590419e-01,3.150692351476421238e-01,3.153699108577757704e-01,3.157168008127554382e-01,3.161101732111348817e-01,3.165501480448013050e-01,3.170367142288049167e-01,3.175697365803258898e-01,3.181489252109461763e-01,3.187738919781666347e-01,3.194440853559644133e-01,3.201588433285897373e-01,3.209173791022649214e-01,3.217187657118161237e-01,3.225619668103756332e-01,3.234458378715069915e-01,3.243690954380967773e-01,3.253303559636038234e-01,3.263281429026056446e-01,3.273608495363793947e-01,3.284267926597468357e-01,3.295241854601955733e-01,3.306511480535976877e-01,3.318057279486090194e-01,3.329858739658182465e-01,3.341894777285955298e-01,3.354143637233882314e-01,3.366582782094642567e-01,3.379189325556183343e-01,3.391939671426136838e-01,3.404809822688505960e-01,3.417775461077162680e-01,3.430811967629822101e-01,3.443894320785715890e-01,3.456997416090484831e-01,3.470095887078830654e-01,3.483164454600987114e-01,3.496177732144010730e-01,3.509110349671666906e-01,3.521937074799461609e-01,3.534632867592806815e-01,3.547172969017685085e-01,3.559532738851693412e-01,3.571687952438240554e-01,3.583614936945066498e-01,3.595290216876954603e-01,3.606690989559092619e-01,3.617794999837829484e-01,3.628580483949821467e-01,3.639026500345646231e-01,3.649112678038697877e-01,3.658819419193319322e-01,3.668127979537534333e-01,3.677020243125156407e-01,3.685479247838279737e-01,3.693488641149640928e-01,3.701033112847808004e-01,3.708098400780215909e-01,3.714671050656517259e-01,3.720738574135954435e-01,3.726289644821338398e-01,3.731313985204625649e-01,3.735802240032025101e-01,3.739746107864357905e-01,3.743138497517438101e-01,3.745973276002764196e-01,3.748245323666261619e-01,3.749950792239764574e-01,3.751086638895133052e-01,3.751651153515939696e-01,3.751643579328308165e-01,3.751064044117801144e-01,3.749913929318509642e-01,3.748195451343957485e-01,3.745911967884008043e-01,3.743067696696221192e-01,3.739667836665947487e-01,3.735718528822070672e-01,3.731226668604905039e-01,3.726200316313524885e-01,3.720648030077496893e-01,3.714579225801490914e-01,3.708004220888372338e-01,3.700934009935668012e-01,3.693380043302772475e-01,3.685354720569307685e-01,3.676870776849625599e-01,3.667941809144947274e-01,3.658581424415966454e-01,3.648804292343458267e-01,3.638624973286914699e-01,3.628058721863841596e-01,3.617120888529224976e-01,3.605827407525125650e-01,3.594194131919208335e-01,3.582237230019512664e-01,3.569973066895562597e-01,3.557417992584423483e-01,3.544588389588244626e-01,3.531500761633269425e-01,3.518171487535930453e-01,3.504616858890911013e-01,3.490853028471984643e-01,3.476896077505433613e-01,3.462761637280813432e-01,3.448465425500246706e-01,3.434022560144430747e-01,3.419448088478888592e-01,3.404756451081903390e-01,3.389962074241996692e-01,3.375078480688022409e-01,3.360119140336433885e-01,3.345096846568627047e-01,3.330024003272662458e-01,3.314912467635927062e-01,3.299773596959784117e-01,3.284618085584660729e-01,3.269456151085151641e-01,3.254297387826287080e-01,3.239150818030945844e-01,3.224024873826165094e-01,3.208927416691012002e-01,3.193865657429064142e-01,3.178846167342345153e-01,3.163874960835359462e-01,3.148957507935341016e-01,3.134098531858047765e-01,3.119302389626428806e-01,3.104572614616581405e-01,3.089912392692282239e-01,3.075324216731923355e-01,3.060810193661369638e-01,3.046371866763518121e-01,3.032010214451544283e-01,3.017725886154699610e-01,3.003518941604839121e-01,2.989389276973435927e-01,2.975336102326149312e-01,2.961358533366819090e-01,2.947455288303474918e-01,2.933624780147496836e-01,2.919865149967095785e-01,2.906174423348689140e-01,2.892550373656485041e-01,2.878990605832371097e-01,2.865492763490600225e-01,2.852054202658544368e-01,2.838672405321001624e-01,2.825344948019317681e-01,2.812069260793739200e-01,2.798842988161019951e-01,2.785663927466268119e-01,2.772529779652331272e-01,2.759438848535274436e-01,2.746389380414108183e-01,2.733380100468301710e-01,2.720409885805638028e-01,2.707478002409192119e-01,2.694584203448644466e-01,2.681728437887122007e-01,2.668911352203028886e-01,2.656133877367999885e-01,2.643397650296039347e-01,2.630704434970521088e-01,2.618056973223184536e-01,2.605458405203132655e-01,2.592912442571740916e-01,2.580423354505507194e-01,2.567996223965989810e-01,2.555636694708665058e-01,2.543350837626636163e-01,2.531145686429580599e-01,2.519028814912184222e-01,2.507008454603163461e-01,2.495093496561849034e-01,2.483293476318280679e-01,2.471618824130617786e-01,2.460080219952723024e-01,2.448689250524737904e-01,2.437458201211704090e-01,2.426399774051603009e-01,2.415527272573362305e-01,2.404854911458644273e-01,2.394397039685831063e-01,2.384168756530932742e-01,2.374185688370087643e-01,2.364463894652869547e-01,2.355019752624230023e-01,2.345870276000237564e-01,2.337032652854869608e-01,2.328524526737419387e-01,2.320363805251548783e-01,2.312568678618782680e-01,2.305157333081827853e-01,2.298148467903494696e-01,2.291560564984055637e-01,2.285412343175419747e-01,2.279722450112675602e-01,2.274509507453535695e-01,2.269792126034975988e-01,2.265588600636708472e-01,2.261917217332253260e-01,2.258795746271717308e-01,2.256241763123868205e-01,2.254272631694439200e-01,2.252905031305938166e-01,2.252155255869963957e-01,2.252039056535591888e-01,2.252571519599580185e-01,2.253767224139692493e-01,2.255639856287139366e-01,2.258202397487936164e-01,2.261467061830114700e-01,2.265445163163203601e-01,2.270146988124927268e-01,2.275581962577475081e-01,2.281758502481002204e-01,2.288683864712289795e-01,2.296364251932489220e-01,2.304804726367059575e-01,2.314008990208909766e-01,2.323979845216363749e-01,2.334718469783750583e-01,2.346224892960267205e-01,2.358498006781347134e-01,2.371534908246767381e-01,2.385331661061703690e-01,2.399882830373720188e-01,2.415181551966425477e-01,2.431219520798682532e-01,2.447986931997381543e-01,2.465472654185985879e-01,2.483663918610902743e-01,2.502546665569323481e-01,2.522105295958754767e-01,2.542322718515109825e-01,2.563180524109680558e-01,2.584658800221992792e-01,2.606736008275236105e-01,2.629389602836695317e-01,2.652595438368595682e-01,2.676328049009207288e-01,2.700560655854843950e-01,2.725265249212284746e-01,2.750412485627327652e-01,2.775971905132869622e-01,2.801911914315454721e-01,2.828199659442144909e-01,2.854801438672584513e-01,2.881682394131883096e-01,2.908806702372375153e-01,2.936137827183424864e-01,2.963638170196753463e-01,2.991269651249388595e-01,3.018993212451821506e-01,3.046769437456338103e-01,3.074558016432370477e-01,3.102318682476643552e-01,3.130010104852583019e-01,3.157591282759891760e-01,3.185020547534067048e-01,3.212256237180182161e-01,3.239256472023989697e-01,3.265979539707859480e-01,3.292383743064261625e-01,3.318427534973046877e-01,3.344069662460741332e-01,3.369269075914623768e-01,3.393985434166205684e-01,3.418178607943647695e-01,3.441809029103679030e-01,3.464838350813571610e-01,3.487228258196792274e-01,3.508941592641635632e-01,3.529942288405251705e-01,3.550195106111720955e-01,3.569665614270949860e-01,3.588321066362185063e-01,3.606129676596092626e-01,3.623060890604227757e-01,3.639085525434831436e-01,3.654175943660366022e-01,3.668306028089867721e-01,3.681451076026604485e-01,3.693588170366439161e-01,3.704695840551565089e-01,3.714754530317160297e-01,3.723746411840634374e-01,3.731655485550817164e-01,3.738467527849594907e-01,3.744170355581916687e-01,3.748753498268652673e-01,3.752208764986016964e-01,3.754529643101819358e-01,3.755711771826454326e-01,3.755752862548698001e-01,3.754652525078546188e-01,3.752412550156465354e-01,3.749036661059864661e-01,3.744530728858542767e-01,3.738902615873561652e-01,3.732162314740914422e-01,3.724321665647983282e-01,3.715394683898074479e-01,3.705397189140950953e-01,3.694347237103033921e-01,3.682264498275418241e-01,3.669170745593625105e-01,3.655089583038777512e-01,3.640046215347305658e-01,3.624067945336812424e-01,3.607183581950962892e-01,3.589423538453515028e-01,3.570820017543054892e-01,3.551406468311663067e-01,3.531218327573215077e-01,3.510291798670471253e-01,3.488664830630150981e-01,3.466376468709600478e-01,3.443466971499913876e-01,3.419977794550272954e-01,3.395951297966371407e-01,3.371430580151643097e-01,3.346460055142626011e-01,3.321084470410317624e-01,3.295349379416063762e-01,3.269300976666633662e-01,3.242985798352511218e-01,3.216450867186362306e-01,3.189743435245694925e-01,3.162910949410809858e-01,3.136000972276057897e-01,3.109060989861524016e-01,3.082138643325701977e-01,3.055281041032574807e-01,3.028535129190513819e-01,3.001947516668179161e-01,2.975564231320966813e-01,2.949430845854033589e-01,2.923592308480017499e-01,2.898092434233606185e-01,2.872974827363617423e-01,2.848281631322835961e-01,2.824054009134217558e-01,2.800332345285724278e-01,2.777155688983266035e-01,2.754561652363766155e-01,2.732586811248273184e-01,2.711266163175843902e-01,2.690633360188123269e-01,2.670720343501594152e-01,2.651557686403908098e-01,2.633173995561373659e-01,2.615596633866091314e-01,2.598850853068063183e-01,2.582960113851802686e-01,2.567946187948641490e-01,2.553829060438325138e-01,2.540626578951373782e-01,2.528354728144316943e-01,2.517027559492250322e-01,2.506657160027415676e-01,2.497253664498167991e-01,2.488825029245745890e-01,2.481377364454856183e-01,2.474914658021252212e-01,2.469439063800967227e-01,2.464950559046640288e-01,2.461447089257465803e-01,2.458924890367596428e-01,2.457377939896600028e-01,2.456798565229102171e-01,2.457176965842376160e-01,2.458501579693585515e-01
2.284331569331000955e-01,2.298750446103180745e-01,2.312998000339087090e-01,2.327062172375816695e-01,2.340931207803259861e-01,2.354593652061196252e-01,2.368038314414364076e-01,2.381254558365736018e-01,2.394232123114402033e-01,2.406961117254575178e-01,2.419432122342879410e-01,2.431636185260272198e-01,2.443565031899810613e-01,2.455210548085364486e-01,2.466565647011799423e-01,2.477623338510785422e-01,2.488377577399800977e-01,2.498822678213392934e-01,2.508953720877898363e-01,2.518766218384452804e-01,2.528256605723098183e-01,2.537421812048980541e-01,2.546259370978528613e-01,2.554767685821602852e-01,2.562945562264292709e-01,2.570792811210168005e-01,2.578309748550193792e-01,2.585497391910933640e-01,2.592357502785939127e-01,2.598892520978357545e-01,2.605105594418914983e-01,2.611000600110496284e-01,2.616582023865572371e-01,2.621855142674265338e-01,2.626825799572340969e-01,2.631500525616550790e-01,2.635886667746170087e-01,2.639991963097086947e-01,2.643824945824455597e-01,2.647394831334342058e-01,2.650711159522869953e-01,2.653784377467901523e-01,2.656625310253550309e-01,2.659245304616469352e-01,2.661656279338558417e-01,2.663870716655259985e-01,2.665901435532667674e-01,2.667761799402602052e-01,2.669465529564815642e-01,2.671026780538901524e-01,2.672460070542105881e-01,2.673780094517447248e-01,2.675002113020121808e-01,2.676141416097068682e-01,2.677213678602521352e-01,2.678234582854554513e-01,2.679220206495055434e-01,2.680186654529844170e-01,2.681150085042589004e-01,2.682126698854804814e-01,2.683132809202987690e-01,2.684184653948781807e-01,2.685298378376194117e-01,2.686490228269443614e-01,2.687775958917003050e-01,2.689171543188841329e-01,2.690692514581604633e-01,2.692354210535197190e-01,2.694171786900250165e-01,2.696159965599080333e-01,2.698333205871334961e-01,2.700705509091608780e-01,2.703290554967374137e-01,2.706101417598053005e-01,2.709151011026512124e-01,2.712451278415816125e-01,2.716013957249615030e-01,2.719850115288248160e-01,2.723970169562119348e-01,2.728383912971684699e-01,2.733100542491143092e-01,2.738128518377440646e-01,2.743475602014233128e-01,2.749148709020097225e-01,2.755154330200949020e-01,2.761497783489829105e-01,2.768183805097181316e-01,2.775216312707837751e-01,2.782598367869186240e-01,2.790332252852218420e-01,2.798419352858711462e-01,2.806860095487858642e-01,2.815654152546171463e-01,2.824800472843171373e-01,2.834296814714407642e-01,2.844140250658030999e-01,2.854326959744471481e-01,2.864852141259524587e-01,2.875710317945809336e-01,2.886894912028231674e-01,2.898398624581663974e-01,2.910213278529260594e-01,2.922329763554784021e-01,2.934738267319787486e-01,2.947428094240832630e-01,2.960387735208591109e-01,2.973604907556612331e-01,2.987066553916715717e-01,3.000758953043554667e-01,3.014667462459687530e-01,3.028776959477593178e-01,3.043071483442635894e-01,3.057534595998296911e-01,3.072149048113612668e-01,3.086897173912805936e-01,3.101760568327481260e-01,3.116720518291217767e-01,3.131757613853447531e-01,3.146852102598956535e-01,3.161983821117233528e-01,3.177132253773421455e-01,3.192276412497883076e-01,3.207394913094488986e-01,3.222466516995283747e-01,3.237469341252521837e-01,3.252381574402606890e-01,3.267181044479344210e-01,3.281845610757666565e-01,3.296353123622315917e-01,3.310681140641723030e-01,3.324807578256177010e-01,3.338710201104757580e-01,3.352366918770650073e-01,3.365755863646021084e-01,3.378855083291082972e-01,3.391643209765183298e-01,3.404098981878634911e-01,3.416201472372938364e-01,3.427929975394669593e-01,3.439264348422923501e-01,3.450184702059521658e-01,3.460671732464244421e-01,3.470706594887845720e-01,3.480270965112003401e-01,3.489347092498977232e-01,3.497917936317099796e-01,3.505966865700466673e-01,3.513477983789047854e-01,3.520436205750881453e-01,3.526827043432736453e-01,3.532636957432040981e-01,3.537852841263178227e-01,3.542462616039228074e-01,3.546454941764753399e-01,3.549819361219042069e-01,3.552546303286672202e-01,3.554627017447227755e-01,3.556053587713603470e-01,3.556819145220276868e-01,3.556917625537285299e-01,3.556343918516755576e-01,3.555093741585788614e-01,3.553164008719694733e-01,3.550552327796736574e-01,3.547257392163392087e-01,3.543278755717025885e-01,3.538617055177063486e-01,3.533273616578443965e-01,3.527250976037701879e-01,3.520552482925954352e-01,3.513182397833450876e-01,3.505145887783704395e-01,3.496449086644796700e-01,3.487098928984866397e-01,3.477103269507916261e-01,3.466470858416859091e-01,3.455211271977250975e-01,3.443334813923394355e-01,3.430852623745275221e-01,3.417776707821055804e-01,3.404119768741405427e-01,3.389895119108041199e-01,3.375116995645288664e-01,3.359800069485602836e-01,3.343959839304510018e-01,3.327612321123076256e-01,3.310774130113805502e-01,3.293462410597781109e-01,3.275694843743930385e-01,3.257489707788894795e-01,3.238865471303533083e-01,3.219841121206293844e-01,3.200436266162142163e-01,3.180670423769434429e-01,3.160563890379515795e-01,3.140136772888423300e-01,3.119409657444180972e-01,3.098403357586589357e-01,3.077138764481198163e-01,3.055636929115096989e-01,3.033918917778622437e-01,3.012005924384771882e-01,2.989919070876578822e-01,2.967679659634119282e-01,2.945308621553531236e-01,2.922826988942451854e-01,2.900255706512128717e-01,2.877615371719430271e-01,2.854926569486680443e-01,2.832209575183326500e-01,2.809484445904130712e-01,2.786770761015121556e-01,2.764088125811307584e-01,2.741455444180898038e-01,2.718891408182209091e-01,2.696414436102582135e-01,2.674042149302538474e-01,2.651792020386988247e-01,2.629681025316364940e-01,2.607725469022223463e-01,2.585941345383241941e-01,2.564343851286201570e-01,2.542947811623127996e-01,2.521767523417834389e-01,2.500816428194719276e-01,2.480107687120141624e-01,2.459653586656963264e-01,2.439465923653867940e-01,2.419555814049410003e-01,2.399933738558348018e-01,2.380609422236072692e-01,2.361592108214277674e-01,2.342890253957333746e-01,2.324511689631035272e-01,2.306463609932972447e-01,2.288752463294628503e-01,2.271384020877662835e-01,2.254363521752806299e-01,2.237695465382846249e-01,2.221383684690096394e-01,2.205431446731159761e-01,2.189841234825593841e-01,2.174614990581422158e-01,2.159754102498595008e-01,2.145259273066457417e-01,2.131130557734066122e-01,2.117367655598524911e-01,2.103969472084040726e-01,2.090934390278416655e-01,2.078260323962977940e-01,2.065944748098443862e-01,2.053984466728523695e-01,2.042375957109819895e-01,2.031115205632751386e-01,2.020197586316557214e-01,2.009618286807383913e-01,1.999372120391092189e-01,1.989453135261764483e-01,1.979855542166531202e-01,1.970572928619324926e-01,1.961598609485563915e-01,1.952925591307144437e-01,1.944546700575244536e-01,1.936454472131600435e-01,1.928641251723247629e-01,1.921099147959610953e-01,1.913820108648188745e-01,1.906795934803761083e-01,1.900018347572950128e-01,1.893478861785421463e-01,1.887169006613415023e-01,1.881080185228732049e-01,1.875203803175736483e-01,1.869531203969854172e-01,1.864053787210225022e-01,1.858762874001342602e-01,1.853649896354506443e-01,1.848706354692387088e-01,1.843923776001898385e-01,1.839293788614166647e-01,1.834808111009957055e-01,1.830458667172080445e-01,1.826237404232950445e-01,1.822136464569351355e-01,1.818148226547797452e-01,1.814265131656979113e-01,1.810479820612461987e-01,1.806785206886571959e-01,1.803174358290295098e-01,1.799640547156943216e-01,1.796177393988966087e-01,1.792778502517071715e-01,1.789438010931141687e-01,1.786150040331956068e-01,1.782909150540588072e-01,1.779709987228336732e-01,1.776547579157886636e-01,1.773417158683977812e-01,1.770314256392183649e-01,1.767234630463605793e-01,1.764174254619135240e-01,1.761129448358318417e-01,1.758096692805412864e-01,1.755072814594688113e-01,1.752054765567224726e-01,1.749039970032876534e-01,1.746025800263019123e-01,1.743009996077969637e-01,1.739990658914865040e-01,1.736965929923234009e-01,1.733934232569399048e-01,1.730894221941380040e-01,1.727844722796895716e-01,1.724784743343467930e-01,1.721713584897758831e-01,1.718630541356557795e-01,1.715535188137473355e-01,1.712427441759120095e-01,1.709306955439463260e-01,1.706173860833907208e-01,1.703028320644377758e-01,1.699870646930602136e-01,1.696701249585522708e-01,1.693520579486233746e-01,1.690329278064772456e-01,1.687128061237230248e-01,1.683917734992722848e-01,1.680699136744004119e-01,1.677473112319698700e-01,1.674240805873453697e-01,1.671003077202153908e-01,1.667760991847411223e-01,1.664515700035196499e-01,1.661268337777168924e-01,1.658019951245608969e-01,1.654771805492565306e-01,1.651524921579359539e-01,1.648280561540128308e-01,1.645039829849660185e-01,1.641803882704304940e-01,1.638573823354657621e-01,1.635350837524534306e-01,1.632135896597912972e-01,1.628930150880107675e-01,1.625734751977303549e-01,1.622550560602060710e-01,1.619378674887583802e-01,1.616220062768229104e-01,1.613075617676031359e-01,1.609946408900356229e-01,1.606833256650121444e-01,1.603736999741168789e-01,1.600658556686204992e-01,1.597598868457424381e-01,1.594558580291063343e-01,1.591538688136369950e-01,1.588539923634909590e-01,1.585563209955583308e-01,1.582609160335317622e-01,1.579678842668799932e-01,1.576772925791849744e-01,1.573892366982482249e-01,1.571038070633210826e-01,1.568210838993173151e-01,1.565411630752276406e-01,1.562641626442545784e-01,1.559901653327273874e-01,1.557192912236548821e-01,1.554516530148428444e-01,1.551873710517970018e-01,1.549265820931417792e-01,1.546694265171875693e-01,1.544160410971242292e-01,1.541665924075586169e-01,1.539212501319475457e-01,1.536801756609250946e-01,1.534435742150254689e-01,1.532116459815017762e-01,1.529845928459995230e-01,1.527626517906690851e-01,1.525460606949693987e-01,1.523350655847257040e-01,1.521299441056576662e-01,1.519309731112526984e-01,1.517384485672535754e-01,1.515526873956242193e-01,1.513740070488867051e-01,1.512027602284741756e-01,1.510393011612376768e-01,1.508839963580828059e-01,1.507372441727143630e-01,1.505994458007776371e-01,1.504710179216245669e-01,1.503523867580139617e-01,1.502440078067137086e-01,1.501463510841853366e-01,1.500598767571841852e-01,1.499850898547705202e-01,1.499224772575393494e-01,1.498725615378505016e-01,1.498358677043082343e-01,1.498129236714256518e-01,1.498042828437521068e-01,1.498104999013701588e-01,1.498321295744570736e-01,1.498697463259394402e-01,1.499239251542533458e-01,1.499952413028902976e-01,1.500842827022295656e-01,1.501916333256572977e-01,1.503178710842354993e-01,1.504635903180177314e-01,1.506293646390030605e-01,1.508157909159087984e-01,1.510234303539942924e-01,1.512528519939339566e-01,1.515046242284882605e-01,1.517792904167208357e-01,1.520773987385151127e-01,1.523994785745402536e-01,1.527460354905202655e-01,1.531175794070195884e-01,1.535145824212984789e-01,1.539375094764372509e-01,1.543868036289288426e-01,1.548628852807789613e-01,1.553661493069922184e-01
1.414911011484699110e-01,1.420133269114693397e-01,1.425699690965985533e-01,1.431587568650153353e-01,1.437773736931543256e-01,1.444234443262657763e-01,1.450945708589850836e-01,1.457883088515370684e-01,1.465021947214832643e-01,1.472337376826947930e-01,1.479804374052594851e-01,1.487397786563667557e-01,1.495092548598871696e-01,1.502863443603751070e-01,1.510685613139178818e-01,1.518534140452542369e-01,1.526384487356670372e-01,1.534212237459610384e-01,1.541993452179623858e-01,1.549704498842978950e-01,1.557322267588225895e-01,1.564824073576522312e-01,1.572187869697917462e-01,1.579392107294171343e-01,1.586416008447952830e-01,1.593239388303652193e-01,1.599842930123354934e-01,1.606207953989549353e-01,1.612316709649314062e-01,1.618152337198461022e-01,1.623698716261273434e-01,1.628940855568868362e-01,1.633864633079974149e-01,1.638456844295294035e-01,1.642705461898364694e-01,1.646599361595980915e-01,1.650128482015097153e-01,1.653283913502140434e-01,1.656057755293703360e-01,1.658443292306949202e-01,1.660434768180592546e-01,1.662027671700550269e-01,1.663218535162624134e-01,1.664005002220689255e-01,1.664385860431919772e-01,1.664360954631183553e-01,1.663931291169565840e-01,1.663098840777615939e-01,1.661866704662040839e-01,1.660239084466522963e-01,1.658221116406194962e-01,1.655819006364187274e-01,1.653039913838517672e-01,1.649892001066113056e-01,1.646384215096832471e-01,1.642526619210279704e-01,1.638329951345048885e-01,1.633805862054785452e-01,1.628966836194391810e-01,1.623826010960195965e-01,1.618397261874603976e-01,1.612695184041693375e-01,1.606734943364107049e-01,1.600532353434314103e-01,1.594103684150463829e-01,1.587465719132379327e-01,1.580635772600735567e-01,1.573631434798912487e-01,1.566470712732244419e-01,1.559171857847266585e-01,1.551753440477237622e-01,1.544234148606873913e-01,1.536632878588981566e-01,1.528968570483751344e-01,1.521260247635328744e-01,1.513526942837898348e-01,1.505787604564168547e-01,1.498061100549546998e-01,1.490366117708084859e-01,1.482721200295923358e-01,1.475144612841710612e-01,1.467654382991626649e-01,1.460268092719391175e-01,1.453003088050622560e-01,1.445876216250641944e-01,1.438903918528649795e-01,1.432102134416665395e-01,1.425486188388045694e-01,1.419071037084705944e-01,1.412870762032826244e-01,1.406899120391258418e-01,1.401168958150761368e-01,1.395692609954596597e-01,1.390481606742610954e-01,1.385546774859733321e-01,1.380898213680783471e-01,1.376545189497198618e-01,1.372496255139292465e-01,1.368759060153050544e-01,1.365340577181412829e-01,1.362246815334959005e-01,1.359483086672657604e-01,1.357053726869025534e-01,1.354962371268559340e-01,1.353211740346258463e-01,1.351803722744293612e-01,1.350739342233943929e-01,1.350018890358600787e-01,1.349641843782237172e-01,1.349606684014426350e-01,1.349911372162036216e-01,1.350552893376829600e-01,1.351527547088757220e-01,1.352830898491123313e-01,1.354457739961208718e-01,1.356402269846517794e-01,1.358657861918163567e-01,1.361217370906534496e-01,1.364073006775766705e-01,1.367216288376928990e-01,1.370638323455953544e-01,1.374329611879582802e-01,1.378280093368125792e-01,1.382479344099134533e-01,1.386916520750137716e-01,1.391580261105362926e-01,1.396458977204137475e-01,1.401540652280466870e-01,1.406813089346179158e-01,1.412263727216064579e-01,1.417879885251102923e-01,1.423648667405243706e-01,1.429557077309787649e-01,1.435591973261871324e-01,1.441740154061522672e-01,1.447988474050115049e-01,1.454323706226956503e-01,1.460732711093014613e-01,1.467202488180590902e-01,1.473720007686755429e-01,1.480272613156297379e-01,1.486847646328376404e-01,1.493432764763186205e-01,1.500015814329497543e-01,1.506585054331743556e-01,1.513128849910632678e-01,1.519636125257551040e-01,1.526095970176193639e-01,1.532497995735161433e-01,1.538832174337079473e-01,1.545088930050587672e-01,1.551259100327339047e-01,1.557334017935323722e-01,1.563305525951528829e-01,1.569165897233422979e-01,1.574908010465807806e-01,1.580525150934433687e-01,1.586011276271045711e-01,1.591360756047207059e-01,1.596568609134125794e-01,1.601630306761114009e-01,1.606541908177351041e-01,1.611300040279164958e-01,1.615901837954603348e-01,1.620345042789460288e-01,1.624627814508778911e-01,1.628748995494939955e-01,1.632707775119234261e-01,1.636504007080105128e-01,1.640137880745700105e-01,1.643610278916552148e-01,1.646922292315611824e-01,1.650075641735885834e-01,1.653072376990901426e-01,1.655915048833201952e-01,1.658606402725678330e-01,1.661149834243577650e-01,1.663548823662359399e-01,1.665807272904599456e-01,1.667929308014905188e-01,1.669919423387168367e-01,1.671782212700426706e-01,1.673522626332233920e-01,1.675145647251205239e-01,1.676656414116824145e-01,1.678060341111901055e-01,1.679362676784388886e-01,1.680569011738151652e-01,1.681684712497902856e-01,1.682715312524035722e-01,1.683666194613606115e-01,1.684542766008793602e-01,1.685350331740144147e-01,1.686094025538442120e-01,1.686778842080440266e-01,1.687409692965371744e-01,1.687991164635441466e-01,1.688527764993583979e-01,1.689023535012943722e-01,1.689482436643793828e-01,1.689908076322933494e-01,1.690303715821832586e-01,1.690672309948220708e-01,1.691016406759224822e-01,1.691338278130185557e-01,1.691639681749333990e-01,1.691922081133361566e-01,1.692186461603190362e-01,1.692433359148784733e-01,1.692662983961408796e-01,1.692874967350291304e-01,1.693068557171925059e-01,1.693242598206936567e-01,1.693395380878894574e-01,1.693524792418825420e-01,1.693628302383869133e-01,1.693702813105884830e-01,1.693744908256913928e-01,1.693750678628629658e-01,1.693715778221120405e-01,1.693635435806722100e-01,1.693504585777528548e-01,1.693317599354884351e-01,1.693068595404267351e-01,1.692751256184997222e-01,1.692358999780392559e-01,1.691885000315492826e-01,1.691321905407269510e-01,1.690662288537116420e-01,1.689898450303247979e-01,1.689022376025891004e-01,1.688026064166945062e-01,1.686901152382683511e-01,1.685639302244609783e-01,1.684231911958578576e-01,1.682670526056584126e-01,1.680946504585597578e-01,1.679051273947829159e-01,1.676976334291064574e-01,1.674713193424030022e-01,1.672253532307299562e-01,1.669589127129599559e-01,1.666711989885003853e-01,1.663614320527043722e-01,1.660288546248903097e-01,1.656727518373513341e-01,1.652924240930575550e-01,1.648872216102714727e-01,1.644565332883936304e-01,1.639997796004590280e-01,1.635164480337668591e-01,1.630060576848161025e-01,1.624681964632286590e-01,1.619024941627201786e-01,1.613086495480605675e-01,1.606864181112472867e-01,1.600356300973851120e-01,1.593561771412486949e-01,1.586480140620880608e-01,1.579111789065158478e-01,1.571457869839068267e-01,1.563520140679037496e-01,1.555301248159816074e-01,1.546804685762206422e-01,1.538034611663564866e-01,1.528996198737915813e-01,1.519695205251561931e-01,1.510138461935404963e-01,1.500333450478369413e-01,1.490288693393984065e-01,1.480013368322529166e-01,1.469517494045330663e-01,1.458812172054972656e-01,1.447909053139385116e-01,1.436820747562185252e-01,1.425560623148793282e-01,1.414142908704286161e-01,1.402582526802393370e-01,1.390895126307878094e-01,1.379097208684070264e-01,1.367205940223271965e-01,1.355239124997270617e-01,1.343215293399007970e-01,1.331153547732226161e-01,1.319073575844582902e-01,1.306995690753224304e-01,1.294940636680631529e-01,1.282929743911828124e-01,1.270984681667694238e-01,1.259127615173420978e-01,1.247380929426364360e-01,1.235767474472354438e-01,1.224310257329308260e-01,1.213032583658710667e-01,1.201957803789660412e-01,1.191109496017260794e-01,1.180511229481841506e-01,1.170186612898298367e-01,1.160159260716158852e-01,1.150452543749507228e-01,1.141089826339996560e-01,1.132094215101330931e-01,1.123488486748525222e-01,1.115295220437258900e-01,1.107536502191452110e-01,1.100234098376803998e-01,1.093409209305210850e-01,1.087082523785167371e-01,1.081274110253219872e-01,1.076003486025427919e-01,1.071289365175853436e-01,1.067149744676638146e-01,1.063601846099047760e-01,1.060662045760794037e-01,1.058345759374719058e-01,1.056667554216138005e-01,1.055640924043472206e-01,1.055278434741653559e-01,1.055591496507767846e-01,1.056590448437914331e-01,1.058284474793576291e-01,1.060681672396761449e-01,1.063788789853405692e-01,1.067611377788932198e-01,1.072153841197171775e-01,1.077419156685004986e-01,1.083409046995279235e-01,1.090123944683685092e-01,1.097562870559171677e-01,1.105723531897929851e-01,1.114602276103481976e-01,1.124194049800084777e-01,1.134492470074435072e-01,1.145489740976774889e-01,1.157176705365768887e-01,1.169542837610607761e-01,1.182576255643675023e-01,1.196263701723850881e-01,1.210590655620256278e-01,1.225541235387852673e-01,1.241098225447070241e-01,1.257243198319445143e-01,1.273956529576762697e-01,1.291217241168509111e-01,1.309003294848155585e-01,1.327291511977586602e-01,1.346057484831191531e-01,1.365275900608404758e-01,1.384920309872178790e-01,1.404963327472143197e-01,1.425376694459905003e-01,1.446131145006127605e-01,1.467196785786304691e-01,1.488542758113412523e-01,1.510137630112130258e-01,1.531949241730731770e-01,1.553944931707657018e-01,1.576091467503249743e-01,1.598355122870527556e-01,1.620701863891751693e-01,1.643097179312611178e-01,1.665506432846434182e-01,1.687894800753511060e-01,1.710227274306909406e-01,1.732468774959607660e-01,1.754584309971569667e-01,1.776538963208490474e-01,1.798297883233861694e-01,1.819826611780183678e-01,1.841090863530914223e-01,1.862056795660944619e-01,1.882690948752604732e-01,1.902960394735289384e-01,1.922832739930474266e-01,1.942276429148487304e-01,1.961260326599195414e-01,1.979754300309964354e-01,1.997728890879554020e-01,2.015155641140717047e-01,2.032007057361493452e-01,2.048256623861303416e-01,2.063878823544667562e-01,2.078849404201873474e-01,2.093145245997837245e-01,2.106744385786426255e-01,2.119626105596260079e-01,2.131771145722119454e-01,2.143161550410649374e-01,2.153780596892331811e-01,2.163613143571562480e-01,2.172645557897635027e-01,2.180865503594501542e-01,2.188262317676143154e-01,2.194826737943978423e-01,2.200551171185439747e-01,2.205429509705728597e-01,2.209457291587232641e-01,2.212631523861166016e-01,2.214950915808282794e-01,2.216415745028924300e-01,2.217027811319635389e-01,2.216790632420372609e-01,2.215709177685015185e-01,2.213790012205655022e-01,2.211041317341752577e-01,2.207472720959440804e-01,2.203095369802648973e-01,2.197921905674684595e-01,2.191966452212701921e-01,2.185244562259196222e-01,2.177773063715197632e-01,2.169570253153321748e-01,2.160655690334069845e-01,2.151050196089376865e-01,2.140775795728761532e-01,2.129855682561570263e-01,2.118314182529397183e-01,2.106176695995527204e-01,2.093469562800339967e-01,2.080220215945167150e-01,2.066456742957382131e-01,2.052208284559677021e-01,2.037504631633249297e-01,2.022376173852763470e-01,2.006854218531972101e-01,1.990970294638989835e-01,1.974756671823404142e-01
1.025920579694191009e-01,1.031019772889317232e-01,1.035921485749991405e-01,1.040625111010628767e-01,1.045130284532623244e-01,1.049436931571640086e-01,1.053545294694175349e-01,1.057455773088868539e-01,1.061169060968398942e-01,1.064686153578886518e-01,1.068008136147918508e-01,1.071136430862074107e-01,1.074072605212696985e-01,1.076818448718003668e-01,1.079375925204108105e-01,1.081747181933325475e-01,1.083934497276274195e-01,1.085940330905202506e-01,1.087767291216270860e-01,1.089418071223391543e-01,1.090895487723527735e-01,1.092202503596731711e-01,1.093342142662293848e-01,1.094317476205770995e-01,1.095131707119678666e-01,1.095788056066781258e-01,1.096289758791047231e-01,1.096640188108980174e-01,1.096842599229162774e-01,1.096900391932738583e-01,1.096816873140532278e-01,1.096595391437621136e-01,1.096239263066543512e-01,1.095751740248960687e-01,1.095136109180206430e-01,1.094395531352927997e-01,1.093533187627845904e-01,1.092552124724373991e-01,1.091455409603631632e-01,1.090245898688334547e-01,1.088926510281611887e-01,1.087499948455906973e-01,1.085968902785943019e-01,1.084335963591830099e-01,1.082603480552879888e-01,1.080773908742666128e-01,1.078849415116537314e-01,1.076832133286521331e-01,1.074724053184817757e-01,1.072527030507116896e-01,1.070242790615309747e-01,1.067872982266584031e-01,1.065419143681350933e-01,1.062882534256072015e-01,1.060264488733641541e-01,1.057566104620208947e-01,1.054788360348303256e-01,1.051932148354958046e-01,1.048998239146524403e-01,1.045987265572818486e-01,1.042899765944859114e-01,1.039736157246658604e-01,1.036496801321873523e-01,1.033181908913499147e-01,1.029791582494553326e-01,1.026325908920505958e-01,1.022784801039536562e-01,1.019168208534734776e-01,1.015475911515675428e-01,1.011707670997504666e-01,1.007863160494912314e-01,1.003942076525993488e-01,9.999439894198669521e-02,9.958684880161498831e-02,9.917150939188640324e-02,9.874833516162770386e-02,9.831727750296209711e-02,9.787828736114793926e-02,9.743131639127051991e-02,9.697631644272303175e-02,9.651324413299557092e-02,9.604205402823948190e-02,9.556271249998356254e-02,9.507517948964303023e-02,9.457942956989480454e-02,9.407543851779670563e-02,9.356318974525963672e-02,9.304267346915109926e-02,9.251389050810451820e-02,9.197684623092861056e-02,9.143156080674950947e-02,9.087805813447208392e-02,9.031637708939406484e-02,8.974656997856982066e-02,8.916868988959589237e-02,8.858281782582612396e-02,8.798903331117675919e-02,8.738744051878243047e-02,8.677814705117342653e-02,8.616128403494201227e-02,8.553698586869988574e-02,8.490541026569030369e-02,8.426672493136078135e-02,8.362111829596695356e-02,8.296878572483999681e-02,8.230994082400812373e-02,8.164481689881480930e-02,8.097365454452626343e-02,8.029671322557660473e-02,7.961426818344925771e-02,7.892661060947070428e-02,7.823404284584682677e-02,7.753688058575552988e-02,7.683546295861418129e-02,7.613012930662663158e-02,7.542124263005850482e-02,7.470917270179470993e-02,7.399431275365417338e-02,7.327705375021134615e-02,7.255780912669944349e-02,7.183699499318367543e-02,7.111504798700647723e-02,7.039240788689624106e-02,6.966952133476635167e-02,6.894685621738562420e-02,6.822487282575140366e-02,6.750404873478180190e-02,6.678486463303742737e-02,6.606780821620242272e-02,6.535337167681910808e-02,6.464205142191253861e-02,6.393434742127464265e-02,6.323075877188469307e-02,6.253179254402903287e-02,6.183795387229953228e-02,6.114974664033764190e-02,6.046767326966016182e-02,5.979224089966216071e-02,5.912394463689704671e-02,5.846328310005882017e-02,5.781074788183387242e-02,5.716682522596512606e-02,5.653199996168010999e-02,5.590674523651154026e-02,5.529152662082836150e-02,5.468680279643635400e-02,5.409302558843655240e-02,5.351063519750361847e-02,5.294005894407570467e-02,5.238171967048755456e-02,5.183602237156650222e-02,5.130335822570929183e-02,5.078411183066181694e-02,5.027865055958240931e-02,4.978732534176117525e-02,4.931047725102070955e-02,4.884843138846527849e-02,4.840149383359471785e-02,4.796995829772843223e-02,4.755409733513067672e-02,4.715417431587316799e-02,4.677043070591459240e-02,4.640309154038712441e-02,4.605236210835053634e-02,4.571843667231192260e-02,4.540148656471245520e-02,4.510166949626939065e-02,4.481912003644577397e-02,4.455395736482218455e-02,4.430628921764936945e-02,4.407619538798833447e-02,4.386374535659554041e-02,4.366898938258344937e-02,4.349195969584920829e-02,4.333267749570181293e-02,4.319113674274108888e-02,4.306732558540295880e-02,4.296121055644738090e-02,4.287274738200672064e-02,4.280186998795097036e-02,4.274850347395913602e-02,4.271255714845894474e-02,4.269393042879049416e-02,4.269250086745159101e-02,4.270814216084671544e-02,4.274071203339234459e-02,4.279005756222441920e-02,4.285601703832625509e-02,4.293841601514600259e-02,4.303707004307357614e-02,4.315178986263451533e-02,4.328237469003205773e-02,4.342861708752540628e-02,4.359030592543798599e-02,4.376721761298903168e-02,4.395912780204365433e-02,4.416580523146260151e-02,4.438701571543447050e-02,4.462252431198791836e-02,4.487208588937430936e-02,4.513545925052769858e-02,4.541239896991795810e-02,4.570266026977228002e-02,4.600599677177877322e-02,4.632216244636630509e-02,4.665091023282375710e-02,4.699200127671226968e-02,4.734518482539083056e-02,4.771022730171328025e-02,4.808688755005072896e-02,4.847493230322619945e-02,4.887413262526462548e-02,4.928425858738474941e-02,4.970508514494163116e-02,5.013639315414560038e-02,5.057797392141542142e-02,5.102960994297339042e-02,5.149110281542799983e-02,5.196224796754287528e-02,5.244285233433363530e-02,5.293272852206483414e-02,5.343169217065677629e-02,5.393956602179793280e-02,5.445617240452513275e-02,5.498134735427908509e-02,5.551492256242931272e-02,5.605674768999124175e-02,5.660666189400943155e-02,5.716451856496017336e-02,5.773017378906004915e-02,5.830348126817332804e-02,5.888431021421727113e-02,5.947252049426853676e-02,6.006798131300989524e-02,6.067056239768122555e-02,6.128013875705232150e-02,6.189657950462934544e-02,6.251976036180914575e-02,6.314955762680747597e-02,6.378584237304685267e-02,6.442848801076087040e-02,6.507737077177780383e-02,6.573235442573116538e-02,6.639330759007240623e-02,6.706009682000609040e-02,6.773257852676860258e-02,6.841060769186638191e-02,6.909403850150849791e-02,6.978270969656227840e-02,7.047646307536037380e-02,7.117512475807022398e-02,7.187852046062555289e-02,7.258646367492863072e-02,7.329875842121494345e-02,7.401520093709984538e-02,7.473557307854808429e-02,7.545965630644832500e-02,7.618720488032479365e-02,7.691797434232813813e-02,7.765170831274603724e-02,7.838812373592317362e-02,7.912693824263213049e-02,7.986784995841192392e-02,8.061054415189417011e-02,8.135469031779578308e-02,8.209994702434496305e-02,8.284595105017969474e-02,8.359233536676385912e-02,8.433870471706569893e-02,8.508465669455292368e-02,8.582976934044939110e-02,8.657361153723071301e-02,8.731572817322100222e-02,8.805565455939884378e-02,8.879290830042567417e-02,8.952699443411386848e-02,9.025740255500240561e-02,9.098360394900092962e-02,9.170505998331027198e-02,9.242121330123945211e-02,9.313150085579639803e-02,9.383534443167515504e-02,9.453214552376178192e-02,9.522130479852480844e-02,9.590220285477711604e-02,9.657422043638724807e-02,9.723671669111738636e-02,9.788905008155592002e-02,9.853057004308225786e-02,9.916061526824078431e-02,9.977852198845926779e-02,1.003836227683825300e-01,1.009752432771480746e-01,1.015527028464968257e-01,1.021153287559820183e-01,1.026624367665025656e-01,1.031933519603686206e-01,1.037073973701821972e-01,1.042039003552071436e-01,1.046821853481457454e-01,1.051415938320887505e-01,1.055814633990102835e-01,1.060011542327573136e-01,1.064000190358120046e-01,1.067774324927112661e-01,1.071327776530177772e-01,1.074654524534448541e-01,1.077748681037282996e-01,1.080604562949317449e-01,1.083216651913550821e-01,1.085579557676163986e-01,1.087688148526548271e-01,1.089537550557551498e-01,1.091123053858226860e-01,1.092440220983580818e-01,1.093484882116696200e-01,1.094253111974970993e-01,1.094741248892793090e-01,1.094946041540155318e-01,1.094864364347740565e-01,1.094493573645146239e-01,1.093831254380915885e-01,1.092875350069750923e-01,1.091624161512461527e-01,1.090076364075796833e-01,1.088230944548243123e-01,1.086087310845059717e-01,1.083645222723643858e-01,1.080904883546132955e-01,1.077866754236032482e-01,1.074531833375233364e-01,1.070901494072701993e-01,1.066977481694013352e-01,1.062761949634734859e-01,1.058257440746622896e-01,1.053467021066689518e-01,1.048394081806900274e-01,1.043042425798140077e-01,1.037416326664834521e-01,1.031520386064542355e-01,1.025359737082719019e-01,1.018939844222137014e-01,1.012266564309108191e-01,1.005346174444553820e-01,9.981853638119179972e-02,9.907912176639839530e-02,9.831711666021977769e-02,9.753330334962327652e-02,9.672849917662622310e-02,9.590356175162587093e-02,9.505937980930316555e-02,9.419687358977434088e-02,9.331699745272441227e-02,9.242074038693022520e-02,9.150911674729139689e-02,9.058317221089254301e-02,8.964397776348541347e-02,8.869263219188092129e-02,8.773025287195553024e-02,8.675798728624485590e-02,8.577699965443759400e-02,8.478847057309661650e-02,8.379360499866805867e-02,8.279361740510506051e-02,8.178974032511390768e-02,8.078321078601501115e-02,7.977528636751206326e-02,7.876722495505789068e-02,7.776029371898318665e-02,7.675576064425562728e-02,7.575490231828485577e-02,7.475898546257882249e-02,7.376928490375425640e-02,7.278706701439235927e-02,7.181358940259427448e-02,7.085010780786862861e-02,6.989786042154103041e-02,6.895808209113932219e-02,6.803198497103055131e-02,6.712077169360246287e-02,6.622562406888002351e-02,6.534770409532417168e-02,6.448815059339532696e-02,6.364808114632106162e-02,6.282858637545105096e-02,6.203073117201080705e-02,6.125554893871182349e-02,6.050404281666868500e-02,5.977718519537768976e-02,5.907591449611029888e-02,5.840113016561236658e-02,5.775369953356657149e-02,5.713444735621630438e-02,5.654416430792954390e-02,5.598359139518104682e-02,5.545343386284011522e-02,5.495435523469419103e-02,5.448697063512833449e-02,5.405185093701615068e-02,5.364952225431879329e-02,5.328046169715466851e-02,5.294510257501640338e-02,5.264382437488599603e-02,5.237696480272381605e-02,5.214480882267011341e-02,5.194759093199108335e-02,5.178549568704531036e-02,5.165866366296110318e-02,5.156717884892714904e-02,5.151107835876896079e-02,5.149034867971487989e-02,5.150493048482619046e-02,5.155470643796249142e-02,5.163951962303214849e-02,5.175916170279468154e-02,5.191337321966085078e-02,5.210185328192988574e-02,5.232425072199291260e-02,5.258016664516693833e-02,5.286916456695744948e-02,5.319075730017114312e-02,5.354441685259839212e-02,5.392957900636372037e-02,5.434562772594730973e-02,5.479191866109472953e-02,5.526776621482624996e-02,5.577244647601134475e-02
2.383697009136798162e-01,2.414326330788610642e-01,2.443984657884953615e-01,2.472624048469840852e-01,2.500198130581173794e-01,2.526662328148969738e-01,2.551974066240894623e-01,2.576092768668978850e-01,2.598979805369311946e-01,2.620599028520375628e-01,2.640916131545451018e-01,2.659899382410830238e-01,2.677519473368293879e-01,2.693749404589262375e-01,2.708564780144496753e-01,2.721943730010780715e-01,2.733867090205043260e-01,2.744318359403310481e-01,2.753283568618381527e-01,2.760751761022849360e-01,2.766714597139090515e-01,2.771166502648627628e-01,2.774104834404068076e-01,2.775529610718210360e-01,2.775443860962746867e-01,2.773853394940144490e-01,2.770766649628370604e-01,2.766195149338784853e-01,2.760153082149655046e-01,2.752657340711457956e-01,2.743727702166969262e-01,2.733386588422302421e-01,2.721659035042918728e-01,2.708572703723737818e-01,2.694157869708443398e-01,2.678447208842183458e-01,2.661475991650040229e-01,2.643281782272779989e-01,2.623904355619515738e-01,2.603385890796239277e-01,2.581770445481253451e-01,2.559104347579096994e-01,2.535435811819432006e-01,2.510814918673047735e-01,2.485293332541408939e-01,2.458924704712684706e-01,2.431763934276773287e-01,2.403867316693504563e-01,2.375292748984570435e-01,2.346099113864400509e-01,2.316346375755480025e-01,2.286095507803449223e-01,2.255408158090942417e-01,2.224346897655328226e-01,2.192974615939361493e-01,2.161354915706542590e-01,2.129551369199762789e-01,2.097627951571013893e-01,2.065648694125412355e-01,2.033677342777727437e-01,2.001777539345417356e-01,1.970012543862717791e-01,1.938445057531154592e-01,1.907137295688373646e-01,1.876150576428540218e-01,1.845545306639327643e-01,1.815381099044064694e-01,1.785716155798207361e-01,1.756607639926814901e-01,1.728111209200849097e-01,1.700281018689646095e-01,1.673169691159732408e-01,1.646828098241127358e-01,1.621305268524446674e-01,1.596648378786280631e-01,1.572902449996843866e-01,1.550110475792128295e-01,1.528313207858268408e-01,1.507549168937387940e-01,1.487854435215124616e-01,1.469262679945923245e-01,1.451805027063144959e-01,1.435510042625532390e-01,1.420403604823679278e-01,1.406508967886082595e-01,1.393846676265668161e-01,1.382434465669031831e-01,1.372287129283078499e-01,1.363416821558300074e-01,1.355832802039266538e-01,1.349541201961127201e-01,1.344545627372617513e-01,1.340846523100968357e-01,1.338441644817864040e-01,1.337325665405616204e-01,1.337490448108205887e-01,1.338925189297867357e-01,1.341615967903809215e-01,1.345546341129061629e-01,1.350696939386402951e-01,1.357045726064144420e-01,1.364568187216030903e-01,1.373236900768837199e-01,1.383022169267683343e-01,1.393891734096286139e-01,1.405810899467095365e-01,1.418742781509726159e-01,1.432648114521843097e-01,1.447485572312054714e-01,1.463211765377155082e-01,1.479781317563388099e-01,1.497147062755550817e-01,1.515259952122634535e-01,1.534069409951608065e-01,1.553523276449164103e-01,1.573568006154794363e-01,1.594148659924870814e-01,1.615209174152376914e-01,1.636692424973889282e-01,1.658540411941858694e-01,1.680694089910338140e-01,1.703094016621341522e-01,1.725680000367743328e-01,1.748391477619425094e-01,1.771167617614820278e-01,1.793947314191934594e-01,1.816669520437645957e-01,1.839273292783778491e-01,1.861697766017250122e-01,1.883882597221218369e-01,1.905767855339106087e-01,1.927294099433823626e-01,1.948402874387415995e-01,1.969036262601588927e-01,1.989137566444096894e-01,2.008651066723830536e-01,2.027522285419495751e-01,2.045698027961889431e-01,2.063126483921817467e-01,2.079757515897905085e-01,2.095542552775783163e-01,2.110434747766652686e-01,2.124389062718917143e-01,2.137362435091184065e-01,2.149313790368119759e-01,2.160204024193412564e-01,2.169996465925813633e-01,2.178656430619117790e-01,2.186151708889592926e-01,2.192452353086800088e-01,2.197530865524224553e-01,2.201362264273886149e-01,2.203924085703342084e-01,2.205196281115925916e-01,2.205161617702152133e-01,2.203805422331419073e-01,2.201115607907607463e-01,2.197082777383722874e-01,2.191700242743068183e-01,2.184964039085868781e-01,2.176872750608198070e-01,2.167427865938171549e-01,2.156633319251851366e-01,2.144495829711851320e-01,2.131024704850210116e-01,2.116231982519675703e-01,2.100132021264495552e-01,2.082742040029889052e-01,2.064081508682050203e-01,2.044172534102817740e-01,2.023039334935341771e-01,2.000708815053876544e-01,1.977209935518969286e-01,1.952573927306228418e-01,1.926834246961467434e-01,1.900026282467237593e-01,1.872187550702024694e-01,1.843357305626236453e-01,1.813576738824244916e-01,1.782888883630996124e-01,1.751338185784020174e-01,1.718970829959404201e-01,1.685834320463761027e-01,1.651977609650906176e-01,1.617450916179351272e-01,1.582305478629877638e-01,1.546593753129258397e-01,1.510369017241746104e-01,1.473685351809856658e-01,1.436597832932800800e-01,1.399161722747823133e-01,1.361433023910648410e-01,1.323468300469047010e-01,1.285324133581414452e-01,1.247057344689010000e-01,1.208724918648531044e-01,1.170383660395974135e-01,1.132090435801036687e-01,1.093901767278950693e-01,1.055873634813839224e-01,1.018061854206728373e-01,9.805215406911309273e-02,9.433071617129648589e-02,9.064724824907695322e-02,8.700703676734324044e-02,8.341527765758829926e-02,7.987706705151394193e-02,7.639738359252266908e-02,7.298109035524295851e-02,6.963292778080502898e-02,6.635750107017139576e-02,6.315926200814130087e-02,6.004252782181745962e-02,5.701145781444355576e-02,5.407004705756957713e-02,5.122213166743533330e-02,4.847136428733515162e-02,4.582122751784127590e-02,4.327503018893995995e-02,4.083587952633251084e-02,3.850670381405809500e-02,3.629024986764724237e-02,3.418904859504715010e-02,3.220544853702566462e-02,3.034159807143010923e-02,2.859944091542364689e-02,2.698072881003086426e-02,2.548700039654055310e-02,2.411959719311648764e-02,2.287966176326189024e-02,2.176812934240223915e-02,2.078574794087701197e-02,1.993305214587916263e-02,1.921038905378229245e-02,1.861790735075184375e-02,1.815556254643967485e-02,1.782312728902468724e-02,1.762017469241437123e-02,1.754611764534448962e-02,1.760016703236120736e-02,1.778136959038974230e-02,1.808860407670114662e-02,1.852057703293472773e-02,1.907583119952534906e-02,1.975277685626761898e-02,2.054964098026595617e-02,2.146452979618853132e-02,2.249539133126413765e-02,2.364006610144711931e-02,2.489623565180615686e-02,2.626148666861175679e-02,2.773327882621025309e-02,2.930896066289507412e-02,3.098578588567648534e-02,3.276090777946577548e-02,3.463139027149880755e-02,3.659421904445555457e-02,3.864629479700425196e-02,4.078446340597310232e-02,4.300549068151753029e-02,4.530609508858095269e-02,4.768294547242152293e-02,5.013266576434530220e-02,5.265183884891102423e-02,5.523701998677942732e-02,5.788473304946220588e-02,6.059149364847490893e-02,6.335379506501469249e-02,6.616813026945556064e-02,6.903097816535702647e-02,7.193883300638387324e-02,7.488818493780989571e-02,7.787555175458601986e-02,8.089745759441197004e-02,8.395045385510564728e-02,8.703111729253625029e-02,9.013605384973079337e-02,9.326191181039393541e-02,9.640537448142644239e-02,9.956315810791407928e-02,1.027320449732303104e-01,1.059088440507158085e-01,1.090904322254966918e-01,1.122737256211193274e-01,1.154557086481656503e-01,1.186334191128023963e-01,1.218039636587949226e-01,1.249644923537908126e-01,1.281122349230429391e-01,1.312444819562799680e-01,1.343585924472134596e-01,1.374519686622628079e-01,1.405221217380584198e-01,1.435665975543568285e-01,1.465830210710596104e-01,1.495690845565436911e-01,1.525225407777850151e-01,1.554412247876981734e-01,1.583230277598926539e-01,1.611659117035408040e-01,1.639678956799654197e-01,1.667270825738659534e-01,1.694416069851697459e-01,1.721097011888264583e-01,1.747296441213964380e-01,1.772997636046273473e-01,1.798184600352627782e-01,1.822842055646600457e-01,1.846954908137797835e-01,1.870508891144302410e-01,1.893490331806852167e-01,1.915885817472576524e-01,1.937682555167294651e-01,1.958868301996144479e-01,1.979431291441158536e-01,1.999360023184396096e-01,2.018643702408862983e-01,2.037271854929896542e-01,2.055234349425993645e-01,2.072521647810032508e-01,2.089124307638955402e-01,2.105033547076766987e-01,2.120240828327410176e-01,2.134738090919479081e-01,2.148517444297433354e-01,2.161571517568831591e-01,2.173893129993118012e-01,2.185475595708487040e-01,2.196312406538589168e-01,2.206397548982153844e-01,2.215725280254161600e-01,2.224290121112211804e-01,2.232086907273398702e-01,2.239111022437674514e-01,2.245357923599968775e-01,2.250823611846851369e-01,2.255504322537006112e-01,2.259396744770671428e-01,2.262497915312160768e-01,2.264805164117645042e-01,2.266316319561584303e-01,2.267029612555637730e-01,2.266943709277866592e-01,2.266057617111869871e-01,2.264370876398681398e-01,2.261883507415708983e-01,2.258596061010152978e-01,2.254509555786526065e-01,2.249625480183413961e-01,2.243945906360761411e-01,2.237473575990683305e-01,2.230211754174531158e-01,2.222164398813105957e-01,2.213335955480642547e-01,2.203731675841363036e-01,2.193357443389901684e-01,2.182219834674945513e-01,2.170326278733902825e-01,2.157684719409161400e-01,2.144304154204952906e-01,2.130194235861696261e-01,2.115365380244419724e-01,2.099828970101423609e-01,2.083597161521463792e-01,2.066682982315215522e-01,2.049100425026237349e-01,2.030864329874596530e-01,2.011990454680231688e-01,1.992495542085217231e-01,1.972397172585752811e-01,1.951713983712883294e-01,1.930465520145730474e-01,1.908672350234551507e-01,1.886355896550385713e-01,1.863538640079223652e-01,1.840244106404669011e-01,1.816496579786073817e-01,1.792321542373842003e-01,1.767745199879129370e-01,1.742794863077986589e-01,1.717498691991104220e-01,1.691885841343248875e-01,1.665986241982302107e-01,1.639830861282481345e-01,1.613451384577268000e-01,1.586880343311873887e-01,1.560151169055322695e-01,1.533297875877605854e-01,1.506355495045731685e-01,1.479359455151993130e-01,1.452345950865916169e-01,1.425351961370449061e-01,1.398414738702115356e-01,1.371572283132472259e-01,1.344862993008264229e-01,1.318325714563704232e-01,1.291999583231818738e-01,1.265924176468865292e-01,1.240139256913518478e-01,1.214684697774460059e-01,1.189600663868120162e-01,1.164927279847110253e-01,1.140704681527470871e-01,1.116972986174223498e-01,1.093772164045042489e-01,1.071141860844855020e-01,1.049121604011400005e-01,1.027750459787877962e-01,1.007067122485077321e-01,9.871097252877347739e-02,9.679159088241656717e-02,9.495225468943471747e-02,9.319658831204812033e-02,9.152813277957008720e-02,8.995033314557498993e-02,8.846655281591166153e-02,8.708004228447768780e-02,8.579394200127017645e-02,8.461127409096899643e-02,8.353494029066230175e-02,8.256770426548647179e-02,8.171219053530261178e-02,8.097088684238482048e-02,8.034611169326087710e-02,7.984003590764024438e-02,7.945466573013891531e-02,7.919181897306509788e-02
2.919673023999213024e-01,2.910183785026251302e-01,2.901134827046599196e-01,2.892523267778487894e-01,2.884345582194989266e-01,2.876597459213629526e-01,2.869273953537124777e-01,2.862369541983237897e-01,2.855878020165776854e-01,2.849792532954544821e-01,2.844105875117652338e-01,2.838809941137963588e-01,2.833896583108813649e-01,2.829356868878789566e-01,2.825181519957706833e-01,2.821360787281194105e-01,2.817884645365494878e-01,2.814742600561154218e-01,2.811923949659523303e-01,2.809417620360121770e-01,2.807212218938295312e-01,2.805296245270567090e-01,2.803657944829092696e-01,2.802285357063210580e-01,2.801166317547908458e-01,2.800288762966505196e-01,2.799640182067054117e-01,2.799208303076942128e-01,2.798980742317039860e-01,2.798944833596897497e-01,2.799088277645458422e-01,2.799398742034532872e-01,2.799863664893680326e-01,2.800470860245714566e-01,2.801208107145459758e-01,2.802063219981407172e-01,2.803024382393360381e-01,2.804079718663173848e-01,2.805217616717350371e-01,2.806426656267313469e-01,2.807695586170727564e-01,2.809013290285596876e-01,2.810369001117093424e-01,2.811752285728025824e-01,2.813152752266820933e-01,2.814560484964885867e-01,2.815965606847708469e-01,2.817358716942760521e-01,2.818730649398573651e-01,2.820072602942363393e-01,2.821375929912596781e-01,2.822632518880104358e-01,2.823834431151069357e-01,2.824974050523881841e-01,2.826044121688481292e-01,2.827037913325126661e-01,2.827948579160634024e-01,2.828769979717734029e-01,2.829496241276158730e-01,2.830121828744580070e-01,2.830641304495327693e-01,2.831049890359884080e-01,2.831343016935058410e-01,2.831516452217150981e-01,2.831566203156031247e-01,2.831488660389456236e-01,2.831280484011480802e-01,2.830938825070614673e-01,2.830460917242925145e-01,2.829844385009701035e-01,2.829087239309023283e-01,2.828187587995757979e-01,2.827143929066719408e-01,2.825955083585328098e-01,2.824620167148644834e-01,2.823138338309079676e-01,2.821509270296372329e-01,2.819732864604922451e-01,2.817808929779607729e-01,2.815737953069159527e-01,2.813520458565285653e-01,2.811157101786517232e-01,2.808648892893594873e-01,2.805997061856691510e-01,2.803202939671628480e-01,2.800268030058752355e-01,2.797194242431702005e-01,2.793983434477673722e-01,2.790637715700884924e-01,2.787159352928768041e-01,2.783550846502996223e-01,2.779814734244129837e-01,2.775953810730158455e-01,2.771971063951578218e-01,2.767869300257466691e-01,2.763651884516303281e-01,2.759322070875601662e-01,2.754883221299712082e-01,2.750338975039692269e-01,2.745692885708597153e-01,2.740948778285104970e-01,2.736110546509878949e-01,2.731182140966591509e-01,2.726167644885531538e-01,2.721071044122855831e-01,2.715896816394489099e-01,2.710649306440192641e-01,2.705332713195010008e-01,2.699951804749129436e-01,2.694510885019297808e-01,2.689014778779695303e-01,2.683468157476119886e-01,2.677875740532802973e-01,2.672242432230841347e-01,2.666573112496161135e-01,2.660872597439816745e-01,2.655146118282709078e-01,2.649398540332505991e-01,2.643634964922473296e-01,2.637860563934334990e-01,2.632080493769446972e-01,2.626299860807024267e-01,2.620523994079267949e-01,2.614758033643007629e-01,2.609007274508256535e-01,2.603276933929757897e-01,2.597572348991367686e-01,2.591898696341107811e-01,2.586261204610862952e-01,2.580665279951033231e-01,2.575115947503217595e-01,2.569618540554574060e-01,2.564178272806317826e-01,2.558800109054641392e-01,2.553489258225740688e-01,2.548250598702281322e-01,2.543089227487430048e-01,2.538009969132158372e-01,2.533017699126359212e-01,2.528116986811286271e-01,2.523312595469541231e-01,2.518608937553017402e-01,2.514010391860775351e-01,2.509521290413521122e-01,2.505145695230958647e-01,2.500887535895838232e-01,2.496750597472139899e-01,2.492738533523170541e-01,2.488854727422799007e-01,2.485102535026631476e-01,2.481484937665241197e-01,2.478004703250254182e-01,2.474664363172927872e-01,2.471466300092485247e-01,2.468412568149138120e-01,2.465505039869370363e-01,2.462745118245259490e-01,2.460134146158013402e-01,2.457672961760879737e-01,2.455362165146581788e-01,2.453202167493331032e-01,2.451192777983604021e-01,2.449333695527103893e-01,2.447623979141093919e-01,2.446062686211026849e-01,2.444648214649095819e-01,2.443378664620559360e-01,2.442251815103648471e-01,2.441264768053319489e-01,2.440414602745736294e-01,2.439697704372065235e-01,2.439110117829779989e-01,2.438647352575623040e-01,2.438304704851442795e-01,2.438076887770664058e-01,2.437958119521413392e-01,2.437942193788433798e-01,2.438022604188640197e-01,2.438192155576384690e-01,2.438443403245537378e-01,2.438768382476005359e-01,2.439158602177113333e-01,2.439605297297532671e-01,2.440099084800505524e-01,2.440630237454715912e-01,2.441188619223440548e-01,2.441763602005693479e-01,2.442344268182286005e-01,2.442919138858764549e-01,2.443476417869369366e-01,2.444003996963900194e-01,2.444489283665566837e-01,2.444919401159070527e-01,2.445281166425503638e-01,2.445560940967800301e-01,2.445744951610676066e-01,2.445819061890537605e-01,2.445768911684065572e-01,2.445579786625680097e-01,2.445236814072087039e-01,2.444725100089986114e-01,2.444029346366580202e-01,2.443134219664421514e-01,2.442024133275176589e-01,2.440683664700485644e-01,2.439097162038586231e-01,2.437248883026713608e-01,2.435123235096642302e-01,2.432704575143943559e-01,2.429977324010547113e-01,2.426926044790085890e-01,2.423535290616380400e-01,2.419789950258129096e-01,2.415675019524624878e-01,2.411175680320880865e-01,2.406277469742504060e-01,2.400966224281482764e-01,2.395227909492753937e-01,2.389049197341270026e-01,2.382416939751351159e-01,2.375318442308721467e-01,2.367741536478320807e-01,2.359674577008009089e-01,2.351106405715600589e-01,2.342026644798007873e-01,2.332425161744424991e-01,2.322292840060783126e-01,2.311621068040272953e-01,2.300401903430087935e-01,2.288628342507654234e-01,2.276293970052383764e-01,2.263393368280240125e-01,2.249921869288701304e-01,2.235875612938145462e-01,2.221251728307031548e-01,2.206048164214738094e-01,2.190264067497417200e-01,2.173899222400430264e-01,2.156954660254001566e-01,2.139432390508802240e-01,2.121335368625741069e-01,2.102667640656920023e-01,2.083434248162542024e-01,2.063641586788958204e-01,2.043296879500122176e-01,2.022408617484054982e-01,2.000986178641584734e-01,1.979040335334252554e-01,1.956582890636399674e-01,1.933626723318767615e-01,1.910185898955028827e-01,1.886275635233882475e-01,1.861912065794039117e-01,1.837112879551729971e-01,1.811896514984555617e-01,1.786282506112915891e-01,1.760291685807632567e-01,1.733945776337634803e-01,1.707267833515730693e-01,1.680281510518612798e-01,1.653011939192936819e-01,1.625484891374736618e-01,1.597727343080648510e-01,1.569767002728453820e-01,1.541632753946124701e-01,1.513354118859543684e-01,1.484961510156900533e-01,1.456486279341515366e-01,1.427960450956626270e-01,1.399416755071424823e-01,1.370888557277266662e-01,1.342410086024784510e-01,1.314015983845063518e-01,1.285741479868686143e-01,1.257622257843822311e-01,1.229694606136098045e-01,1.201995121529546712e-01,1.174560629163559911e-01,1.147428402301686884e-01,1.120635886751276400e-01,1.094220782265298841e-01,1.068220772450301365e-01,1.042673717034189873e-01,1.017617438029640442e-01,9.930896463193640555e-02,9.691280868278036309e-02,9.457701203548556090e-02,9.230529736838040400e-02,9.010136391962955682e-02,8.796885554084706016e-02,8.591139920514404005e-02,8.393254377061562521e-02,8.203579828782617267e-02,8.022461729916084694e-02,7.850237078227501053e-02,7.687236963610015461e-02,7.533783824454998168e-02,7.390191329535046594e-02,7.256765002334333858e-02,7.133799839067822557e-02,7.021580909054923880e-02,6.920381180924996267e-02,6.830466145547318957e-02,6.752084306586658702e-02,6.685476268285515944e-02,6.630867012128392746e-02,6.588468782881332086e-02,6.558481962563460221e-02,6.541090420236810032e-02,6.536463804827370716e-02,6.544758950433780809e-02,6.566114575657598651e-02,6.600655761998450166e-02,6.648490973240163415e-02,6.709712678835816346e-02,6.784396175683635177e-02,6.872601276613765631e-02,6.974369488614227952e-02,7.089726068771956546e-02,7.218679363361407697e-02,7.361219537734385587e-02,7.517319713874411058e-02,7.686935133268728293e-02,7.870004685026721347e-02,8.066447524412242998e-02,8.276167600501523058e-02,8.499049923610986490e-02,8.734962186961066355e-02,8.983755850145648536e-02,9.245263389871262449e-02,9.519302312477380401e-02,9.805672098235708456e-02,1.010415602689741787e-01,1.041452095087104790e-01,1.073651779600590800e-01,1.106988205895362565e-01,1.141433391827118560e-01,1.176957769253623998e-01,1.213530404305150218e-01,1.251118916672652737e-01,1.289689582265439449e-01,1.329207250990677713e-01,1.369635614974075433e-01,1.410937138912590483e-01,1.453072994994130118e-01,1.496003339584733860e-01,1.539687246495751172e-01,1.584082783721974808e-01,1.629147105861132871e-01,1.674836529836730981e-01,1.721106361490512271e-01,1.767911382303698764e-01,1.815205609371456641e-01,1.862942402663016750e-01,1.911074688680417799e-01,1.959554835357534275e-01,2.008334883251720326e-01,2.057366373189366271e-01,2.106600769271584905e-01,2.155989239127791557e-01,2.205482925074216671e-01,2.255032833142448789e-01,2.304590028621373021e-01,2.354105825418924547e-01,2.403531422426389286e-01,2.452818469343737151e-01,2.501918858271690582e-01,2.550784940396100819e-01,2.599369480447327740e-01,2.647625612770430070e-01,2.695507373190038636e-01,2.742969163874419691e-01,2.789966459371258645e-01,2.836455044676947090e-01,2.882391876423750499e-01,2.927734904305623886e-01,2.972442759468466589e-01,3.016475228283216903e-01,3.059793320574878961e-01,3.102358868298272787e-01,3.144135217461551113e-01,3.185086808010256232e-01,3.225179257568220326e-01,3.264379590356257799e-01,3.302656248793065519e-01,3.339979087959869530e-01,3.376319368615463556e-01,3.411649721018280013e-01,3.445944424358071689e-01,3.479179267959459088e-01,3.511331565756026230e-01,3.542380271068460429e-01,3.572305827249497856e-01,3.601090485582705281e-01,3.628717928014469352e-01,3.655173688550877320e-01,3.680444718348063748e-01,3.704519811460099121e-01,3.727389486113426020e-01,3.749045747663301009e-01,3.769482363043126782e-01,3.788694734579369783e-01,3.806680039250370240e-01,3.823436780872719321e-01,3.838965347279271745e-01,3.853267854152119254e-01,3.866347581337221673e-01,3.878209759941468326e-01,3.888861159936220502e-01,3.898309636296963809e-01,3.906565192714221979e-01,3.913638761625669593e-01,3.919542978422898005e-01,3.924291617948878486e-01,3.927900235696366038e-01,3.930385287323624466e-01,3.931764648832477005e-01,3.932057603435006876e-01,3.931284164858023233e-01,3.929466127455156776e-01,3.926625791316001868e-01,3.922786797166438189e-01,3.917973767944705754e-01,3.912212148681137314e-01,3.905528428178577371e-01,3.897949833734594693e-01,3.889504452782153732e-01
4.830664823511334194e-01,4.847149848380209458e-01,4.864172140081740037e-01,4.881707417327943443e-01,4.899731502329920385e-01,4.918219671494225009e-01,4.937147195546747191e-01,4.956488993476376725e-01,4.976219853310374086e-01,4.996314499283197041e-01,5.016747465346000912e-01,5.037493133477443097e-01,5.058525868259127201e-01,5.079819931097232510e-01,5.101349574259022024e-01,5.123088839385875337e-01,5.145011982587385235e-01,5.167093343151853979e-01,5.189306992364874915e-01,5.211627100221825071e-01,5.234028314426560913e-01,5.256484721316566633e-01,5.278971189401256980e-01,5.301462165610735244e-01,5.323932521220529068e-01,5.346357310611398184e-01,5.368711696170359593e-01,5.390970997540892595e-01,5.413110931651266000e-01,5.435107296245991204e-01,5.456936313617338774e-01,5.478574293961254726e-01,5.499998095406596343e-01,5.521184663906407719e-01,5.542111385289438807e-01,5.562756109775411906e-01,5.583096953454710354e-01,5.603112576183252314e-01,5.622781675586280281e-01,5.642083962061968938e-01,5.660999298726994144e-01,5.679507865655787358e-01,5.697590596829283927e-01,5.715228930218867465e-01,5.732404691428298893e-01,5.749100481049550515e-01,5.765299325699837496e-01,5.780984615637754231e-01,5.796140916352690020e-01,5.810752921099714419e-01,5.824806127091397556e-01,5.838286823696762218e-01,5.851181680632859816e-01,5.863478372153489993e-01,5.875165091567131626e-01,5.886230697023906444e-01,5.896665034851953369e-01,5.906458321051698546e-01,5.915601996137289653e-01,5.924087630818953842e-01,5.931908233079872250e-01,5.939057291024220087e-01,5.945529031494077854e-01,5.951318572209526314e-01,5.956422002726230458e-01,5.960835790003605750e-01,5.964557900762854636e-01,5.967586174676143829e-01,5.969920329649742730e-01,5.971560226417481632e-01,5.972506935549825036e-01,5.972762146793187954e-01,5.972328386858062332e-01,5.971208876945272026e-01,5.969408186837664720e-01,5.966931072777140743e-01,5.963783730334167865e-01,5.959972598629794671e-01,5.955505349233066736e-01,5.950390120658235471e-01,5.944636105956649930e-01,5.938253014900906068e-01,5.931251463324243023e-01,5.923642826007570195e-01,5.915439150040751048e-01,5.906653028678630069e-01,5.897297955712050843e-01,5.887388077820130405e-01,5.876938024876805500e-01,5.865963314685609387e-01,5.854479551464631948e-01,5.842503339730429346e-01,5.830051914223511877e-01,5.817142633010802255e-01,5.803793462743174203e-01,5.790022785587828347e-01,5.775849694740415874e-01,5.761293316427387179e-01,5.746373237192736738e-01,5.731109345973668390e-01,5.715521896466968510e-01,5.699631227289012614e-01,5.683458002209411664e-01,5.667023084837744529e-01,5.650347391150102316e-01,5.633451752092072384e-01,5.616357462990966276e-01,5.599085323692739591e-01,5.581656408411848069e-01,5.564091743504178122e-01,5.546412224901083876e-01,5.528638264626090093e-01,5.510790643867332639e-01,5.492889263444130643e-01,5.474954367943476452e-01,5.457005351812372895e-01,5.439061614139802936e-01,5.421141904375997855e-01,5.403264718161372437e-01,5.385447980905571086e-01,5.367709098211616014e-01,5.350064917558901012e-01,5.332531687296885314e-01,5.315125069510163724e-01,5.297860033669282709e-01,5.280750905933017103e-01,5.263811177224628768e-01,5.247053689034093527e-01,5.230490355198655905e-01,5.214132480659346980e-01,5.197990308028969109e-01,5.182073332285433986e-01,5.166390289253213197e-01,5.150948760516541602e-01,5.135755430486206308e-01,5.120816199989955964e-01,5.106135766553215882e-01,5.091718082341033513e-01,5.077566038996690345e-01,5.063681686318038944e-01,5.050065535165216835e-01,5.036717708242453018e-01,5.023637096223153575e-01,5.010821413061650187e-01,4.998267571097621542e-01,4.985971441462369591e-01,4.973927760201160009e-01,4.962130475316912093e-01,4.950572422903096181e-01,4.939245612648029971e-01,4.928140839114882876e-01,4.917248448271139827e-01,4.906557253761069104e-01,4.896055813471760776e-01,4.885731393080695040e-01,4.875570595575908217e-01,4.865559189198183088e-01,4.855682191768124767e-01,4.845924009151518219e-01,4.836268109332051979e-01,4.826697508414475868e-01,4.817194562258704793e-01,4.807740986649676751e-01,4.798318058582924373e-01,4.788906594830437125e-01,4.779486724775467987e-01,4.770038547585689903e-01,4.760541692136975311e-01,4.750975446061473928e-01,4.741318923304096433e-01,4.731551064319227118e-01,4.721650738378850853e-01,4.711596702944287340e-01,4.701367597273171661e-01,4.690942461290690257e-01,4.680300072226202257e-01,4.669419657560016090e-01,4.658280462838269020e-01,4.646862110628184328e-01,4.635144803555796278e-01,4.623108773275489969e-01,4.610734980233304747e-01,4.598004802517733913e-01,4.584900464487358662e-01,4.571404378787880529e-01,4.557500173779749364e-01,4.543171704920818121e-01,4.528404216020254780e-01,4.513183343934757397e-01,4.497496142608352621e-01,4.481330126797767877e-01,4.464674077826205623e-01,4.447518069214569381e-01,4.429853037904332158e-01,4.411670961018047676e-01,4.392965561832943289e-01,4.373731237256424653e-01,4.353963983177962516e-01,4.333661207184589248e-01,4.312821440803119577e-01,4.291444648944653939e-01,4.269532365264142593e-01,4.247087685843766169e-01,4.224114765599116805e-01,4.200619566924984616e-01,4.176609524656243466e-01,4.152093521232066431e-01,4.127082191660535471e-01,4.101587399682199431e-01,4.075622557260918377e-01,4.049203124706513002e-01,4.022345574766072462e-01,3.995068116710628336e-01,3.967390651085328512e-01,3.939334418305257546e-01,3.910922029798463706e-01,3.882177893457360862e-01,3.853127860574472319e-01,3.823799039826498158e-01,3.794220088262470481e-01,3.764420993711616870e-01,3.734433227045950154e-01,3.704289207093133252e-01,3.674023181046731645e-01,3.643670262410304006e-01,3.613266666182389231e-01,3.582850098704892794e-01,3.552458852701379510e-01,3.522132887197835793e-01,3.491912532121654311e-01,3.461839213534807502e-01,3.431955472195934997e-01,3.402304183477807831e-01,3.372929257167441297e-01,3.343875078244161747e-01,3.315186556975860399e-01,3.286909266386057182e-01,3.259089100612189149e-01,3.231772304257199968e-01,3.205005404497289767e-01,3.178834915363151770e-01,3.153307687811689464e-01,3.128470542349980898e-01,3.104370087045137949e-01,3.081052970810361780e-01,3.058565326536285545e-01,3.036953304934684184e-01,3.016262408657833793e-01,2.996537722169161366e-01,2.977823713242890857e-01,2.960164221767001558e-01,2.943602395422469931e-01,2.928180501866408658e-01,2.913939714451466156e-01,2.900920459739335655e-01,2.889161954754495554e-01,2.878702374079990522e-01,2.869578534078035537e-01,2.861825890368113745e-01,2.855478664222581564e-01,2.850569596963363206e-01,2.847129785933927293e-01,2.845188769882324165e-01,2.844774466504428334e-01,2.845913033265045078e-01,2.848628958950276124e-01,2.852944584716415877e-01,2.858880510927883645e-01,2.866455563211966484e-01,2.875686151451498085e-01,2.886587079674873824e-01,2.899170928001509329e-01,2.913447774599614015e-01,2.929425963011992318e-01,2.947111616117787936e-01,2.966508253172465137e-01,2.987617557466676899e-01,3.010438684559291200e-01,3.034968667485851701e-01,3.061202032631571424e-01,3.089131057125809598e-01,3.118745952022159984e-01,3.150034190737251438e-01,3.182981318485533784e-01,3.217570205737214639e-01,3.253781603052746108e-01,3.291594078977975180e-01,3.330983730641755014e-01,3.371924673876939282e-01,3.414388449070486220e-01,3.458344584256289322e-01,3.503760666978698035e-01,3.550601712425578982e-01,3.598831178799336561e-01,3.648410119968342191e-01,3.699297611274225406e-01,3.751451061638932938e-01,3.804825792951000984e-01,3.859375364834350952e-01,3.915051745164958574e-01,3.971804922605031152e-01,4.029583504393323135e-01,4.088334514888786742e-01,4.148003323564342093e-01,4.208534101809656147e-01,4.269869719880958203e-01,4.331951622512868472e-01,4.394720334002652495e-01,4.458115083927823852e-01,4.522074340962064509e-01,4.586535443552643976e-01,4.651435214748167457e-01,4.716709462688949417e-01,4.782293761253451070e-01,4.848122613950008875e-01,4.914130537276791832e-01,4.980251540080909978e-01,5.046419495542727729e-01,5.112568123622038829e-01,5.178630806035374734e-01,5.244541404941645002e-01,5.310233551983443157e-01,5.375641590468365205e-01,5.440699587862527498e-01,5.505342500193386446e-01,5.569505585861925789e-01,5.633124749921972763e-01,5.696136801284292783e-01,5.758478927526169411e-01,5.820089866915614252e-01,5.880908400043728390e-01,5.940875195502767214e-01,5.999931579882992194e-01,6.058020436367204109e-01,6.115085630483964030e-01,6.171072531043683140e-01,6.225927924056091634e-01,6.279600267283825810e-01,6.332039322359448441e-01,6.383196770946447662e-01,6.433025831569471054e-01,6.481481556451592629e-01,6.528520965552767619e-01,6.574102766535381281e-01,6.618187491497454777e-01,6.660738122627698488e-01,6.701719006151072300e-01,6.741097302604410757e-01,6.778841692039989653e-01,6.814923283347178451e-01,6.849315104583757474e-01,6.881992643502025109e-01,6.912933414550423983e-01,6.942117418760980208e-01,6.969526564959727111e-01,6.995145075772138954e-01,7.018959612122173120e-01,7.040959022463049166e-01,7.061134729901897833e-01,7.079479726701675135e-01,7.095989816907252168e-01,7.110663027357853050e-01,7.123499218075657335e-01,7.134501007403295514e-01,7.143673003203271366e-01,7.151021809074065150e-01,7.156556420941041496e-01,7.160287727301839489e-01,7.162229020310101335e-01,7.162395463157955611e-01,7.160804074432814970e-01,7.157474302152161405e-01,7.152427088017031531e-01,7.145685421547230964e-01,7.137274171491835295e-01,7.127220023026629159e-01,7.115551165394067290e-01,7.102297728942771338e-01,7.087491455721622868e-01,7.071165312330888186e-01,7.053354357950013531e-01,7.034094454758542669e-01,7.013423371445997034e-01,6.991379745915783372e-01,6.968003779881510873e-01,6.943336697573578853e-01,6.917421055468961910e-01,6.890299953601288774e-01,6.862018133374444551e-01,6.832620576123613620e-01,6.802153542675181130e-01,6.770664115406974659e-01,6.738199329474049426e-01,6.704807762344170419e-01,6.670537956025569537e-01,6.635439308281171344e-01,6.599561207750322955e-01,6.562953467531172924e-01,6.525666612762934804e-01,6.487750662338652718e-01,6.449256220971918419e-01,6.410234017984024479e-01,6.370734271667336523e-01,6.330807640574878103e-01,6.290504313360439914e-01,6.249874534817325689e-01,6.208968042057531056e-01,6.167834485045255999e-01,6.126522675910006654e-01,6.085081486106550530e-01,6.043559084577144747e-01,6.002003164445218752e-01,5.960460510001118761e-01,5.918977654432133750e-01,5.877600234982975902e-01,5.836373011592794757e-01,5.795340257969885389e-01,5.754545179531970200e-01,5.714030067350168718e-01,5.673836319055244326e-01,5.634004382223648522e-01,5.594573980117742984e-01,5.555583447395671115e-01,5.517070154562960793e-01,5.479070478168605041e-01,5.441619546476035296e-01,5.404751498164045431e-01
3.213520283226188323e-01,3.200568964237324732e-01,3.188066287566611590e-01,3.176027552638018281e-01,3.164467505037807382e-01,3.153400326169452095e-01,3.142839339853717440e-01,3.132797157620980655e-01,3.123285855150862433e-01,3.114316334634515959e-01,3.105898928425759320e-01,3.098043063808478270e-01,3.090757315904746894e-01,3.084049333016641858e-01,3.077925696050314297e-01,3.072392276645203313e-01,3.067453846132865425e-01,3.063114225756810582e-01,3.059376188785533079e-01,3.056241540236284693e-01,3.053710983899288189e-01,3.051784457444096654e-01,3.050460519105430146e-01,3.049736925410811983e-01,3.049610411878000416e-01,3.050076491835083115e-01,3.051129892151450140e-01,3.052764274961369262e-01,3.054972170598717063e-01,3.057745210130516922e-01,3.061074072575330485e-01,3.064948546511362393e-01,3.069357289824699575e-01,3.074288376907071685e-01,3.079728707626755435e-01,3.085664493510963391e-01,3.092080999080700221e-01,3.098962855754011647e-01,3.106293857417014581e-01,3.114057277266660262e-01,3.122235257295146726e-01,3.130809877755493797e-01,3.139762243580034862e-01,3.149073170380035092e-01,3.158722667665571082e-01,3.168690650045903889e-01,3.178956369466235388e-01,3.189498872594644929e-01,3.200296813974140009e-01,3.211328789729488431e-01,3.222573042093843099e-01,3.234007719216887566e-01,3.245610817853462060e-01,3.257360511061446751e-01,3.269234805639121832e-01,3.281212004372833224e-01,3.293270150800537421e-01,3.305387991847401064e-01,3.317544278581491812e-01,3.329718010474172485e-01,3.341888777354822815e-01,3.354036209497294752e-01,3.366140709356023608e-01,3.378183375813301748e-01,3.390145330390781919e-01,3.402008689980345890e-01,3.413756333210312688e-01,3.425371488521633534e-01,3.436838413133021519e-01,3.448142136517319267e-01,3.459268552896019866e-01,3.470204224680800698e-01,3.480936972023751519e-01,3.491455110695892428e-01,3.501748644417155831e-01,3.511807720519590226e-01,3.521624261826493685e-01,3.531190858871165461e-01,3.540501350497389232e-01,3.549550559465001198e-01,3.558334607604706212e-01,3.566850546463537497e-01,3.575096705626352178e-01,3.583072579496533461e-01,3.590778606650489868e-01,3.598216915939317917e-01,3.605390090519678403e-01,3.612302399435465272e-01,3.618958858199355366e-01,3.625366000149197743e-01,3.631531218232801339e-01,3.637463078355787638e-01,3.643171213831494781e-01,3.648666312228424080e-01,3.653960251307459273e-01,3.659065576037685008e-01,3.663995961633642606e-01,3.668766165394247714e-01,3.673391645308041187e-01,3.677888876905304749e-01,3.682274900534923678e-01,3.686567777160336123e-01,3.690786164931099678e-01,3.694949349629965130e-01,3.699077420643632208e-01,3.703190852591957127e-01,3.707310729452075182e-01,3.711458487295722364e-01,3.715656046880323471e-01,3.719925642257774778e-01,3.724289775918001033e-01,3.728771153399395022e-01,3.733392683519936583e-01,3.738177177061883794e-01,3.743147743058379828e-01,3.748327128456641066e-01,3.753738192367632731e-01,3.759403623021124741e-01,3.765345691225945313e-01,3.771586338305794595e-01,3.778147499507156226e-01,3.785050222630414463e-01,3.792315252820502303e-01,3.799962710689472889e-01,3.808012099174729048e-01,3.816482367102179141e-01,3.825391321353832086e-01,3.834756396808446377e-01,3.844593889707308976e-01,3.854919233613185447e-01,3.865746942039502976e-01,3.877090260345048001e-01,3.888961678108184827e-01,3.901372368217250197e-01,3.914332331474848492e-01,3.927850355408074035e-01,3.941934040808074968e-01,3.956589597286975235e-01,3.971822129675172119e-01,3.987634979056825513e-01,4.004030484635782705e-01,4.021009438009176540e-01,4.038571157084818730e-01,4.056713505080256077e-01,4.075432957494883879e-01,4.094724549908094757e-01,4.114581757390837202e-01,4.134996553633891181e-01,4.155959569021483446e-01,4.177459675810891171e-01,4.199484572137472949e-01,4.222020358030439957e-01,4.245051715076164078e-01,4.268561875765209401e-01,4.292532511541182205e-01,4.316944280469731665e-01,4.341776065625843617e-01,4.367005703838794384e-01,4.392609700069651790e-01,4.418563160500382225e-01,4.444840056392955763e-01,4.471413303616803558e-01,4.498254440106870811e-01,4.525334179548294866e-01,4.552622133075861499e-01,4.580086940921371808e-01,4.607696207571295721e-01,4.635416987035520520e-01,4.663215129292261341e-01,4.691056271871337779e-01,4.718904990445320080e-01,4.746725507745601647e-01,4.774481364836132835e-01,4.802135717921532376e-01,4.829651576095679300e-01,4.856991266099163207e-01,4.884117308232822086e-01,4.910991630251133055e-01,4.937576483667926452e-01,4.963834039745684268e-01,4.989726400788708771e-01,5.015216127955000047e-01,5.040265774080117112e-01,5.064838225674506145e-01,5.088897000875638454e-01,5.112405829859087980e-01,5.135329285511629482e-01,5.157632375412972703e-01,5.179280754462355363e-01,5.200241160913628979e-01,5.220480945723969812e-01,5.239968491037673148e-01,5.258673012274485137e-01,5.276564969762415069e-01,5.293615966903850723e-01,5.309798668329981375e-01,5.325087011176949936e-01,5.339456299520908278e-01,5.352883058289479301e-01,5.365345535980357017e-01,5.376823116492361887e-01,5.387296846117699545e-01,5.396749238277935845e-01,5.405164535366679956e-01,5.412528464964546648e-01,5.418828614646790109e-01,5.424053758209096410e-01,5.428195199283051275e-01,5.431245280709112722e-01,5.433198470346565223e-01,5.434050908099965493e-01,5.433800407583215808e-01,5.432446656858787026e-01,5.429991388589209267e-01,5.426437624765457768e-01,5.421790647532993557e-01,5.416057282068480472e-01,5.409246279757732312e-01,5.401367890364027202e-01,5.392434388414004687e-01,5.382459604281849552e-01,5.371459199078988389e-01,5.359450336174322871e-01,5.346451993055956198e-01,5.332484465415378017e-01,5.317569916987280321e-01,5.301731856619709138e-01,5.284995304041515407e-01,5.267386746895509342e-01,5.248933764549148506e-01,5.229665658733542166e-01,5.209612769719776937e-01,5.188806582997321781e-01,5.167279833081585005e-01,5.145066385449527102e-01,5.122200945880335254e-01,5.098719138022951292e-01,5.074657745723198943e-01,5.050053882061245059e-01,5.024945851786459805e-01,4.999372287685241445e-01,4.973372548035637219e-01,4.946986443364443931e-01,4.920254308745450333e-01,4.893216504253931065e-01,4.865914057637476531e-01,4.838387769660034143e-01,4.810679130624553879e-01,4.782829014087347508e-01,4.754878628110348893e-01,4.726869036447514660e-01,4.698840952452988384e-01,4.670834748602892827e-01,4.642890961400129024e-01,4.615048909553646217e-01,4.587348093124511417e-01,4.559827129922101041e-01,4.532523968842477324e-01,4.505475898303612503e-01,4.478719602525525478e-01,4.452290764203890028e-01,4.426224064164198113e-01,4.400553368423621436e-01,4.375311723636670647e-01,4.350530659799921596e-01,4.326240857404220486e-01,4.302471835375341613e-01,4.279251935684381114e-01,4.256607979416605625e-01,4.234565771376253007e-01,4.213149677959602268e-01,4.192382666908624489e-01,4.172286323456254054e-01,4.152880806702206051e-01,4.134184861155399404e-01,4.116215591617642944e-01,4.098988769494899542e-01,4.082518838771250214e-01,4.066818274796535904e-01,4.051898380673745192e-01,4.037768731682140344e-01,4.024437492488022738e-01,4.011911214547906335e-01,4.000195112978782719e-01,3.989292532805882030e-01,3.979205685058528341e-01,3.969935130561159098e-01,3.961479826595444842e-01,3.953837502180737595e-01,3.947004412912050730e-01,3.940975373763044853e-01,3.935743887830471799e-01,3.931301977201998588e-01,3.927640483338450395e-01,3.924748983249027878e-01,3.922615872192376507e-01,3.921228180284871412e-01,3.920572101814054911e-01,3.920632262361242737e-01,3.921392798183315209e-01,3.922836481031791167e-01,3.924945325449011868e-01,3.927700212779392519e-01,3.931081485837334966e-01,3.935068514825941777e-01,3.939639874891002203e-01,3.944773765613038830e-01,3.950447513850061654e-01,3.956637780380106162e-01,3.963321240243260490e-01,3.970473580953398085e-01,3.978070250692357646e-01,3.986086666923127075e-01,3.994497567411693373e-01,4.003277740710784460e-01,4.012401718657730432e-01,4.021843907607013380e-01,4.031578920421439172e-01,4.041581020243371070e-01,4.051824860133646511e-01,4.062284981005936380e-01,4.072936286516770643e-01,4.083753758952518575e-01,4.094712658773710379e-01,4.105788737781624897e-01,4.116957888715951919e-01,4.128196720399992525e-01,4.139481914656156780e-01,4.150790776400559157e-01,4.162101417366891321e-01,4.173392169966575471e-01,4.184642159435668640e-01,4.195831039319383171e-01,4.206939033317761423e-01,4.217947297549020647e-01,4.228837575896001733e-01,4.239592313249127553e-01,4.250194897112792303e-01,4.260629071280588875e-01,4.270879774481807223e-01,4.280932518667188713e-01,4.290773720969069394e-01,4.300390712719679431e-01,4.309771417667081495e-01,4.318904530645313322e-01,4.327779889526354173e-01,4.336387923450398807e-01,4.344719881996079724e-01,4.352767959417656041e-01,4.360524973238599777e-01,4.367984645843837055e-01,4.375141335235844253e-01,4.381990397083429523e-01,4.388527742166006274e-01,4.394750097352888019e-01,4.400654703217765640e-01,4.406239726850676441e-01,4.411503914396437964e-01,4.416446394599853886e-01,4.421067367729165087e-01,4.425367194953717664e-01,4.429347134621435256e-01,4.433008548033180451e-01,4.436353671471169879e-01,4.439384934296343732e-01,4.442105322852940019e-01,4.444518140761427594e-01,4.446627243838943144e-01,4.448436361629869995e-01,4.449949935081262686e-01,4.451172555313811507e-01,4.452108893379488341e-01,4.452764009308903259e-01,4.453142842263814183e-01,4.453250732707367265e-01,4.453092974182998875e-01,4.452674882978285287e-01,4.452001759435739725e-01,4.451079167420555760e-01,4.449912261913986922e-01,4.448506267835798944e-01,4.446866378997293423e-01,4.444997724250731030e-01,4.442905014752605575e-01,4.440592977048061218e-01,4.438066272301577908e-01,4.435328942165795985e-01,4.432385172787855487e-01,4.429238678199549084e-01,4.425892980979290181e-01,4.422351406838750387e-01,4.418616660109753735e-01,4.414691561647268170e-01,4.410578267968765509e-01,4.406278681416391230e-01,4.401794457647488779e-01,4.397126998658256736e-01,4.392276968383285185e-01,4.387245132127825520e-01,4.382031648950219238e-01,4.376636442534738158e-01,4.371058993074127819e-01,4.365298681270450287e-01,4.359354263147463548e-01,4.353224463663301069e-01,4.346907565577677879e-01,4.340401569675386151e-01,4.333704218590498924e-01,4.326812947820211086e-01,4.319725226014156649e-01,4.312437955546734036e-01,4.304948112051538156e-01,4.297252345756935044e-01,4.289347163991346634e-01,4.281229000669760643e-01,4.272894316792250624e-01,4.264339209746602077e-01,4.255560038640306963e-01,4.246553037374409256e-01,4.237314357810586518e-01,4.227840220721249542e-01,4.218127010996298165e-01,4.208171279861773195e-01,4.197969531893839812e-01,4.187518519536947981e-01,4.176815111262494051e-01,4.165856604269342345e-01
6.876307677912310012e-01,6.907925792890506900e-01,6.938958670651973470e-01,6.969332811241837344e-01,6.998975453560091209e-01,7.027814949624137109e-01,7.055781086888504028e-01,7.082805193334400506e-01,7.108819989350402269e-01,7.133760112771176942e-01,7.157562315495826777e-01,7.180165291062173827e-01,7.201509894833723058e-01,7.221539711187545674e-01,7.240200593865021572e-01,7.257441184419550773e-01,7.273212984246580914e-01,7.287470248453544741e-01,7.300170380952734073e-01,7.311274051794671713e-01,7.320744918521622235e-01,7.328550162630278475e-01,7.334660525083943616e-01,7.339049962194498233e-01,7.341696147740819356e-01,7.342580569846259841e-01,7.341688174469490624e-01,7.339007722419327306e-01,7.334531678970358515e-01,7.328256501404624146e-01,7.320182371797485654e-01,7.310313398603801582e-01,7.298657435942854654e-01,7.285226138685193531e-01,7.270035158837124811e-01,7.253103749567475500e-01,7.234455009008826654e-01,7.214115846870607918e-01,7.192116878987832029e-01,7.168491904501366196e-01,7.143278914526800527e-01,7.116518854633671065e-01,7.088256323521785474e-01,7.058539253672462266e-01,7.027418541778593930e-01,6.994948587855222000e-01,6.961186104642698158e-01,6.926191310333110751e-01,6.890027017275174304e-01,6.852758485121515086e-01,6.814453492106911092e-01,6.775182042747976974e-01,6.735016743943427198e-01,6.694031781138087833e-01,6.652303305518918464e-01,6.609909118955518137e-01,6.566928790441241004e-01,6.523442978952626037e-01,6.479533949983401486e-01,6.435284470079661867e-01,6.390778399096457285e-01,6.346100258771986136e-01,6.301334970354089959e-01,6.256568115224553361e-01,6.211884605311722707e-01,6.167370204276977352e-01,6.123109687355349218e-01,6.079187808588307762e-01,6.035688648442953941e-01,5.992695490042884154e-01,5.950290499391086563e-01,5.908555103911777850e-01,5.867568933123351593e-01,5.827410446651765108e-01,5.788156352524679304e-01,5.749881608483647932e-01,5.712659420290041590e-01,5.676560454005162848e-01,5.641653311106705759e-01,5.608004568065677597e-01,5.575677734174249167e-01,5.544734045369407172e-01,5.515231758858347710e-01,5.487226272642199421e-01,5.460770279751347989e-01,5.435912866235832475e-01,5.412700312589600049e-01,5.391175424826069040e-01,5.371377940652303229e-01,5.353343929207540208e-01,5.337105769753008877e-01,5.322692757535005814e-01,5.310130316470942358e-01,5.299440386631560918e-01,5.290640999703765113e-01,5.283746561663619223e-01,5.278768238964328674e-01,5.275712907737168944e-01,5.274583951505986690e-01,5.275381256654418927e-01,5.278100540906975890e-01,5.282734475132671026e-01,5.289271885089178449e-01,5.297697826586363901e-01,5.307993979249465699e-01,5.320138916079918401e-01,5.334107110456717260e-01,5.349870417615584239e-01,5.367397174313155439e-01,5.386652326055120232e-01,5.407598104393867011e-01,5.430193813740158415e-01,5.454395749815443839e-01,5.480157461132505459e-01,5.507429861551874639e-01,5.536161571378008794e-01,5.566298698246230359e-01,5.597785136000454909e-01,5.630562617738464892e-01,5.664571064873011874e-01,5.699748458372261295e-01,5.736031192590542727e-01,5.773354080167711899e-01,5.811650512015326120e-01,5.850852858946887780e-01,5.890892234623861246e-01,5.931698971525007913e-01,5.973202631477607660e-01,6.015332143893032946e-01,6.058015874912038301e-01,6.101182278805488135e-01,6.144759373440746852e-01,6.188675188789419801e-01,6.232858109588582662e-01,6.277236926745136669e-01,6.321740583457473583e-01,6.366299086264807228e-01,6.410842725605518932e-01,6.455303090143879041e-01,6.499612751292181967e-01,6.543705332796657670e-01,6.587515843065994137e-01,6.630980580357297427e-01,6.674037716005750687e-01,6.716627087613425973e-01,6.758689907848608458e-01,6.800169322538601735e-01,6.841010953940568351e-01,6.881161924714243039e-01,6.920572061280927390e-01,6.959192822141048174e-01,6.996978377716576158e-01,7.033885195150447744e-01,7.069872111248203250e-01,7.104900434585608160e-01,7.138934361830873154e-01,7.171939975722555483e-01,7.203886548395811440e-01,7.234745717226556128e-01,7.264492005230888116e-01,7.293102139365557068e-01,7.320556064907965954e-01,7.346835882483826463e-01,7.371926974740716787e-01,7.395816607385548025e-01,7.418495439221213239e-01,7.439956097145556946e-01,7.460194064455049068e-01,7.479207242805361311e-01,7.496996152300491323e-01,7.513563522538495576e-01,7.528914694942419050e-01,7.543056937458867406e-01,7.556000382080111377e-01,7.567756556663830514e-01,7.578339788786604414e-01,7.587765636356473831e-01,7.596052516011269073e-01,7.603219595664174602e-01,7.609288816930646071e-01,7.614282948983485122e-01,7.618226677550006265e-01,7.621146203123019269e-01,7.623068920989481967e-01,7.624023126158827601e-01,7.624038963091277488e-01,7.623146867396423110e-01,7.621378672818590605e-01,7.618766830919441180e-01,7.615344171752105318e-01,7.611144446086995918e-01,7.606201941746359996e-01,7.600550953324958225e-01,7.594226030543547168e-01,7.587262340757581214e-01,7.579694356714825609e-01,7.571557049925405902e-01,7.562884737931283574e-01,7.553711735395581828e-01,7.544072012695401952e-01,7.533998839239954837e-01,7.523525246022544355e-01,7.512682843282837419e-01,7.501503476029399708e-01,7.490017497588774553e-01,7.478254714268860459e-01,7.466243372030393344e-01,7.454011679576132421e-01,7.441585960866666793e-01,7.428991289034249101e-01,7.416251927261129362e-01,7.403390846320172525e-01,7.390429491498561321e-01,7.377388110263555232e-01,7.364285499456909578e-01,7.351138899193401244e-01,7.337964557083439532e-01,7.324776470738211254e-01,7.311588220874739585e-01,7.298411045373556227e-01,7.285255372389096706e-01,7.272129776990448047e-01,7.259041011393384535e-01,7.245995348989512364e-01,7.232996699332059354e-01,7.220048385928479195e-01,7.207151821593342778e-01,7.194307157733681457e-01,7.181513586295306117e-01,7.168768489622923124e-01,7.156068601553863262e-01,7.143409140503220733e-01,7.130784636878764182e-01,7.118188136523745380e-01,7.105612154958329540e-01,7.093047744846776581e-01,7.080485675909420351e-01,7.067915790765414430e-01,7.055327167381760800e-01,7.042708314466059605e-01,7.030047138666839501e-01,7.017331325282941679e-01,7.004547924447206420e-01,6.991684140199581066e-01,6.978726453778412164e-01,6.965661431163527872e-01,6.952475721644288953e-01,6.939155838236960028e-01,6.925688710641759727e-01,6.912061207042118349e-01,6.898260603615278264e-01,6.884274935226466496e-01,6.870092014752984255e-01,6.855700567717287752e-01,6.841089978203662714e-01,6.826250398839762701e-01,6.811172749555833850e-01,6.795848339349674916e-01,6.780269860776761970e-01,6.764431129996709702e-01,6.748326182769404102e-01,6.731951137491329895e-01,6.715302498112697416e-01,6.698378334849290905e-01,6.681177839705495503e-01,6.663701314191379232e-01,6.645950808050196112e-01,6.627929348869027182e-01,6.609641266982858587e-01,6.591092357602194030e-01,6.572290226613713982e-01,6.553243065884930552e-01,6.533961093047798707e-01,6.514455838416415290e-01,6.494740045958461439e-01,6.474828197000561669e-01,6.454735709089848283e-01,6.434479937472850075e-01,6.414078936657128249e-01,6.393552426436489577e-01,6.372921433452785056e-01,6.352208102818468483e-01,6.331436011239078843e-01,6.310629149287674267e-01,6.289813618213097035e-01,6.269015877097210421e-01,6.248263493395030954e-01,6.227584992716100887e-01,6.207009817484943071e-01,6.186567925179873306e-01,6.166290118427660838e-01,6.146207780726092862e-01,6.126352826892310643e-01,6.106757512648514075e-01,6.087454538069814181e-01,6.068476851268791439e-01,6.049857404304941344e-01,6.031629460774010631e-01,6.013826052980896231e-01,5.996480074259821214e-01,5.979624510908275736e-01,5.963291425207926100e-01,5.947513085952309542e-01,5.932320719859576208e-01,5.917745405002942105e-01,5.903817113097307168e-01,5.890565015315534225e-01,5.878017804584350081e-01,5.866202371637316837e-01,5.855145368361508451e-01,5.844871742097149658e-01,5.835405051624839023e-01,5.826767870441621477e-01,5.818981242269655185e-01,5.812064449201439498e-01,5.806035561020386204e-01,5.800910284420021101e-01,5.796703368476923135e-01,5.793427251342628814e-01,5.791092695747047658e-01,5.789708180711973240e-01,5.789280906403340143e-01,5.789815543400717024e-01,5.791314733757657596e-01,5.793779063633823778e-01,5.797207160459781905e-01,5.801595194676043565e-01,5.806937643060426923e-01,5.813226221825830153e-01,5.820450808208694760e-01,5.828598988209425791e-01,5.837656358602555384e-01,5.847605992424869115e-01,5.858429106765732364e-01,5.870104810697978071e-01,5.882609853280854617e-01,5.895919032805111426e-01,5.910005132947124817e-01,5.924839284730468725e-01,5.940390133146280505e-01,5.956624816151339097e-01,5.973508525970032679e-01,5.991004984042451742e-01,6.009075755839842214e-01,6.027681481213510439e-01,6.046780869232635247e-01,6.066331241371483163e-01,6.086289010237250219e-01,6.106608867060656642e-01,6.127244754866736365e-01,6.148149426992396416e-01,6.169274927466605885e-01,6.190572395424035479e-01,6.211992420830435568e-01,6.233485045371612854e-01,6.254999611365643641e-01,6.276485966901996782e-01,6.297892734229404432e-01,6.319169207547757905e-01,6.340264546377780697e-01,6.361128422249777703e-01,6.381710239067792667e-01,6.401960492814632309e-01,6.421829904349642959e-01,6.441270249939242687e-01,6.460233832090759298e-01,6.478674232571054459e-01,6.496545797455550719e-01,6.513804622689747248e-01,6.530407611470577800e-01,6.546313574001052515e-01,6.561482266671303520e-01,6.575876351365819161e-01,6.589459098585112029e-01,6.602196130557209663e-01,6.614055034629586771e-01,6.625006043106088649e-01,6.635020307187392552e-01,6.644072557260034539e-01,6.652139250732450604e-01,6.659199281521536173e-01,6.665234365263867922e-01,6.670228363700969609e-01,6.674168134592872725e-01,6.677042759685754003e-01,6.678844492743141181e-01,6.679568011519755322e-01,6.679211067240089506e-01,6.677773920831220344e-01,6.675259863581517461e-01,6.671674514199154027e-01,6.667027401992402513e-01,6.661329737059307199e-01,6.654595957893664204e-01,6.646843408605355163e-01,6.638092018146461992e-01,6.628364915981227456e-01,6.617686880990951703e-01,6.606086568638499523e-01,6.593594238546635067e-01,6.580243117467738934e-01,6.566068738038518537e-01,6.551109044611571619e-01,6.535404243389939527e-01,6.518996950213837849e-01,6.501931363402746467e-01,6.484254309767416569e-01,6.466013944268373947e-01,6.447260641960016470e-01,6.428045985781516425e-01,6.408423818099611147e-01,6.388448431872133515e-01,6.368176132053747773e-01,6.347664268686208366e-01,6.326970932976222484e-01,6.306155078973065820e-01,6.285276765084256700e-01,6.264396232106217433e-01,6.243574185020813738e-01,6.222872047506110560e-01,6.202350542588709326e-01,6.182071180783705877e-01,6.162094909790964969e-01,6.142482016168362424e-01,6.123293036817882840e-01,6.104587121169788855e-01,6.086422992460424064e-01
6.966961052779803154e-01,6.957587558592179811e-01,6.948280074099000281e-01,6.939041029968743279e-01,6.929873296838965357e-01,6.920779324576886715e-01,6.911761655865942267e-01,6.902822807497522861e-01,6.893965227907264959e-01,6.885191463592984507e-01,6.876504212315205367e-01,6.867905953719024570e-01,6.859399532757635143e-01,6.850987430582746729e-01,6.842672894994751287e-01,6.834459037152069705e-01,6.826348764162482041e-01,6.818345562395429216e-01,6.810453211631594117e-01,6.802675381668956689e-01,6.795016194804659460e-01,6.787479754813955379e-01,6.780070857374375093e-01,6.772794061780956776e-01,6.765654809949339654e-01,6.758658198456625188e-01,6.751810008384788730e-01,6.745116557318694417e-01,6.738583940046989351e-01,6.732219053159785860e-01,6.726029066362866349e-01,6.720021252519100541e-01,6.714203552791982998e-01,6.708584166566956553e-01,6.703171575837597596e-01,6.697974656039608066e-01,6.693002787756444638e-01,6.688265789509284520e-01,6.683773284237952694e-01,6.679535760854297122e-01,6.675564019772440849e-01,6.671868973472896425e-01,6.668462144902906896e-01,6.665354998367410966e-01,6.662559647561934195e-01,6.660088161023756115e-01,6.657953158642760938e-01,6.656167314536847179e-01,6.654743707580457190e-01,6.653695283115834691e-01,6.653035586796033352e-01,6.652777961059749279e-01,6.652936017687545167e-01,6.653523621011901978e-01,6.654554298479373742e-01,6.656041997861631421e-01,6.658000627205933331e-01,6.660443747570655715e-01,6.663385171761572190e-01,6.666838528949434739e-01,6.670817429406932231e-01,6.675335046919249615e-01,6.680404493708497204e-01,6.686038906087965472e-01,6.692250774317074491e-01,6.699052293413743087e-01,6.706455639659393286e-01,6.714472144665977194e-01,6.723112958056873811e-01,6.732388810010994096e-01,6.742310004446323557e-01,6.752886122037827787e-01,6.764125986296886106e-01,6.776038118723585191e-01,6.788630436860845219e-01,6.801909984011555999e-01,6.815882998985669516e-01,6.830555082323912508e-01,6.845931024367305495e-01,6.862015048061781419e-01,6.878809963781887804e-01,6.896318195458891465e-01,6.914540842764179684e-01,6.933478737724761976e-01,6.953130882700699900e-01,6.973495917161648405e-01,6.994571432675756872e-01,7.016353337944937207e-01,7.038837409488638563e-01,7.062017851683402014e-01,7.085887587522742281e-01,7.110439129220479382e-01,7.135663291776704886e-01,7.161549929137303039e-01,7.188088223323298998e-01,7.215265307704434861e-01,7.243068053973399367e-01,7.271481764876690512e-01,7.300490916173947298e-01,7.330078809213737001e-01,7.360227505945735604e-01,7.390917924637591119e-01,7.422130204450186897e-01,7.453843300491151957e-01,7.486034940909892521e-01,7.518682217623338104e-01,7.551760991304001802e-01,7.585245961127660141e-01,7.619111456919759329e-01,7.653330285202958327e-01,7.687874953745398310e-01,7.722716443167257916e-01,7.757825860208691360e-01,7.793172563726470381e-01,7.828726022554568509e-01,7.864454420853302929e-01,7.900325762387591100e-01,7.936307038126244606e-01,7.972365266866341393e-01,8.008466229674161552e-01,8.044576005108007299e-01,8.080660006606424917e-01,8.116683017780883524e-01,8.152610256801239297e-01,8.188406030306394356e-01,8.224034805707199913e-01,8.259461020642051565e-01,8.294649006507961442e-01,8.329563162605466697e-01,8.364167688882221396e-01,8.398427324206710898e-01,8.432306730133296568e-01,8.465771296485706809e-01,8.498786145736300091e-01,8.531317064147760920e-01,8.563330255678597291e-01,8.594792720035804301e-01,8.625671539235644225e-01,8.655934693257816281e-01,8.685550769636409818e-01,8.714489304622939914e-01,8.742720448332639283e-01,8.770215355028199156e-01,8.796945655328833880e-01,8.822884499610230691e-01,8.848005885651876179e-01,8.872284630855681309e-01,8.895696761421503229e-01,8.918219885532725488e-01,8.939832004762076068e-01,8.960513239498477667e-01,8.980244129103914785e-01,8.999007101488640803e-01,9.016785827505257034e-01,9.033565104802954160e-01,9.049331534358580065e-01,9.064072707661933181e-01,9.077777842112513262e-01,9.090437763564586104e-01,9.102044788695801136e-01,9.112592294736111542e-01,9.122075650790958390e-01,9.130491615841844766e-01,9.137838449369172222e-01,9.144115784736093211e-01,9.149324883037083245e-01,9.153468807363871473e-01,9.156551906865989521e-01,9.158579782166014205e-01,9.159559847670299959e-01,9.159501097129805203e-01,9.158413517739820708e-01,9.156309220540771454e-01,9.153200994856628414e-01,9.149103354935048671e-01,9.144032442990690512e-01,9.138005189854806476e-01,9.131040336649297595e-01,9.123157376406516583e-01,9.114377133515653151e-01,9.104722342679971714e-01,9.094215695355353235e-01,9.082881599465372213e-01,9.070745518266946084e-01,9.057833652197803120e-01,9.044173441118370516e-01,9.029792838580030789e-01,9.014720886683427192e-01,8.998986763938003897e-01,8.982621656656752940e-01,8.965655954544115014e-01,8.948121770521301199e-01,8.930050667417289700e-01,8.911475347812402026e-01,8.892428795891809123e-01,8.872944357490117895e-01,8.853055380425342014e-01,8.832795457959651264e-01,8.812198519187046664e-01,8.791298611629703164e-01,8.770129166341559257e-01,8.748724246287125084e-01,8.727117237561458074e-01,8.705341845187873906e-01,8.683431179034273306e-01,8.661418120194090964e-01,8.639334966770902957e-01,8.617213686568635511e-01,8.595085923500564995e-01,8.572982727738184261e-01,8.550934067488088486e-01,8.528969789063302054e-01,8.507118701889475609e-01,8.485408812586776595e-01,8.463867694031435018e-01,8.442521611330729980e-01,8.421396153301037302e-01,8.400515628784112065e-01,8.379903742917227394e-01,8.359583196694748697e-01,8.339574790192384457e-01,8.319899635754128830e-01,8.300576183846058997e-01,8.281623054736115819e-01,8.263056648975742879e-01,8.244892841190818444e-01,8.227145847702209691e-01,8.209829172206727366e-01,8.192954176162429158e-01,8.176532019285244202e-01,8.160571825884191943e-01,8.145081890313744521e-01,8.130068702142958514e-01,8.115538153734249693e-01,8.101494097668497929e-01,8.087940089466866267e-01,8.074877506877966571e-01,8.062307212156138991e-01,8.050228120889496575e-01,8.038638822411106055e-01,8.027535746703235997e-01,8.016915170808871505e-01,8.006771300807420388e-01,7.997098022412930662e-01,7.987887520354015614e-01,7.979131668482599693e-01,7.970820257638436823e-01,7.962943358979523989e-01,7.955489366613349711e-01,7.948445945412716540e-01,7.941799834560060445e-01,7.935537165615704769e-01,7.929643254988829604e-01,7.924102553043158581e-01,7.918899068033573574e-01,7.914016548786162453e-01,7.909437257364657636e-01,7.905143906283433886e-01,7.901117811126505686e-01,7.897341426303853273e-01,7.893794708821662010e-01,7.890459487880931988e-01,7.887315826331378066e-01,7.884344726614669341e-01,7.881525944622965740e-01,7.878840246106093570e-01,7.876267734043145285e-01,7.873788636434158050e-01,7.871383705998976632e-01,7.869033100287791127e-01,7.866717995525331908e-01,7.864419310050044798e-01,7.862118298494996660e-01,7.859796897070360222e-01,7.857436878781743905e-01,7.855021148083851656e-01,7.852532594227416007e-01,7.849954838136590229e-01,7.847272080212239764e-01,7.844468838656315501e-01,7.841530778768239784e-01,7.838443931522022234e-01,7.835195209825880358e-01,7.831771963964573313e-01,7.828162698928662344e-01,7.824356675602338607e-01,7.820343532673373899e-01,7.816114481015412618e-01,7.811661031240972886e-01,7.806975736426065016e-01,7.802052195046522698e-01,7.796884816586527878e-01,7.791468787432830334e-01,7.785800663112709685e-01,7.779877152054553990e-01,7.773696898468174243e-01,7.767258823193849970e-01,7.760562757837504710e-01,7.753609710744926442e-01,7.746401741717824363e-01,7.738941317983508705e-01,7.731232273244740272e-01,7.723278993815247961e-01,7.715087060504106642e-01,7.706662809698532346e-01,7.698013123158489179e-01,7.689146016026811026e-01,7.680069913385981772e-01,7.670794485298796372e-01,7.661329844556920010e-01,7.651686723465437323e-01,7.641876542225866098e-01,7.631911322679421072e-01,7.621803999473576452e-01,7.611567717050502502e-01,7.601215894328953171e-01,7.590763129326282277e-01,7.580224043956917956e-01,7.569613270981717656e-01,7.558946411346940675e-01,7.548239063239029489e-01,7.537507333653841179e-01,7.526767094476223274e-01,7.516034807066077628e-01,7.505326903081978029e-01,7.494659650346523483e-01,7.484049752954766710e-01,7.473513932875910371e-01,7.463068355250278563e-01,7.452729383454035350e-01,7.442513421387557671e-01,7.432436333647003401e-01,7.422514069777372825e-01,7.412762036559868983e-01,7.403195518342643444e-01,7.393829468612193034e-01,7.384678140531545365e-01,7.375755784050590513e-01,7.367075845644311949e-01,7.358651554192715549e-01,7.350495213543547512e-01,7.342619032665104184e-01,7.335034379011426964e-01,7.327751589435504975e-01,7.320781460987418887e-01,7.314132967086598436e-01,7.307814870439023336e-01,7.301835268711177607e-01,7.296201370889231486e-01,7.290919781536208122e-01,7.285995957559703307e-01,7.281435024144345958e-01,7.277241171740627124e-01,7.273417548464721216e-01,7.269966689174773844e-01,7.266890509386790820e-01,7.264189637883998740e-01,7.261864097670795992e-01,7.259913342755843768e-01,7.258335410274338040e-01,7.257128440938701575e-01,7.256288432842954439e-01,7.255811949500045044e-01,7.255694080942418633e-01,7.255928987324316015e-01,7.256510505686136758e-01,7.257431661825748392e-01,7.258684588652327685e-01,7.260260632231143596e-01,7.262150659533646024e-01,7.264344821578007094e-01,7.266832705068915210e-01,7.269603423201477232e-01,7.272644873059368464e-01,7.275945177601448322e-01,7.279491592212496975e-01,7.283270953211947729e-01,7.287269573424708380e-01,7.291473428282801983e-01,7.295867833843735495e-01,7.300438409823846175e-01,7.305169917891555231e-01,7.310046659232424249e-01,7.315053509287469113e-01,7.320174299409358820e-01,7.325393252259797539e-01,7.330694182815381543e-01,7.336060911215031011e-01,7.341477159434578459e-01,7.346926636121964282e-01,7.352393243896390151e-01,7.357860698783719178e-01,7.363312892117712671e-01,7.368733820450550365e-01,7.374107662303681643e-01,7.379419249103750245e-01,7.384652665294157980e-01,7.389793001275620776e-01,7.394825542857969003e-01,7.399735678788806892e-01,7.404509455647806382e-01,7.409132744637806356e-01,7.413592707732599152e-01,7.417876175794546612e-01,7.421970827993763509e-01,7.425864679222745623e-01,7.429546124771228000e-01,7.433004450924229900e-01,7.436228997843384869e-01,7.439210280848146395e-01,7.441938909207129749e-01,7.444406111704319207e-01,7.446604059738062276e-01,7.448525126550774589e-01,7.450162192773194247e-01,7.451509535814822005e-01,7.452561439218249317e-01,7.453312579666426796e-01,7.453759169838001242e-01,7.453897084666923911e-01,7.453723561899022743e-01,7.453235867495283662e-01,7.452432580051251421e-01,7.451312072308928780e-01,7.449874124252857666e-01,7.448118392300457913e-01,7.446045707646138379e-01
4.689785484697718276e-01,4.717505527055690373e-01,4.744942043096644357e-01,4.772068436862065277e-01,4.798859043088732901e-01,4.825288898659563785e-01,4.851334113163012218e-01,4.876972150623617441e-01,4.902181012028782314e-01,4.926939986786817438e-01,4.951229633209140446e-01,4.975031327083235810e-01,4.998327750160218019e-01,5.021102616863389878e-01,5.043340873597557117e-01,5.065028582740062069e-01,5.086152991618128061e-01,5.106702372423704839e-01,5.126666408680091713e-01,5.146035836993650969e-01,5.164802376273001094e-01,5.182959143722851714e-01,5.200500222041446463e-01,5.217421130877235580e-01,5.233717748486286236e-01,5.249388015759780535e-01,5.264430207372212678e-01,5.278844014815945451e-01,5.292629992299520136e-01,5.305789714853991201e-01,5.318325722087010599e-01,5.330241551100601827e-01,5.341541551158488499e-01,5.352231065472561333e-01,5.362316053318118003e-01,5.371803486731575594e-01,5.380700993263191068e-01,5.389017021245957606e-01,5.396760435870396888e-01,5.403941066914366154e-01,5.410569186445642886e-01,5.416655655873195974e-01,5.422211648338084444e-01,5.427249180757677260e-01,5.431780387603288851e-01,5.435818015464728425e-01,5.439374854269573012e-01,5.442464120115413362e-01,5.445099496370819914e-01,5.447294602831505017e-01,5.449063062059777973e-01,5.450419184158401542e-01,5.451376829362533094e-01,5.451950173423401047e-01,5.452153188716493126e-01,5.451999812592055461e-01,5.451504194236292955e-01,5.450680123076977468e-01,5.449541000625913734e-01,5.448100558073178945e-01,5.446371829649022667e-01,5.444367955133556647e-01,5.442101499434311984e-01,5.439584688754008912e-01,5.436829870390815778e-01,5.433848309152929934e-01,5.430651484255936134e-01,5.427250029964827416e-01,5.423654383730386330e-01,5.419874419624777229e-01,5.415919632706825970e-01,5.411799039445434056e-01,5.407520819614913821e-01,5.403093103804015307e-01,5.398523065857007142e-01,5.393817774584630520e-01,5.388983462164415039e-01,5.384025952078439481e-01,5.378950472842792818e-01,5.373761627144857389e-01,5.368463821946791725e-01,5.363060340597760600e-01,5.357554664000175881e-01,5.351949157189884732e-01,5.346246115590335135e-01,5.340446812880466076e-01,5.334552516252027976e-01,5.328563827808856512e-01,5.322481129240570485e-01,5.316303847695604823e-01,5.310031529591923150e-01,5.303662912581111888e-01,5.297196639247503391e-01,5.290631002751166045e-01,5.283963796091920573e-01,5.277192500858919333e-01,5.270314538672659088e-01,5.263326893901520975e-01,5.256226156206240674e-01,5.249009198661659381e-01,5.241672238186859678e-01,5.234211597404638816e-01,5.226623600308777373e-01,5.218903963360507214e-01,5.211048759029521804e-01,5.203054096993864341e-01,5.194915807983271350e-01,5.186629851375836875e-01,5.178192361856295278e-01,5.169599169948499995e-01,5.160846603497111218e-01,5.151930930515417062e-01,5.142848665471047021e-01,5.133596329482711385e-01,5.124170848059905747e-01,5.114569302595465272e-01,5.104788802919063562e-01,5.094827063680628099e-01,5.084681963514122716e-01,5.074351576429182442e-01,5.063834310656751825e-01,5.053129118452694968e-01,5.042234844353876699e-01,5.031151397805126990e-01,5.019878436272614541e-01,5.008416239691653171e-01,4.996765604126542915e-01,4.984927460396321175e-01,4.972903336749233683e-01,4.960695153610265029e-01,4.948305237501853249e-01,4.935736209050915480e-01,4.922991258514727297e-01,4.910073991245056391e-01,4.896988271353657773e-01,4.883738583031477787e-01,4.870329617982210313e-01,4.856766494443661708e-01,4.843054893031210062e-01,4.829200655196238534e-01,4.815210078391125581e-01,4.801089548429448572e-01,4.786846380017822367e-01,4.772487621901795873e-01,4.758020854581428427e-01,4.743454017474184603e-01,4.728795145016392865e-01,4.714052575124027533e-01,4.699234802849268089e-01,4.684350815465671558e-01,4.669409163882438651e-01,4.654419214741135069e-01,4.639390204448672339e-01,4.624331334733740029e-01,4.609252003459421432e-01,4.594161692830540100e-01,4.579069813909910636e-01,4.563985856945387831e-01,4.548919210721353301e-01,4.533879347705675467e-01,4.518875524643651276e-01,4.503917023775237394e-01,4.489012710341244716e-01,4.474171804437658828e-01,4.459402686093539847e-01,4.444714221521699482e-01,4.430114573474381312e-01,4.415611785466680428e-01,4.401213577973736579e-01,4.386927678733046343e-01,4.372760926497805678e-01,4.358720458524264485e-01,4.344812656154540820e-01,4.331043584458446616e-01,4.317418897422570234e-01,4.303944264607245662e-01,4.290624259638264881e-01,4.277463528780387492e-01,4.264466125165110033e-01,4.251635629700182273e-01,4.238975074110044039e-01,4.226487431256626959e-01,4.214174754737056161e-01,4.202038782880548884e-01,4.190080736469218303e-01,4.178301693945577489e-01,4.166701747434158887e-01,4.155280829557668199e-01,4.144038444684952083e-01,4.132973431823552812e-01,4.122084445864375168e-01,4.111369476078935992e-01,4.100826123033351478e-01,4.090451668850538791e-01,4.080243020548705579e-01,4.070196506499570432e-01,4.060308424782793080e-01,4.050574306841364103e-01,4.040989541415923592e-01,4.031549287493836897e-01,4.022248473162416960e-01,4.013081414164820782e-01,4.004042601857012995e-01,3.995125999572348707e-01,3.986325641288672728e-01,3.977635226372854271e-01,3.969048363520616962e-01,3.960558552522164821e-01,3.952159351037536905e-01,3.943844046912675094e-01,3.935605934943832707e-01,3.927438530985281617e-01,3.919335296712622152e-01,3.911289858253251817e-01,3.903295799214664963e-01,3.895346670153503332e-01,3.887436702922633658e-01,3.879559879461744187e-01,3.871710723405458743e-01,3.863883934085145522e-01,3.856074413542202595e-01,3.848277302236068897e-01,3.840488259046445085e-01,3.832703444226458478e-01,3.824919193741396217e-01,3.817132094662121222e-01,3.809339764447836063e-01,3.801539732751529344e-01,3.793730317657250106e-01,3.785910271442069486e-01,3.778078891489039526e-01,3.770235975779065996e-01,3.762382080854381194e-01,3.754517994605817699e-01,3.746645316536465486e-01,3.738766480782546586e-01,3.730884172740365212e-01,3.723001598991917960e-01,3.715123112374068004e-01,3.707253261903666886e-01,3.699397197655450720e-01,3.691561005014410979e-01,3.683751356529135212e-01,3.675975092896489049e-01,3.668240235279671690e-01,3.660555037150781676e-01,3.652928589773473678e-01,3.645370244935406956e-01,3.637890265325094408e-01,3.630499312905878795e-01,3.623208474133500223e-01,3.616029405819445874e-01,3.608974306037576740e-01,3.602055776506808971e-01,3.595286977573659004e-01,3.588681213594584474e-01,3.582252218362158569e-01,3.576014196177065840e-01,3.569981729987709573e-01,3.564169236271634289e-01,3.558591949791909959e-01,3.553264734449325668e-01,3.548203067168433922e-01,3.543422366354246900e-01,3.538937895415154022e-01,3.534765294155266524e-01,3.530919971817757519e-01,3.527417391375762268e-01,3.524272905157237457e-01,3.521501531006593910e-01,3.519118365452437169e-01,3.517138048332851263e-01,3.515575190710874542e-01,3.514443696816070273e-01,3.513757372860296102e-01,3.513529556847137525e-01,3.513773052094293914e-01,3.514500210345855025e-01,3.515722796761198143e-01,3.517451962536736199e-01,3.519698068052006801e-01,3.522471124881928484e-01,3.525780281335966215e-01,3.529633652508505914e-01,3.534038825070057177e-01,3.539002557505820379e-01,3.544530612665691693e-01,3.550627804746246396e-01,3.557298139827973493e-01,3.564544611717637146e-01,3.572369114441447113e-01,3.580772521721774515e-01,3.589754865011702267e-01,3.599314775838780012e-01,3.609450048157590851e-01,3.620157389478769194e-01,3.631432113196326195e-01,3.643268560310627402e-01,3.655660002042917522e-01,3.668598350676775532e-01,3.682074584739695178e-01,3.696078411564448496e-01,3.710598318213786939e-01,3.725621713407011870e-01,3.741134848663575929e-01,3.757122827180349733e-01,3.773569716225291804e-01,3.790458305691966068e-01,3.807770456644412604e-01,3.825486780715810498e-01,3.843587018150777523e-01,3.862049673499804436e-01,3.880852664973721833e-01,3.899972464079874412e-01,3.919384884025978177e-01,3.939064790178943287e-01,3.958986168580647114e-01,3.979122334365005065e-01,3.999445713162232408e-01,4.019927983084248257e-01,4.040540244436557904e-01,4.061252874907445576e-01,4.082035778901648149e-01,4.102858400731176358e-01,4.123689499916391998e-01,4.144497730036208472e-01,4.165251214502466715e-01,4.185917827834049199e-01,4.206465112882515345e-01,4.226860719969596225e-01,4.247072064813705583e-01,4.267066680229237297e-01,4.286811777155148384e-01,4.306275042017254640e-01,4.325424133099566859e-01,4.344227157054977306e-01,4.362652133130835441e-01,4.380667902778236367e-01,4.398243566262975413e-01,4.415348634023759100e-01,4.431953253423393524e-01,4.448028339622798200e-01,4.463545283357111537e-01,4.478476442293889415e-01,4.492794815579159717e-01,4.506474440826527816e-01,4.519490305922821971e-01,4.531818298518136001e-01,4.543435330147755913e-01,4.554319679236628615e-01,4.564450637388812182e-01,4.573808533230930840e-01,4.582375341349599340e-01,4.590134128979073136e-01,4.597069172272952864e-01,4.603166436885359758e-01,4.608413318188462893e-01,4.612798251201608024e-01,4.616311932644387439e-01,4.618945930923943899e-01,4.620693479268577208e-01,4.621549701587664982e-01,4.621511092073028459e-01,4.620575761760039035e-01,4.618743567457150312e-01,4.616016003141060753e-01,4.612396105328918083e-01,4.607888667229638191e-01,4.602500053399740110e-01,4.596238409380594692e-01,4.589113423817600679e-01,4.581136353927731109e-01,4.572320374114626218e-01,4.562679959592515488e-01,4.552231285315838094e-01,4.540992187132302238e-01,4.528981838318281161e-01,4.516221081357488787e-01,4.502732069745400412e-01,4.488538601072872281e-01,4.473665836581672273e-01,4.458140168394915115e-01,4.441989337986169128e-01,4.425242446765464965e-01,4.407929594987997635e-01,4.390082333519497171e-01,4.371733061704860535e-01,4.352915336722665285e-01,4.333663694809036793e-01,4.314013578735504395e-01,4.294001274229131693e-01,4.273663955503254064e-01,4.253039386081050588e-01,4.232165959402789390e-01,4.211082728541858944e-01,4.189829315788118902e-01,4.168445600433534626e-01,4.146971963320399412e-01,4.125449092789877370e-01,4.103917760300657691e-01,4.082418794930592898e-01,4.060993459387405857e-01,4.039682422264845307e-01,4.018526829575626014e-01,3.997567285298781470e-01,3.976844016944792726e-01,3.956397462169500834e-01,3.936267204619010029e-01,3.916492379609027297e-01,3.897111766816807044e-01,3.878163320911667267e-01,3.859684346273236644e-01,3.841711584948886427e-01,3.824280553636442703e-01,3.807426106220131445e-01,3.791182277030291092e-01,3.775581798288884516e-01,3.760656441760012458e-01,3.746436587967674758e-01,3.732951922282083390e-01,3.720230426576873750e-01,3.708298938881081086e-01,3.697183028524013704e-01,3.686906574579744134e-01,3.677492390601837524e-01,3.668961524985540623e-01,3.661333622915002306e-01
4.585274267808370219e-01,4.585927202905706879e-01,4.586145141182968454e-01,4.585919035596919269e-01,4.585240997047800859e-01,4.584104371709510350e-01,4.582502822747165361e-01,4.580431514910052737e-01,4.577886563669480435e-01,4.574864942397073309e-01,4.571364897890117795e-01,4.567385826862292997e-01,4.562928106564064223e-01,4.557993478440605095e-01,4.552584648619160124e-01,4.546705554985189246e-01,4.540361517323121543e-01,4.533559027427450649e-01,4.526305456190757859e-01,4.518609800919993202e-01,4.510481922262904453e-01,4.501933097175120357e-01,4.492975873928081176e-01,4.483623500482209479e-01,4.473890963725845049e-01,4.463793855135291255e-01,4.453349467192853628e-01,4.442575522392930298e-01,4.431491151457183086e-01,4.420116540880003608e-01,4.408472692257353609e-01,4.396581511424071387e-01,4.384466137758993853e-01,4.372150014163803666e-01,4.359657897879405386e-01,4.347014940603435851e-01,4.334247273662177879e-01,4.321381256163722706e-01,4.308444343998572013e-01,4.295464186998003142e-01,4.282468964372075915e-01,4.269487164917620259e-01,4.256547771618919285e-01,4.243679912583541158e-01,4.230912958995047268e-01,4.218276344651907817e-01,4.205799831784125531e-01,4.193512683551497977e-01,4.181444433200175448e-01,4.169624498367977550e-01,4.158081764690924609e-01,4.146844938097474786e-01,4.135942664452066930e-01,4.125402820726181696e-01,4.115252590296896162e-01,4.105519136965772864e-01,4.096228493307084162e-01,4.087406311515217050e-01,4.079077156483815747e-01,4.071264931700562251e-01,4.063992711375643552e-01,4.057282266421229355e-01,4.051154703723806039e-01,4.045629853711422141e-01,4.040726523336017340e-01,4.036462229948117875e-01,4.032853269008615515e-01,4.029914758150709986e-01,4.027660187881154652e-01,4.026102311974686376e-01,4.025251641494835830e-01,4.025117974711047708e-01,4.025709220408753009e-01,4.027032021709725518e-01,4.029091415362983652e-01,4.031890901852463460e-01,4.035432466571137189e-01,4.039716504973190903e-01,4.044742013478635489e-01,4.050505996024193478e-01,4.057004478985748452e-01,4.064231447983259193e-01,4.072179557824594509e-01,4.080839881302291694e-01,4.090201992073868031e-01,4.100253845820727161e-01,4.110982007868840271e-01,4.122371751395131345e-01,4.134406431166283147e-01,4.147068634755896599e-01,4.160339215501671628e-01,4.174197740826923742e-01,4.188622632324597306e-01,4.203591128548149203e-01,4.219079199652677192e-01,4.235061713166041186e-01,4.251512525368357776e-01,4.268404540185957718e-01,4.285709579197581331e-01,4.303399002789652927e-01,4.321442985431294681e-01,4.339810991965937781e-01,4.358472142084307555e-01,4.377394813102929993e-01,4.396546720789362706e-01,4.415895607749827367e-01,4.435408361646550057e-01,4.455051929839729530e-01,4.474793122154218650e-01,4.494598248582175604e-01,4.514434223434447557e-01,4.534267527339702064e-01,4.554065027223639373e-01,4.573793715833035511e-01,4.593420883097134588e-01,4.612914254935804315e-01,4.632242131706779120e-01,4.651373276613449681e-01,4.670276946747620173e-01,4.688923294429451771e-01,4.707283065258556776e-01,4.725328170429257124e-01,4.743031114192069464e-01,4.760365469921619130e-01,4.777305942717948728e-01,4.793828296376716480e-01,4.809909486403987078e-01,4.825527639337889307e-01,4.840662355747261114e-01,4.855294387872695072e-01,4.869405944827835397e-01,4.882980586125290623e-01,4.896003501798019686e-01,4.908461201324928469e-01,4.920341864809071875e-01,4.931635100270941319e-01,4.942332516426089506e-01,4.952426661129043506e-01,4.961912307485898954e-01,4.970785618353820712e-01,4.979044467489051606e-01,4.986688336703197222e-01,4.993718452692885723e-01,5.000137492126472960e-01,5.005949936386181465e-01,5.011161945510050897e-01,5.015781270613208775e-01,5.019817087875759754e-01,5.023280386853736790e-01,5.026183361107561254e-01,5.028540135994206128e-01,5.030365845781872292e-01,5.031677508303376012e-01,5.032493070948518277e-01,5.032832242567697456e-01,5.032715556804943091e-01,5.032165128949001032e-01,5.031204035398693097e-01,5.029856366758553854e-01,5.028147658255192054e-01,5.026104052771716013e-01,5.023752539113036653e-01,5.021121043403441453e-01,5.018238500600520346e-01,5.015133838822172230e-01,5.011837142268372736e-01,5.008378981247829653e-01,5.004789867051651076e-01,5.001101166451685787e-01,4.997344279973242598e-01,4.993550574428230471e-01,4.989751791135112469e-01,4.985979708706427815e-01,4.982265627482886372e-01,4.978640889236641831e-01,4.975136612742017683e-01,4.971783319980562776e-01,4.968611412293656437e-01,4.965650514014856576e-01,4.962929729044349703e-01,4.960477269930185229e-01,4.958320815621881650e-01,4.956487074187469477e-01,4.955001801328536848e-01,4.953889691239614090e-01,4.953174382407758980e-01,4.952878403173482935e-01,4.953023159104292805e-01,4.953628352783694400e-01,4.954712744683654191e-01,4.956293434785354335e-01,4.958386189724751647e-01,4.961005413840335887e-01,4.964163386420345492e-01,4.967871409000002569e-01,4.972138604296922892e-01,4.976972947269424630e-01,4.982380226231865050e-01,4.988364704963949015e-01,4.994928913040819207e-01,5.002073311833912239e-01,5.009797099244580609e-01,5.018097033606302437e-01,5.026968446745510022e-01,5.036404857790464096e-01,5.046397886167490743e-01,5.056937326639757702e-01,5.068011113403572132e-01,5.079605715213351136e-01,5.091705437085449759e-01,5.104293371819110803e-01,5.117350429814537804e-01,5.130855969324394916e-01,5.144788075049470111e-01,5.159122841442035368e-01,5.173835330130470700e-01,5.188898514574430409e-01,5.204284490654399464e-01,5.219963674918500773e-01,5.235905455259315389e-01,5.252077775559438333e-01,5.268447401160907262e-01,5.284980461556965103e-01,5.301641496138773668e-01,5.318394344378054583e-01,5.335202397240716987e-01,5.352027662448169965e-01,5.368831659952895130e-01,5.385575685501883259e-01,5.402220136148734309e-01,5.418725076929465923e-01,5.435050593093480042e-01,5.451156043491972580e-01,5.467000904095165037e-01,5.482544777620133036e-01,5.497747079496986267e-01,5.512567704234838661e-01,5.526966097499427244e-01,5.540903085277590900e-01,5.554339078899390714e-01,5.567235407629914645e-01,5.579553989958704330e-01,5.591257602319421594e-01,5.602309393160362916e-01,5.612673745809331205e-01,5.622316188345938270e-01,5.631203048216248952e-01,5.639301771871984004e-01,5.646581104279917440e-01,5.653011106372254346e-01,5.658563273427987816e-01,5.663210682497544779e-01,5.666927666064358604e-01,5.669690001272718050e-01,5.671475569866119004e-01,5.672263644398269911e-01,5.672035347795789662e-01,5.670773525895259626e-01,5.668462980060585688e-01,5.665090286609500980e-01,5.660643958047907320e-01,5.655114539883966396e-01,5.648494430691791690e-01,5.640778137931944380e-01,5.631962238515053620e-01,5.622045171819842757e-01,5.611027560973033124e-01,5.598911912872295282e-01,5.585702909455265708e-01,5.571407402353574234e-01,5.556034073492709391e-01,5.539593525599788570e-01,5.522098628672422738e-01,5.503564198181678524e-01,5.484006634411013881e-01,5.463444800938570545e-01,5.441899034819851488e-01,5.419391545982822356e-01,5.395946548617334138e-01,5.371589923292825475e-01,5.346349003614863094e-01,5.320253161731240965e-01,5.293332933009680108e-01,5.265620705574023397e-01,5.237150079101072775e-01,5.207956166247276197e-01,5.178075266290653733e-01,5.147544964906736187e-01,5.116403986248445612e-01,5.084692086773084929e-01,5.052450120796759814e-01,5.019719695382418578e-01,4.986543442060641929e-01,4.952964179231690856e-01,4.919026091619324026e-01,4.884773471029861258e-01,4.850251039992080626e-01,4.815504001624216213e-01,4.780577812460855003e-01,4.745518200738561565e-01,4.710370627017641532e-01,4.675180919529792201e-01,4.639994562100750453e-01,4.604857109978406915e-01,4.569813404846507776e-01,4.534908329086448364e-01,4.500185865012257258e-01,4.465689934334340361e-01,4.431463451346422944e-01,4.397548742576328218e-01,4.363987297860701386e-01,4.330819648663492560e-01,4.298085517304860992e-01,4.265823541614445213e-01,4.234071301243899077e-01,4.202864809360025156e-01,4.172239457533750140e-01,4.142228971619194011e-01,4.112865568370011604e-01,4.084180432058975851e-01,4.056202928620850079e-01,4.028961267437145000e-01,4.002481862259047452e-01,3.976789384645955661e-01,3.951907113088513612e-01,3.927856752189716749e-01,3.904657964273570148e-01,3.882328913857160946e-01,3.860885944295046612e-01,3.840343719212925278e-01,3.820715038350219750e-01,3.802011019819840909e-01,3.784240952462588070e-01,3.767412381195573978e-01,3.751531017798619416e-01,3.736600886683147382e-01,3.722624131827175220e-01,3.709601299438028965e-01,3.697531296382485788e-01,3.686411110449631656e-01,3.676236307093742606e-01,3.667000648814323083e-01,3.658696229626251517e-01,3.651314190853505171e-01,3.644843247640794370e-01,3.639271534177725975e-01,3.634585227709878352e-01,3.630769203527784428e-01,3.627807275795570385e-01,3.625681952074499281e-01,3.624374289158087126e-01,3.623864552369884806e-01,3.624131871205685806e-01,3.625154186702961301e-01,3.626908671816475582e-01,3.629371765201244160e-01,3.632518835144730729e-01,3.636324811527731349e-01,3.640763715972539782e-01,3.645809181107093067e-01,3.651434246047856602e-01,3.657611712034663509e-01,3.664313754162269454e-01,3.671512589976005381e-01,3.679179829935753099e-01,3.687287303891101931e-01,3.695806747237588841e-01,3.704709724495339196e-01,3.713967800087191184e-01,3.723553273357588234e-01,3.733438051211676600e-01,3.743594445615728850e-01,3.753995271863284078e-01,3.764613831022107782e-01,3.775423664547670199e-01,3.786398912322079258e-01,3.797514410981845945e-01,3.808745435126048573e-01,3.820068159585760514e-01,3.831459587462633376e-01,3.842897027510980279e-01,3.854359053341012697e-01,3.865825070281983522e-01,3.877275064533015625e-01,3.888690470243243436e-01,3.900053156115647068e-01,3.911346228537645464e-01,3.922553891520007552e-01,3.933661274306534672e-01,3.944654500971786493e-01,3.955520898312309686e-01,3.966248759399604862e-01,3.976827564995470410e-01,3.987247564905774255e-01,3.997500550475636127e-01,4.007579143648423714e-01,4.017476872624488049e-01,4.027188785908619173e-01,4.036710449806776291e-01,4.046038733028908263e-01,4.055171609423959267e-01,4.064107738177225038e-01,4.072846985380026985e-01,4.081390071263322761e-01,4.089738572352888957e-01,4.097894958744003890e-01,4.105862455455205340e-01,4.113645337044118944e-01,4.121248263727754768e-01,4.128676905934349772e-01,4.135937412840406946e-01,4.143036438843483715e-01,4.149981638764360659e-01,4.156780830557785800e-01,4.163442366923534865e-01,4.169975018728089844e-01,4.176387854189975157e-01,4.182690495084820381e-01,4.188892529505137685e-01,4.195003925328917860e-01,4.201034732347126988e-01,4.206995255740889617e-01,4.212895539025396374e-01,4.218745847996360765e-01,4.224556327480990525e-01,4.230336886760409087e-01,4.236097465321971844e-01
6.031197421871928865e-01,6.064539853282013837e-01,6.098475697828628084e-01,6.132927921208376487e-01,6.167819059687663641e-01,6.203071698709488047e-01,6.238608239365891484e-01,6.274351237188864339e-01,6.310223517253397141e-01,6.346148608006000336e-01,6.382050168482921171e-01,6.417853105948725378e-01,6.453482637838363623e-01,6.488865517769190072e-01,6.523929222218325386e-01,6.558603093432424647e-01,6.592817457647164314e-01,6.626504378061676137e-01,6.659597590481921570e-01,6.692032453986156426e-01,6.723746792647431469e-01,6.754679875951309365e-01,6.784773539110137142e-01,6.813971732479987553e-01,6.842220612550573566e-01,6.869469293979300062e-01,6.895668805996939543e-01,6.920773308535543844e-01,6.944739169583442617e-01,6.967525965201245564e-01,6.989095995821383855e-01,7.009414226615879873e-01,7.028448857965049479e-01,7.046170779226241798e-01,7.062554058522283462e-01,7.077575720257095471e-01,7.091216050703994522e-01,7.103458406401110814e-01,7.114288642153296927e-01,7.123696736562304954e-01,7.131674950245842082e-01,7.138218818694906931e-01,7.143327107562630340e-01,7.147001705986327780e-01,7.149247287866529188e-01,7.150071398410691170e-01,7.149484867217763551e-01,7.147501264292582812e-01,7.144137076708421130e-01,7.139411367825135857e-01,7.133346131951995295e-01,7.125965951277657418e-01,7.117297758349862002e-01,7.107371517247200732e-01,7.096219127395658743e-01,7.083874964505560978e-01,7.070375694917487852e-01,7.055759646489204728e-01,7.040068094055987880e-01,7.023343443795887486e-01,7.005630452081240689e-01,6.986974881230707535e-01,6.967424629399525671e-01,6.947029143186143063e-01,6.925838733639883005e-01,6.903905358777868706e-01,6.881282225876037550e-01,6.858023008754057237e-01,6.834182338269324530e-01,6.809815910292345009e-01,6.784979636496644151e-01,6.759730395572308703e-01,6.734125107851214320e-01,6.708220645981302077e-01,6.682074591003587249e-01,6.655743889945496816e-01,6.629285789248895444e-01,6.602757137350210304e-01,6.576214276773216794e-01,6.549713131133033661e-01,6.523308863410661740e-01,6.497056343342503260e-01,6.471008821968794456e-01,6.445219101982085919e-01,6.419739098727795801e-01,6.394618778952664284e-01,6.369907836273221990e-01,6.345653784598117575e-01,6.321903157481887359e-01,6.298700486756405592e-01,6.276089167285762160e-01,6.254110741477392210e-01,6.232804795846915713e-01,6.212209233588147361e-01,6.192359702237372199e-01,6.173290554941343045e-01,6.155033453025913204e-01,6.137618437138133709e-01,6.121073063108398715e-01,6.105422967957094826e-01,6.090691513907477983e-01,6.076899667824671170e-01,6.064066545331230351e-01,6.052208730434809336e-01,6.041340359781828262e-01,6.031473708384124111e-01,6.022618247758676491e-01,6.014781748213851031e-01,6.007969145420192225e-01,6.002183349927880940e-01,5.997425102285571796e-01,5.993692866634181549e-01,5.990982513172929957e-01,5.989288159868911832e-01,5.988602031909122658e-01,5.988913584826102143e-01,5.990210812600733625e-01,5.992479008632269899e-01,5.995702284111373848e-01,5.999862215936878629e-01,6.004939116431564639e-01,6.010911002273371384e-01,6.017754366609741057e-01,6.025444281734866347e-01,6.033953797682038989e-01,6.043255008695902486e-01,6.053318066380196649e-01,6.064112036334822209e-01,6.075604786303668847e-01,6.087762859575007734e-01,6.100551687378750199e-01,6.113935843138212922e-01,6.127878736588578956e-01,6.142343260036982056e-01,6.157291306133325648e-01,6.172684218721079530e-01,6.188482774415482446e-01,6.204646996536768988e-01,6.221137057135089909e-01,6.237912190829768555e-01,6.254931955296815227e-01,6.272155502815016659e-01,6.289541880645853622e-01,6.307050339877362521e-01,6.324640236795111559e-01,6.342271068649203425e-01,6.359902514667720164e-01,6.377494915367989403e-01,6.395008587203596662e-01,6.412404830910120035e-01,6.429645352450558127e-01,6.446692325699535653e-01,6.463508909664440472e-01,6.480058813959078678e-01,6.496306987402562516e-01,6.512218745697658795e-01,6.527760755868105003e-01,6.542900317007556144e-01,6.557606545579875990e-01,6.571848606223644751e-01,6.585597653593230350e-01,6.598825873320257607e-01,6.611506242827113189e-01,6.623613300322719333e-01,6.635122901432843889e-01,6.646012522520203802e-01,6.656260215597206154e-01,6.665845912909699189e-01,6.674750873686786656e-01,6.682957720098738896e-01,6.690450374767609176e-01,6.697214057294362810e-01,6.703235835159943035e-01,6.708503861792024514e-01,6.713007563272688216e-01,6.716738053584819790e-01,6.719687705291935709e-01,6.721850298126754719e-01,6.723221114955403310e-01,6.723796247387623382e-01,6.723573806443745582e-01,6.722552997388016038e-01,6.720733910801075517e-01,6.718118759415849794e-01,6.714709656271372618e-01,6.710511390367932538e-01,6.705529041137916479e-01,6.699769160623560982e-01,6.693238877243462559e-01,6.685947297016681112e-01,6.677903741412792860e-01,6.669119139022519072e-01,6.659604955542465232e-01,6.649373637984572483e-01,6.638438817728627983e-01,6.626814645521235114e-01,6.614516311714586649e-01,6.601559490699651089e-01,6.587960902540612729e-01,6.573737643367462136e-01,6.558907637070612306e-01,6.543489512042810485e-01,6.527502207921748179e-01,6.510965332630831437e-01,6.493899115904304686e-01,6.476323793855073285e-01,6.458260435338131211e-01,6.439730439437783005e-01,6.420755255573069586e-01,6.401356997227398704e-01,6.381557845431552467e-01,6.361380262664210195e-01,6.340846804586806051e-01,6.319980800868739701e-01,6.298804661269877814e-01,6.277342133312280303e-01,6.255615911006077168e-01,6.233649946943299325e-01,6.211467184595429458e-01,6.189091270105074871e-01,6.166545554923771322e-01,6.143853864990963531e-01,6.121039429289887313e-01,6.098125645661076621e-01,6.075136010778579010e-01,6.052093959288885605e-01,6.029022710012661435e-01,6.005945658540607912e-01,5.982885812858281804e-01,5.959866478087207931e-01,5.936910483373318836e-01,5.914041006342655171e-01,5.891280589659112499e-01,5.868652300369477937e-01,5.846178695380408463e-01,5.823882629745982253e-01,5.801786068523075990e-01,5.779911813288243216e-01,5.758282266776285629e-01,5.736919492084173733e-01,5.715845733386428762e-01,5.695083072352546960e-01,5.674653771717751427e-01,5.654579848245524509e-01,5.634882837878807393e-01,5.615584774784798672e-01,5.596707785864754037e-01,5.578273305727095011e-01,5.560303086399190908e-01,5.542818943855866154e-01,5.525842551913831002e-01,5.509395406129482531e-01,5.493499009379595455e-01,5.478175041410642265e-01,5.463444887802673122e-01,5.449329986021013150e-01,5.435851597889957976e-01,5.423031289495194862e-01,5.410890132040337974e-01,5.399449430650514747e-01,5.388730202685921844e-01,5.378753535390612406e-01,5.369540333897233619e-01,5.361111293043517856e-01,5.353487274534223239e-01,5.346688712043632385e-01,5.340735837826843246e-01,5.335649168156804123e-01,5.331448162962344473e-01,5.328152922798155000e-01,5.325782876350402262e-01,5.324357179645562432e-01,5.323894592538394033e-01,5.324413606530710164e-01,5.325932530791599451e-01,5.328469051219697494e-01,5.332040486498750287e-01,5.336663564139234595e-01,5.342354526667927317e-01,5.349129188874987006e-01,5.357002799026641116e-01,5.365989408954846551e-01,5.376103425740860198e-01,5.387357622311428340e-01,5.399764405872977679e-01,5.413335059363160173e-01,5.428080463984104043e-01,5.444010201800656423e-01,5.461133161430395955e-01,5.479456898992612901e-01,5.498988733173917343e-01,5.519733644296455077e-01,5.541696487342583355e-01,5.564880561945186876e-01,5.589288004270889232e-01,5.614919349107935220e-01,5.641774510808773568e-01,5.669851440631273887e-01,5.699146826313734593e-01,5.729656187902548714e-01,5.761373067702106887e-01,5.794289979465965246e-01,5.828397487526421061e-01,5.863685067979279575e-01,5.900139977921704526e-01,5.937748029786198423e-01,5.976493605733366188e-01,6.016359250954788074e-01,6.057325612768356127e-01,6.099371657119657675e-01,6.142474908636286202e-01,6.186610652405425403e-01,6.231752604394839024e-01,6.277872835708272481e-01,6.324941378436216288e-01,6.372926394520556093e-01,6.421794697772094107e-01,6.471510845458581240e-01,6.522037628745259719e-01,6.573336651819579046e-01,6.625367244115301091e-01,6.678086912572893663e-01,6.731452111944511429e-01,6.785416758075325516e-01,6.839933892728577991e-01,6.894954606877132797e-01,6.950428302481583831e-01,7.006303652278027538e-01,7.062526638119570599e-01,7.119042829477518763e-01,7.175796181496122417e-01,7.232729085757186871e-01,7.289783139172163473e-01,7.346898638534546944e-01,7.404014571056031224e-01,7.461069353627286516e-01,7.518000019800931133e-01,7.574743370162257960e-01,7.631234881266061310e-01,7.687409617866850509e-01,7.743202268894310292e-01,7.798546460300684879e-01,7.853376449920608238e-01,7.907625302889133012e-01,7.961226020738771947e-01,8.014112353799602850e-01,8.066217152934734846e-01,8.117474022285081636e-01,8.167816501229961945e-01,8.217178836956280374e-01,8.265495445485290249e-01,8.312701621244715788e-01,8.358733351824872981e-01,8.403526962920301324e-01,8.447020783812699829e-01,8.489153151464553515e-01,8.529864129719618715e-01,8.569095289828829731e-01,8.606788900775319551e-01,8.642889484464959526e-01,8.677342966512350264e-01,8.710096753386078472e-01,8.741100289766433606e-01,8.770305273001639534e-01,8.797665364596616300e-01,8.823135641874315649e-01,8.846674733355683884e-01,8.868242583047666328e-01,8.887802027579465580e-01,8.905318514707792898e-01,8.920759990960926977e-01,8.934096954847775551e-01,8.945303100932895379e-01,8.954354452225640193e-01,8.961230569953384517e-01,8.965913281411630464e-01,8.968388304346924800e-01,8.968643621546041889e-01,8.966671126746547094e-01,8.962465078824937148e-01,8.956023725863185847e-01,8.947348154958867372e-01,8.936442839723919285e-01,8.923315533097709862e-01,8.907977181837725134e-01,8.890442292938274260e-01,8.870728555335021248e-01,8.848857135375446381e-01,8.824851956772198358e-01,8.798740881801516700e-01,8.770554823304220760e-01,8.740327605255021615e-01,8.708096811697819684e-01,8.673902512063191850e-01,8.637788461561716202e-01,8.599801299222363804e-01,8.559990204572023309e-01,8.518407905030668248e-01,8.475109378539368299e-01,8.430152809518228763e-01,8.383599241838608496e-01,8.335511214355548759e-01,8.285955165904144160e-01,8.234998734513001573e-01,8.182712777692211503e-01,8.129169464783655430e-01,8.074443549557941413e-01,8.018611708399224769e-01,7.961752203174670139e-01,7.903944931489840231e-01,7.845271580351298457e-01,7.785814965716966185e-01,7.725659319436317674e-01,7.664889982026609205e-01,7.603593482790929059e-01,7.541856482444795340e-01,7.479767232734854110e-01,7.417413571060711419e-01,7.354884773423089328e-01,7.292269358326001205e-01,7.229656264019217460e-01,7.167134532128894842e-01,7.104792581774508342e-01,7.042718821250982808e-01,6.981000746087855369e-01,6.919725183491575171e-01,6.858978375742651457e-01
5.046060821859693624e-02,5.047109506464783624e-02,5.049136139509265153e-02,5.052133847112633830e-02,5.056095370348615003e-02,5.061013946904343447e-02,5.066883513508615988e-02,5.073698118356058384e-02,5.081452139418834307e-02,5.090140751675715364e-02,5.099759293414175138e-02,5.110303250821541382e-02,5.121768774014211906e-02,5.134152387675433582e-02,5.147450628473580064e-02,5.161660850238016657e-02,5.176780057237092419e-02,5.192805803236635875e-02,5.209735936870414641e-02,5.227568150801664010e-02,5.246299903030234024e-02,5.265929743887576980e-02,5.286455290568220500e-02,5.307874027670510947e-02,5.330183648618756070e-02,5.353381552519210357e-02,5.377464515528453809e-02,5.402429362249380751e-02,5.428272246862636541e-02,5.454988665373568246e-02,5.482573697306037525e-02,5.511021732723851013e-02,5.540326272457526957e-02,5.570479992144132531e-02,5.601474582268479996e-02,5.633301097375675165e-02,5.665949100362909635e-02,5.699407127697207059e-02,5.733662565445536707e-02,5.768701295849311406e-02,5.804508147474610191e-02,5.841066217354373008e-02,5.878357171394132247e-02,5.916361161928103407e-02,5.955056501027921473e-02,5.994420320794078411e-02,6.034427466848207855e-02,6.075051184772246871e-02,6.116262986474101104e-02,6.158032458746703214e-02,6.200327251770054032e-02,6.243113200519347789e-02,6.286354143602355948e-02,6.330011670390370271e-02,6.374045823483495687e-02,6.418414580423156823e-02,6.463073539742877904e-02,6.507977061697015064e-02,6.553076786301988144e-02,6.598322811447117353e-02,6.643663378409954412e-02,6.689044975083774380e-02,6.734411620045874236e-02,6.779706141351461712e-02,6.824869588973979384e-02,6.869841177296021062e-02,6.914558572081634658e-02,6.958957808085280972e-02,7.002973925767673469e-02,7.046539953098709952e-02,7.089588071507395284e-02,7.132049576491081289e-02,7.173853781372244165e-02,7.214930113410568391e-02,7.255206480788252421e-02,7.294610393641134949e-02,7.333068558115993230e-02,7.370507745785376263e-02,7.406853891458776984e-02,7.442033033297619504e-02,7.475970977075990787e-02,7.508593919633833880e-02,7.539828181701299648e-02,7.569600981490799685e-02,7.597839313451554277e-02,7.624471441544690420e-02,7.649426518329391356e-02,7.672634902377506450e-02,7.694027957004835605e-02,7.713538618369486510e-02,7.731101299096676538e-02,7.746651938070675536e-02,7.760128849820668862e-02,7.771472547983654389e-02,7.780625409069191756e-02,7.787531612916234747e-02,7.792139162833416899e-02,7.794397526331606207e-02,7.794260304540774620e-02,7.791682924284953904e-02,7.786624525254735862e-02,7.779047164921998325e-02,7.768916980647774806e-02,7.756203052102610129e-02,7.740878223658219370e-02,7.722919095391884980e-02,7.702306377159262585e-02,7.679024381156290824e-02,7.653061713548796330e-02,7.624411069221881387e-02,7.593069230847443452e-02,7.559037664022411063e-02,7.522321996204900385e-02,7.482931898374038659e-02,7.440881975056391762e-02,7.396191153960877951e-02,7.348882782886466403e-02,7.298984925544675650e-02,7.246529861497037761e-02,7.191554553364266911e-02,7.134100636592072275e-02,7.074213959452164968e-02,7.011944875283390721e-02,6.947348053497579001e-02,6.880482820366633223e-02,6.811412488901907869e-02,6.740204691820278482e-02,6.666930958957525966e-02,6.591667119882327341e-02,6.514492750070127736e-02,6.435491149124615562e-02,6.354749499147704928e-02,6.272358374088642108e-02,6.188411749287300173e-02,6.103006751420512327e-02,6.016243935976819251e-02,5.928226094034665106e-02,5.839059362737277631e-02,5.748852443263838957e-02,5.657715993349663602e-02,5.565762981934940790e-02,5.473108534207204307e-02,5.379869349407069568e-02,5.286163403876946443e-02,5.192110760885555037e-02,5.097831796656976389e-02,5.003447881915883827e-02,4.909081559016069407e-02,4.814855082421193311e-02,4.720891332278979308e-02,4.627312813435879163e-02,4.534242100411738086e-02,4.441800667558730431e-02,4.350109782618563625e-02,4.259289095975920397e-02,4.169457243906693478e-02,4.080731662848664093e-02,3.993227285971642088e-02,3.907057660774392732e-02,3.822333934560492863e-02,3.739164775535302326e-02,3.657656118892783220e-02,3.577911127557358711e-02,3.500029749253578959e-02,3.424108590005602720e-02,3.350240962141356332e-02,3.278515961015601027e-02,3.209019462930455535e-02,3.141832837686760194e-02,3.077033131862965190e-02,3.014693146210714950e-02,2.954881035816382326e-02,2.897660322120157450e-02,2.843089425910664061e-02,2.791222278555817449e-02,2.742107247677356627e-02,2.695787579090900762e-02,2.652301365143912987e-02,2.611681237609611919e-02,2.573954435516194461e-02,2.539142557004938142e-02,2.507261909480502926e-02,2.478322986146984722e-02,2.452330820486607957e-02,2.429284630720927873e-02,2.409178311918845627e-02,2.391999745321515825e-02,2.377731792953891726e-02,2.366351228862813988e-02,2.357829785829627239e-02,2.352133496468267540e-02,2.349223209098794465e-02,2.349054522834547257e-02,2.351577686578725998e-02,2.356738141883703980e-02,2.364476361186537007e-02,2.374728099344711185e-02,2.387423946397470784e-02,2.402491061065232386e-02,2.419851324146659113e-02,2.439422821502669828e-02,2.461119811014481421e-02,2.484852717055167221e-02,2.510528278407988048e-02,2.538050128094037142e-02,2.567318488132959431e-02,2.598230785186458891e-02,2.630682026370460835e-02,2.664564493148831315e-02,2.699768430231465344e-02,2.736182068647150661e-02,2.773692092484408150e-02,2.812183595477347683e-02,2.851540635115885208e-02,2.891646416875047823e-02,2.932383346626692838e-02,2.973633721260190987e-02,3.015279518819332510e-02,3.057203017549049717e-02,3.099286828844403929e-02,3.141414601152103109e-02,3.183470643375434922e-02,3.225340463449208328e-02,3.266911556551727047e-02,3.308072723266607812e-02,3.348714692893559053e-02,3.388731049257438788e-02,3.428017393328575829e-02,3.466472425546063968e-02,3.503997343872899267e-02,3.540497154951549597e-02,3.575879676160045179e-02,3.610057030222689478e-02,3.642944657114447621e-02,3.674462242970531062e-02,3.704533583279168846e-02,3.733087212162063823e-02,3.760055570733081970e-02,3.785376399056941676e-02,3.808991903497621623e-02,3.830849768167499114e-02,3.850901928658679446e-02,3.869106373608855592e-02,3.885425662735873809e-02,3.899828461785639216e-02,3.912288393585281604e-02,3.922784555043747762e-02,3.931301916572663147e-02,3.937830663974985212e-02,3.942366722741504764e-02,3.944912036905891956e-02,3.945473261914179963e-02,3.944063373890088764e-02,3.940700562042007138e-02,3.935408795900382367e-02,3.928216853676375769e-02,3.919159487143341475e-02,3.908276628364704824e-02,3.895612970773033867e-02,3.881218729957022773e-02,3.865148760579407289e-02,3.847463059287549447e-02,3.828225645827556395e-02,3.807506184282818257e-02,3.785377519364364202e-02,3.761917254249112774e-02,3.737206947171060195e-02,3.711331717806433395e-02,3.684380603952261413e-02,3.656445676747968609e-02,3.627622469296911539e-02,3.598009278150778034e-02,3.567707087917153935e-02,3.536819603217251917e-02,3.505452371899942660e-02,3.473713081629397487e-02,3.441710975699454472e-02,3.409557085079136657e-02,3.377363608569518283e-02,3.345243088765702949e-02,3.313309624591997266e-02,3.281676931051129287e-02,3.250459130031860266e-02,3.219770367486554652e-02,3.189724133890306512e-02,3.160433471385054593e-02,3.132010180603418681e-02,3.104565256422686659e-02,3.078207817754279388e-02,3.053045491466253522e-02,3.029183837597022172e-02,3.006726319134750761e-02,2.985773656525409631e-02,2.966424406499792998e-02,2.948773639259080412e-02,2.932913321040888505e-02,2.918932518511317339e-02,2.906916367279716723e-02,2.896946242822194192e-02,2.889099423058962349e-02,2.883449570069667595e-02,2.880065085536733308e-02,2.879011056527245455e-02,2.880347103021691293e-02,2.884128317695353744e-02,2.890404834742854936e-02,2.899222021977370875e-02,2.910619621290990236e-02,2.924632790908774857e-02,2.941290875956396877e-02,2.960618063450392093e-02,2.982633016153647676e-02,3.007349040668553380e-02,3.034773688435558198e-02,3.064909404619383521e-02,3.097752697500572722e-02,3.133294608123318031e-02,3.171520817324043756e-02,3.212411575718116669e-02,3.255941017219928652e-02,3.302078827772744751e-02,3.350788911415365084e-02,3.402029528699956201e-02,3.455754350122387103e-02,3.511911828410713143e-02,3.570445298729513217e-02,3.631293428373535276e-02,3.694389938098541909e-02,3.759664218756424148e-02,3.827041089396641255e-02,3.896441469259218082e-02,3.967781446278851459e-02,4.040973900541251773e-02,4.115927815198310025e-02,4.192548511472461020e-02,4.270737799283428476e-02,4.350394839407940167e-02,4.431415494887640250e-02,4.513693281615553665e-02,4.597118867511676421e-02,4.681580948708240902e-02,4.766966053067015624e-02,4.853159455821112050e-02,4.940043675464716316e-02,5.027501528100234568e-02,5.115413331714448175e-02,5.203659711116323527e-02,5.292120013502740750e-02,5.380673584682770655e-02,5.469199682681993857e-02,5.557577721442164692e-02,5.645687416931181868e-02,5.733409191540277811e-02,5.820624516219320005e-02,5.907215882953032599e-02,5.993066640490652547e-02,6.078062722792759026e-02,6.162091030088696214e-02,6.245040734189086229e-02,6.326803241179380921e-02,6.407272292613097608e-02,6.486344422748080429e-02,6.563918957836673007e-02,6.639897623583718156e-02,6.714186092713717025e-02,6.786693165113297233e-02,6.857330703836216068e-02,6.926014585348308494e-02,6.992664586692544371e-02,7.057203822510713098e-02,7.119559864878462208e-02,7.179664468233816488e-02,7.237453304618961247e-02,7.292866481590724870e-02,7.345848665964758994e-02,7.396348742701491785e-02,7.444320075364613265e-02,7.489721415297251328e-02,7.532515117452867615e-02,7.572668358585463166e-02,7.610153619600990016e-02,7.644947178836003499e-02,7.677030944018638225e-02,7.706390777554837646e-02,7.733017443637088539e-02,7.756905966327326540e-02,7.778056668098624893e-02,7.796473828524198846e-02,7.812166091800662460e-02,7.825146802033650095e-02,7.835433899578447825e-02,7.843048519290085618e-02,7.848017168818223477e-02,7.850368955058689702e-02,7.850138521330253527e-02,7.847363238202223479e-02,7.842084108649302610e-02,7.834346237172472305e-02,7.824197735627183570e-02,7.811690217077130183e-02,7.796878269397192196e-02,7.779819242090986464e-02,7.760573888595784231e-02,7.739204659817784659e-02,7.715777621324056146e-02,7.690360234480976553e-02,7.663022353425640032e-02,7.633836222923304216e-02,7.602875020517999016e-02,7.570214957479814988e-02,7.535931755975951163e-02,7.500104211279469413e-02,7.462811140233646667e-02,7.424132646245570899e-02,7.384149309172440001e-02,7.342943039398132365e-02,7.300595428924365471e-02,7.257188254670382532e-02,7.212803658376323868e-02,7.167524086637167002e-02,7.121430680788420897e-02,7.074605103202699641e-02,7.027128404906532455e-02,6.979080167069354190e-02,6.930539857665070358e-02,6.881585777397666859e-02,6.832295153624423634e-02
6.836725898905231524e-01,6.862589220708915638e-01,6.887640456580984560e-01,6.911853406211904138e-01,6.935203000369298820e-01,6.957665870182353496e-01,6.979219160971941172e-01,6.999841865804806718e-01,7.019514166745812744e-01,7.038217720566680713e-01,7.055935424067746320e-01,7.072651670078140551e-01,7.088351964955577067e-01,7.103023769452534442e-01,7.116655715646679203e-01,7.129237821905829442e-01,7.140761754488157420e-01,7.151220285309848324e-01,7.160608343127523590e-01,7.168921630761286856e-01,7.176157947403253301e-01,7.182316246358010359e-01,7.187396982084274244e-01,7.191402283469845447e-01,7.194335643301937866e-01,7.196202053337850124e-01,7.197007963355582794e-01,7.196761552481680813e-01,7.195471958587664751e-01,7.193150212362147133e-01,7.189808501633327964e-01,7.185460711221287600e-01,7.180121895526199172e-01,7.173808413687392527e-01,7.166538277787813938e-01,7.158330471469304124e-01,7.149205596594570000e-01,7.139185229899538410e-01,7.128292646135310218e-01,7.116551720857040575e-01,7.103987807695610890e-01,7.090627574920056464e-01,7.076498824881934935e-01,7.061629709530400367e-01,7.046050459923667297e-01,7.029791387103042632e-01,7.012884463817460334e-01,6.995362078979725506e-01,6.977257665811325005e-01,6.958605263985582212e-01,6.939440119708960575e-01,6.919797692737875705e-01,6.899714481914897002e-01,6.879227435564148063e-01,6.858373907897743482e-01,6.837191989108479806e-01,6.815720376786942314e-01,6.793997495028595290e-01,6.772062930431254069e-01,6.749955912143670300e-01,6.727716240141274895e-01,6.705383808766240961e-01,6.682998492186810191e-01,6.660600515134226240e-01,6.638229662829112643e-01,6.615926036239530017e-01,6.593729175818374699e-01,6.571679066199109798e-01,6.549814910707406623e-01,6.528175855032229968e-01,6.506800398013674602e-01,6.485727035002710750e-01,6.464993486973193981e-01,6.444636870998210476e-01,6.424694125956567081e-01,6.405201022014533896e-01,6.386192842260922653e-01,6.367704152950779406e-01,6.349768652917746614e-01,6.332419016487730312e-01,6.315687354591525970e-01,6.299604469944083407e-01,6.284200217149351619e-01,6.269503198441735980e-01,6.255541468624502555e-01,6.242341235102336627e-01,6.229927846756291299e-01,6.218325506217874388e-01,6.207556598318124674e-01,6.197642851858613522e-01,6.188603992325758529e-01,6.180458912462067911e-01,6.173224449419367765e-01,6.166916614539730279e-01,6.161549494877330835e-01,6.157135609235546703e-01,6.153686327229815900e-01,6.151210937771941500e-01,6.149717508218615070e-01,6.149212478970741413e-01,6.149700295783608883e-01,6.151184343860214288e-01,6.153665825887579821e-01,6.157144712792494978e-01,6.161618963827555362e-01,6.167085107317964443e-01,6.173537981062527935e-01,6.180970866887810500e-01,6.189374990300916535e-01,6.198740411167448228e-01,6.209055448537974531e-01,6.220306597742513155e-01,6.232479107337652868e-01,6.245556202934343659e-01,6.259520005078833549e-01,6.274350934168695382e-01,6.290027722528479526e-01,6.306528050537022478e-01,6.323827669675395891e-01,6.341901487884696875e-01,6.360722607620824531e-01,6.380262968124067458e-01,6.400493244388095748e-01,6.421382830379352979e-01,6.442900062637221259e-01,6.465012196188192339e-01,6.487684929441399628e-01,6.510883547203617505e-01,6.534571926525287733e-01,6.558713392082359261e-01,6.583270024416476573e-01,6.608203492781272725e-01,6.633474324965302760e-01,6.659042614303568586e-01,6.684868177852070215e-01,6.710909694334564746e-01,6.737125631438992679e-01,6.763474269260322247e-01,6.789913137953043076e-01,6.816399863561498629e-01,6.842891921320898296e-01,6.869346272335854486e-01,6.895720295055993709e-01,6.921971005851388359e-01,6.948055937225248169e-01,6.973932398074162986e-01,6.999558362661062461e-01,7.024891731560441999e-01,7.049891034907181941e-01,7.074515251119444237e-01,7.098723984068899817e-01,7.122477277527596851e-01,7.145736037176294575e-01,7.168461642166011893e-01,7.190616643129034147e-01,7.212164538995062824e-01,7.233069227167537862e-01,7.253296083816808126e-01,7.272811752861578771e-01,7.291583520052716816e-01,7.309580035299130252e-01,7.326771564891731980e-01,7.343129431654942252e-01,7.358626279046015517e-01,7.373236139557917124e-01,7.386934816589689756e-01,7.399699469452104550e-01,7.411508737016387904e-01,7.422342908528888339e-01,7.432184086401545375e-01,7.441015979241996092e-01,7.448823839835404526e-01,7.455595046505212320e-01,7.461318359347289819e-01,7.465984546359375473e-01,7.469586255796843988e-01,7.472117893650647158e-01,7.473575877411805513e-01,7.473958105628326631e-01,7.473264740091594138e-01,7.471497710195491582e-01,7.468660801371194147e-01,7.464759748011801088e-01,7.459802136209361390e-01,7.453797415996018527e-01,7.446756905562298412e-01,7.438693560868122612e-01,7.429622968127440608e-01,7.419561414427969792e-01,7.408527811013647657e-01,7.396542193434274548e-01,7.383627082850625634e-01,7.369805990134759011e-01,7.355104463398933756e-01,7.339549561686302681e-01,7.323169819346057041e-01,7.305995636051073605e-01,7.288058356228924728e-01,7.269391409650381997e-01,7.250029006276060839e-01,7.230006759128067007e-01,7.209362013597663266e-01,7.188132833956279999e-01,7.166358694944657826e-01,7.144079867189244704e-01,7.121337844968159692e-01,7.098174890968698136e-01,7.074634346543754448e-01,7.050759990208894656e-01,7.026596634157746823e-01,7.002189633698884252e-01,6.977584696749511428e-01,6.952828288031784876e-01,6.927966990146763315e-01,6.903047865607981892e-01,6.878118400972836888e-01,6.853225928381760923e-01,6.828417531052085598e-01,6.803741092337746155e-01,6.779243909142687041e-01,6.754972914677825901e-01,6.730975201180919854e-01,6.707297236378596539e-01,6.683985155778741083e-01,6.661084389839606601e-01,6.638640032372716826e-01,6.616696522397178537e-01,6.595297072736296951e-01,6.574484836339009597e-01,6.554301064894242357e-01,6.534786878221231499e-01,6.515981849621546029e-01,6.497924866327638993e-01,6.480653114284072869e-01,6.464202681288614416e-01,6.448608308459364835e-01,6.433903433562840890e-01,6.420119989091689350e-01,6.407288435109793623e-01,6.395437473769046699e-01,6.384594121989802806e-01,6.374784041134339274e-01,6.366031132759988331e-01,6.358357020609914922e-01,6.351781882959344205e-01,6.346324035961937726e-01,6.341999963195756873e-01,6.338824089244401438e-01,6.336808755364835566e-01,6.335964628168803126e-01,6.336299973452418355e-01,6.337821461253405619e-01,6.340533292350645223e-01,6.344438184179255202e-01,6.349536145290655131e-01,6.355825384775273257e-01,6.363302149202872959e-01,6.371960407468307830e-01,6.381792225196027957e-01,6.392787443202733177e-01,6.404934322223775345e-01,6.418218405774451796e-01,6.432623526471846764e-01,6.448131796451019859e-01,6.464722918385090722e-01,6.482375203019242749e-01,6.501064502041945525e-01,6.520764997591775858e-01,6.541449422206088160e-01,6.563088214227497108e-01,6.585650099376075817e-01,6.609102638491372028e-01,6.633411314024106886e-01,6.658540054780354156e-01,6.684451611252320014e-01,6.711106627732619234e-01,6.738464946690555513e-01,6.766484929611915611e-01,6.795123672110581214e-01,6.824336811196514141e-01,6.854079057143340759e-01,6.884304106987180205e-01,6.914964831064874806e-01,6.946012646344470465e-01,6.977398756294165283e-01,7.009073174817730401e-01,7.040985575461380375e-01,7.073084561131700587e-01,7.105319049277946108e-01,7.137636417730973681e-01,7.169984996278379041e-01,7.202311668262819655e-01,7.234563791758901186e-01,7.266688640008304167e-01,7.298633324230658914e-01,7.330344895841985897e-01,7.361770862564047668e-01,7.392858873800502995e-01,7.423556895133995859e-01,7.453813212540160160e-01,7.483576860034594214e-01,7.512797339670927999e-01,7.541424673982893845e-01,7.569409804036546507e-01,7.596704164058819542e-01,7.623260827195132983e-01,7.649032980650111169e-01,7.673975324941421094e-01,7.698043714812675686e-01,7.721194816549832307e-01,7.743386967424443768e-01,7.764579395189182831e-01,7.784733236972347648e-01,7.803810639863020260e-01,7.821775291309538414e-01,7.838592663378820546e-01,7.854229686384914810e-01,7.868654786362472286e-01,7.881838534737185542e-01,7.893752868789164490e-01,7.904371567125566544e-01,7.913670249521166378e-01,7.921626846265306110e-01,7.928220541252036790e-01,7.933432410741650953e-01,7.937246270518544256e-01,7.939647213601420672e-01,7.940622603060358831e-01,7.940161791360236254e-01,7.938256210996641471e-01,7.934899172888114638e-01,7.930086190956602277e-01,7.923814687318853078e-01,7.916084427276524060e-01,7.906896988358477207e-01,7.896256185492304125e-01,7.884167427868166156e-01,7.870638892684592713e-01,7.855680110244577241e-01,7.839303229903336057e-01,7.821521527027032183e-01,7.802351068552865199e-01,7.781809540946988957e-01,7.759916401861275403e-01,7.736693229680359218e-01,7.712163200228409066e-01,7.686351408178624389e-01,7.659284819112437415e-01,7.630991909930918693e-01,7.601502987064066019e-01,7.570849861988263596e-01,7.539066037756109173e-01,7.506186421366376482e-01,7.472247493231241044e-01,7.437287176250119147e-01,7.401344628892294608e-01,7.364460546773073935e-01,7.326676760081707318e-01,7.288035832116083190e-01,7.248582191835203359e-01,7.208360771056941951e-01,7.167417922625943794e-01,7.125800442092120601e-01,7.083556448203235378e-01,7.040734306081108951e-01,6.997383702269610595e-01,6.953554393953098600e-01,6.909297109592067443e-01,6.864662982391166457e-01,6.819703287611175169e-01,6.774470240694847600e-01,6.729015813717985628e-01,6.683392207614125002e-01,6.637652086434315812e-01,6.591848141290275187e-01,6.546032508994420462e-01,6.500257985402191352e-01,6.454576950250490164e-01,6.409041285065797400e-01,6.363702774983941435e-01,6.318613172496201358e-01,6.273823132237168476e-01,6.229383335812128664e-01,6.185343867076238400e-01,6.141754033389158485e-01,6.098662411877352474e-01,6.056117029809107155e-01,6.014164866166856749e-01,5.972852272759173742e-01,5.932224376419417133e-01,5.892325793444733728e-01,5.853199480253620246e-01,5.814887939115228610e-01,5.777432064648047039e-01,5.740871789896372368e-01,5.705245682661730378e-01,5.670591419148351964e-01,5.636944350738308795e-01,5.604339636389535917e-01,5.572810482985799396e-01,5.542388652424383721e-01,5.513104467797502739e-01,5.484986929651176624e-01,5.458062944668707894e-01,5.432358692619467799e-01,5.407897994988910551e-01,5.384703544707259981e-01,5.362796032479915098e-01,5.342194984312448325e-01,5.322917577099058883e-01,5.304979965757031790e-01,5.288396169293700932e-01,5.273178621604348582e-01,5.259338223572942450e-01,5.246883753624541624e-01,5.235822778075044370e-01,5.226160653126378230e-01,5.217901237136319814e-01,5.211046605689975131e-01,5.205597287677926621e-01,5.201551954225533958e-01,5.198907569039079579e-01,5.197659392319473604e-01,5.197801117410659755e-01,5.199324550341100082e-01,5.202220281311380479e-01,5.206476966976406606e-01
5.603682758311154810e-01,5.654893400867413433e-01,5.707381100961742559e-01,5.761059133640741292e-01,5.815839795474821994e-01,5.871633672971571238e-01,5.928350535799818966e-01,5.985898772092309583e-01,6.044186836077350966e-01,6.103121699850789783e-01,6.162610507052432851e-01,6.222559668276421707e-01,6.282876472799676648e-01,6.343467238667179764e-01,6.404239449339387269e-01,6.465100414513225147e-01,6.525958939547595872e-01,6.586723886347223278e-01,6.647305485994692287e-01,6.707615192827711681e-01,6.767565732079942054e-01,6.827071100955006688e-01,6.886047517669087181e-01,6.944412361109090215e-01,7.002085357179705927e-01,7.058988297557295954e-01,7.115045090946549022e-01,7.170181989741483131e-01,7.224327780026189583e-01,7.277413780781697428e-01,7.329374290581215368e-01,7.380145930265966658e-01,7.429668640408043645e-01,7.477885055582987883e-01,7.524741143721216385e-01,7.570185942795260026e-01,7.614171508850664516e-01,7.656653569901940015e-01,7.697590829225353648e-01,7.736945335284494130e-01,7.774682784976463257e-01,7.810772504151120010e-01,7.845186689179317607e-01,7.877901357447850694e-01,7.908896052237074370e-01,7.938153756000752015e-01,7.965660775414866723e-01,7.991406736848365444e-01,8.015385389596406673e-01,8.037592920798889429e-01,8.058029655956505666e-01,8.076698691781741823e-01,8.093606515116600342e-01,8.108763119948975140e-01,8.122181073927466910e-01,8.133876620639634014e-01,8.143868203973937403e-01,8.152177788240813072e-01,8.158829714559598933e-01,8.163851407016795569e-01,8.167272560206498833e-01,8.169125228317309917e-01,8.169444293552836633e-01,8.168266703004590790e-01,8.165631287704975261e-01,8.161579066905043645e-01,8.156153214813244290e-01,8.149398079315497423e-01,8.141360082636441842e-01,8.132087331832674737e-01,8.121628454388661877e-01,8.110034021843688379e-01,8.097355652409606863e-01,8.083645491306130637e-01,8.068956888243647985e-01,8.053343597321176439e-01,8.036860101926843747e-01,8.019561228130054342e-01,8.001501883632262668e-01,7.982737366778285271e-01,7.963322440709419414e-01,7.943312464433306408e-01,7.922762203089365185e-01,7.901725531938437186e-01,7.880256621467951472e-01,7.858408338915492397e-01,7.836233118436745082e-01,7.813782550928661808e-01,7.791107029029027409e-01,7.768255793236571449e-01,7.745277289966671086e-01,7.722218132759715026e-01,7.699123783934633813e-01,7.676038760623099533e-01,7.653004953949712474e-01,7.630063794473405103e-01,7.607253931494927235e-01,7.584613010140478506e-01,7.562176575305602499e-01,7.539978307638628419e-01,7.518050001961397166e-01,7.496421673405038177e-01,7.475120953640819188e-01,7.454173599811898532e-01,7.433603524357357273e-01,7.413432460730916551e-01,7.393679988238278655e-01,7.374363670001516935e-01,7.355499126996761783e-01,7.337099694836223263e-01,7.319176634818614913e-01,7.301739594619600648e-01,7.284795750741983600e-01,7.268350494307318499e-01,7.252407555532180972e-01,7.236967937086941083e-01,7.222031767368827238e-01,7.207596748900482186e-01,7.193659231649590646e-01,7.180213517851171678e-01,7.167252628145687199e-01,7.154767810450356480e-01,7.142748652171745372e-01,7.131183842043199439e-01,7.120060440391864365e-01,7.109364241541897833e-01,7.099080090814642308e-01,7.089191377925723181e-01,7.079680966782706530e-01,7.070530624752504600e-01,7.061721064068613440e-01,7.053232706801013663e-01,7.045045242127572216e-01,7.037137434871637565e-01,7.029488468280865598e-01,7.022076188248226325e-01,7.014879213880113040e-01,7.007875204717214368e-01,7.001042344143063589e-01,6.994358358944584575e-01,6.987801790462817575e-01,6.981350565494895966e-01,6.974983608250604483e-01,6.968680062766797745e-01,6.962419618503941088e-01,6.956182201037245383e-01,6.949948670451898680e-01,6.943700816449358548e-01,6.937420673968743845e-01,6.931091552878140272e-01,6.924697757594729941e-01,6.918224324003243719e-01,6.911657343586062874e-01,6.904984216666411045e-01,6.898193377195130926e-01,6.891274336389643373e-01,6.884218213796546859e-01,6.877016945117953028e-01,6.869664125032042268e-01,6.862154396569466464e-01,6.854484187178897514e-01,6.846650677455267120e-01,6.838652779238542090e-01,6.830490726851317085e-01,6.822166444483171999e-01,6.813682703438308508e-01,6.805044066957632865e-01,6.796256015584164478e-01,6.787326017372113940e-01,6.778262319424861460e-01,6.769074600861145763e-01,6.759774004580296758e-01,6.750372412863696603e-01,6.740883622873125036e-01,6.731322010898068697e-01,6.721703156286108483e-01,6.712044007110669064e-01,6.702361853180381912e-01,6.692675681777749963e-01,6.683004669985244117e-01,6.673369283082528636e-01,6.663790482973381835e-01,6.654290270218515824e-01,6.644890460461325699e-01,6.635614119215719198e-01,6.626484581111787842e-01,6.617525536550598053e-01,6.608760585624350314e-01,6.600214201123083546e-01,6.591910601597220642e-01,6.583874065068806569e-01,6.576128884676566422e-01,6.568699200940509852e-01,6.561609214800206979e-01,6.554882438743965256e-01,6.548542209836876182e-01,6.542611446504709161e-01,6.537112891158244343e-01,6.532067873068466701e-01,6.527497880635192429e-01,6.523423274084809709e-01,6.519863660982904152e-01,6.516837748061629076e-01,6.514363322384219002e-01,6.512457294251564610e-01,6.511135137278664109e-01,6.510411696557489858e-01,6.510300499065221347e-01,6.510813452600129336e-01,6.511961647319859381e-01,6.513754825811998161e-01,6.516201026470662683e-01,6.519307436165052705e-01,6.523079445637630647e-01,6.527521066604962119e-01,6.532634825289498348e-01,6.538421887720496928e-01,6.544882063531827221e-01,6.552013203205353520e-01,6.559812374701532445e-01,6.568274286302249187e-01,6.577392928680256823e-01,6.587160327465551024e-01,6.597567324877932071e-01,6.608603007252352723e-01,6.620255603110236642e-01,6.632511276779987641e-01,6.645355419091952820e-01,6.658771632083922976e-01,6.672742771839614839e-01,6.687249910194889013e-01,6.702273288716594779e-01,6.717792003107817544e-01,6.733784028582102676e-01,6.750226285555287475e-01,6.767094894201067801e-01,6.784364897852015464e-01,6.802010855227257347e-01,6.820006101156507183e-01,6.838323988691863420e-01,6.856936687065637859e-01,6.875816155920584372e-01,6.894933850564751721e-01,6.914260767174761346e-01,6.933768079731120748e-01,6.953426419089753230e-01,6.973206439883302687e-01,6.993078710572371293e-01,7.013013877738899504e-01,7.032983222465345463e-01,7.052957601400829946e-01,7.072908557305325195e-01,7.092808091962204964e-01,7.112628683823147835e-01,7.132343187007714747e-01,7.151925449456715267e-01,7.171349859623262768e-01,7.190591976734245216e-01,7.209627560174867167e-01,7.228434076135940023e-01,7.246989488660179335e-01,7.265273072260888254e-01,7.283265551919996250e-01,7.300948362073808040e-01,7.318304427830075731e-01,7.335317959706030289e-01,7.351974729061803160e-01,7.368261852507174137e-01,7.384167607332020600e-01,7.399682045333852987e-01,7.414796670119776500e-01,7.429504471542550670e-01,7.443800060091111392e-01,7.457679668723513622e-01,7.471140940401516106e-01,7.484183135664366215e-01,7.496807195683610203e-01,7.509015710440410940e-01,7.520812489043094962e-01,7.532203321254243855e-01,7.543195254778874981e-01,7.553796909560465123e-01,7.564018382588423295e-01,7.573871210434414136e-01,7.583368333015616525e-01,7.592523905697501352e-01,7.601353758813496064e-01,7.609874470636431854e-01,7.618104280771157422e-01,7.626062095886108061e-01,7.633768208347331274e-01,7.641243878723787963e-01,7.648510965413134466e-01,7.655592535774806695e-01,7.662512194326407400e-01,7.669294335011386243e-01,7.675963769983014107e-01,7.682545832887675008e-01,7.689066522265847192e-01,7.695551648247369592e-01,7.702027668036254271e-01,7.708520914864134266e-01,7.715057671445625376e-01,7.721664245066617305e-01,7.728366751978689164e-01,7.735190852270377171e-01,7.742162233232253721e-01,7.749305515585669379e-01,7.756644986285945453e-01,7.764204286777426356e-01,7.772006066192281848e-01,7.780072190102315099e-01,7.788423616943290773e-01,7.797080113113554756e-01,7.806060090003102969e-01,7.815380904118797156e-01,7.825058613654906070e-01,7.835107584615073062e-01,7.845540770178174306e-01,7.856369590161637051e-01,7.867603821054750535e-01,7.879251335873586060e-01,7.891318234862160219e-01,7.903808769623646979e-01,7.916725363615529920e-01,7.930068551943213473e-01,7.943836394987903171e-01,7.958025353612333541e-01,7.972629753768576411e-01,7.987641529918496630e-01,8.003050808480057787e-01,8.018845220158180576e-01,8.035010715167858475e-01,8.051530708161896976e-01,8.068386126478089837e-01,8.085556601407813959e-01,8.103019037569564320e-01,8.120748174285715715e-01,8.138717173163434460e-01,8.156896325004407977e-01,8.175254680816430586e-01,8.193758908249648698e-01,8.212373844970884962e-01,8.231062634687036361e-01,8.249785984195275867e-01,8.268503757976430890e-01,8.287173576490326488e-01,8.305751793095990099e-01,8.324192736925877245e-01,8.342450310393726420e-01,8.360476116367832056e-01,8.378221146133362218e-01,8.395635324729542326e-01,8.412667179667283612e-01,8.429264732156883655e-01,8.445375291586717514e-01,8.460945341311222334e-01,8.475920860540649970e-01,8.490247687437068036e-01,8.503871244911122007e-01,8.516736764989615294e-01,8.528790064730874532e-01,8.539976409620664288e-01,8.550241851921596137e-01,8.559532642065792452e-01,8.567795882588504774e-01,8.574979194942032867e-01,8.581031289060824241e-01,8.585901624421188316e-01,8.589541115591060594e-01,8.591901674530812993e-01,8.592936977865918147e-01,8.592602045056645377e-01,8.590853721999154313e-01,8.587650556450551198e-01,8.582953202503550427e-01,8.576724483264100973e-01,8.568929381169337889e-01,8.559534763013577630e-01,8.548510892399805439e-01,8.535829550778921693e-01,8.521466133051041059e-01,8.505397890481855017e-01,8.487605754225736598e-01,8.468073074812978440e-01,8.446786516123319100e-01,8.423735608986525625e-01,8.398913033769688230e-01,8.372314958895162862e-01,8.343941010830083771e-01,8.313793659088182242e-01,8.281878886676742324e-01,8.248206369925458192e-01,8.212789002478469991e-01,8.175643261466782885e-01,8.136788982362408440e-01,8.096249781961271097e-01,8.054052261951453184e-01,8.010226854978063082e-01,7.964807404672319402e-01,7.917831153788137399e-01,7.869338816233415468e-01,7.819374219171938423e-01,7.767984758011118318e-01,7.715220665614542783e-01,7.661135927541163904e-01,7.605787266281283099e-01,7.549234340344646021e-01,7.491539937582563091e-01,7.432769759711667090e-01,7.372991715656860290e-01,7.312277063379213349e-01,7.250699163023290872e-01,7.188333740985173304e-01,7.125258851475715360e-01,7.061554666530122093e-01,6.997303167897512832e-01,6.932588677917965736e-01,6.867496558187162758e-01,6.802114257815844445e-01,6.736530059805775350e-01,6.670833959337163499e-01,6.605116667922369400e-01,6.539469978996327315e-01,6.473986221078266157e-01,6.408758437294038712e-01,6.343879595789350123e-01
1.219973336775502654e-01,1.217183783047118134e-01,1.214376800008051677e-01,1.211565142910710352e-01,1.208761393590675887e-01,1.205977828652417261e-01,1.203226435617337359e-01,1.200518902901354656e-01,1.197866530604138613e-01,1.195280287224492199e-01,1.192770728352194193e-01,1.190348008290173371e-01,1.188021871140773345e-01,1.185801620011160684e-01,1.183696046674332786e-01,1.181713580702075800e-01,1.179862021322530680e-01,1.178148820712614508e-01,1.176580781520433633e-01,1.175164334666883026e-01,1.173905305987306830e-01,1.172808985089686812e-01,1.171880160803073639e-01,1.171123093946277588e-01,1.170541496417038391e-01,1.170138523432959626e-01,1.169916813343290368e-01,1.169878492766239092e-01,1.170025158646184754e-01,1.170357806946622087e-01,1.170877017399564735e-01,1.171582788901057992e-01,1.172474673541572809e-01,1.173551675742986328e-01,1.174812349710899761e-01,1.176254841534550288e-01,1.177876707371693504e-01,1.179675143503959300e-01,1.181646984454143845e-01,1.183788477849400250e-01,1.186095664088162860e-01,1.188564073687806977e-01,1.191189000233919548e-01,1.193965239385002403e-01,1.196887395790917491e-01,1.199949750786682007e-01,1.203146293388699245e-01,1.206470706377387320e-01,1.209916491847622955e-01,1.213476880004872166e-01,1.217145062032197050e-01,1.220913798089156427e-01,1.224775908258358831e-01,1.228723999601206290e-01,1.232750573807692152e-01,1.236847991492800725e-01,1.241008648694875288e-01,1.245224845855734397e-01,1.249488848882240322e-01,1.253792932710545982e-01,1.258129385758575691e-01,1.262490484536887003e-01,1.266868664781197751e-01,1.271256292390532117e-01,1.275646002746664842e-01,1.280030308109016413e-01,1.284402096351940359e-01,1.288754195697091043e-01,1.293079678752361295e-01,1.297371768902829126e-01,1.301623874373051271e-01,1.305829599197732560e-01,1.309982725659799840e-01,1.314077307868264932e-01,1.318107558181490224e-01,1.322067973843740751e-01,1.325953337307860802e-01,1.329758526190867873e-01,1.333478839809718874e-01,1.337109753929175693e-01,1.340647026794260233e-01,1.344086716763291389e-01,1.347425063877779050e-01,1.350658672887730949e-01,1.353784413886171545e-01,1.356799317066264277e-01,1.359700868644202754e-01,1.362486662876331023e-01,1.365154627241819685e-01,1.367702935640582040e-01,1.370129990847539503e-01,1.372434484320504133e-01,1.374615409600027927e-01,1.376671827323157626e-01,1.378603131440994944e-01,1.380408964120222182e-01,1.382089138996681621e-01,1.383643627293830169e-01,1.385072642980750557e-01,1.386376555380519349e-01,1.387555910173173812e-01,1.388611455170903064e-01,1.389543968280256558e-01,1.390354458344138233e-01,1.391044044650429634e-01,1.391613877793361487e-01,1.392065277021802550e-01,1.392399635794855095e-01,1.392618383629237455e-01,1.392723012271649408e-01,1.392715055949434733e-01,1.392596144051974905e-01,1.392367815173745915e-01,1.392031712877062899e-01,1.391589379021098138e-01,1.391042413049195514e-01,1.390392380702195063e-01,1.389640729105666717e-01,1.388788970496186437e-01,1.387838487369174589e-01,1.386790610990340233e-01,1.385646565642870420e-01,1.384407507544882510e-01,1.383074531619986891e-01,1.381648559889381289e-01,1.380130518774022597e-01,1.378521091309442836e-01,1.376820949486733114e-01,1.375030568862873059e-01,1.373150327984827834e-01,1.371180490282404296e-01,1.369121185717731004e-01,1.366972401865812203e-01,1.364734003091018222e-01,1.362405700456051638e-01,1.359987155182494356e-01,1.357477789466375873e-01,1.354876972760966358e-01,1.352183942095052382e-01,1.349397864360373511e-01,1.346517692785771103e-01,1.343542399750568272e-01,1.340470758079485292e-01,1.337301510071408905e-01,1.334033327084270248e-01,1.330664771220706200e-01,1.327194390902241561e-01,1.323620655270875413e-01,1.319941938775995027e-01,1.316156728045904112e-01,1.312263354357023903e-01,1.308260241244340039e-01,1.304145778486319740e-01,1.299918384706806040e-01,1.295576479493184274e-01,1.291118626407125325e-01,1.286543324082094208e-01,1.281849294743580281e-01,1.277035211202716125e-01,1.272099967095260409e-01,1.267042499636575614e-01,1.261861909228120526e-01,1.256557429083557109e-01,1.251128498266370626e-01,1.245574674169394463e-01,1.239895777953381323e-01,1.234091736477576501e-01,1.228162772130800273e-01,1.222109313203855463e-01,1.215932009775616690e-01,1.209631790393993767e-01,1.203209855975247017e-01,1.196667615151605496e-01,1.190006829278766470e-01,1.183229551553017372e-01,1.176338061009900571e-01,1.169335066479741392e-01,1.162223507777660619e-01,1.155006595484669718e-01,1.147687945976830909e-01,1.140271513609023291e-01,1.132761563140900901e-01,1.125162688147601786e-01,1.117479803587599352e-01,1.109718174339657526e-01,1.101883418873436798e-01,1.093981418761570817e-01,1.086018500925610419e-01,1.078001219308582920e-01,1.069936456972754579e-01,1.061831439370966440e-01,1.053693703229776485e-01,1.045531037722716161e-01,1.037351579144312613e-01,1.029163674916055982e-01,1.020976004155085132e-01,1.012797390507052531e-01,1.004637047855769239e-01,9.965042573308525997e-02,9.884085961120543662e-02,9.803598196768753548e-02,9.723678153827773618e-02,9.644427191648492770e-02,9.565946466336903986e-02,9.488339478392818216e-02,9.411709924257496973e-02,9.336163178178388811e-02,9.261804018588770671e-02,9.188737962946938453e-02,9.117070155881985827e-02,9.046906069201704481e-02,8.978350395179532373e-02,8.911507069598435804e-02,8.846478594978858523e-02,8.783367545171170965e-02,8.722273376842450132e-02,8.663294700339717325e-02,8.606528296131740752e-02,8.552068128389819779e-02,8.500005647669234277e-02,8.450429785325486165e-02,8.403426168428987375e-02,8.359077375757334449e-02,8.317462609244610783e-02,8.278656798102403125e-02,8.242730495959499359e-02,8.209751588933973665e-02,8.179781754555444373e-02,8.152878586347178658e-02,8.129095217930037975e-02,8.108479075220938193e-02,8.091072471986268666e-02,8.076911989507820633e-02,8.066029053480212874e-02,8.058449119924315784e-02,8.054191233188938426e-02,8.053268401207580585e-02,8.055688021369021568e-02,8.061450152496321686e-02,8.070549588060658974e-02,8.082973127323229978e-02,8.098702091297763084e-02,8.117710742338977992e-02,8.139966438533939586e-02,8.165430026060270519e-02,8.194055518863459231e-02,8.225789918307600812e-02,8.260573662662988592e-02,8.298340681917153183e-02,8.339018059823168072e-02,8.382525616746307195e-02,8.428778212015533566e-02,8.477682548220438763e-02,8.529140374387912671e-02,8.583046239379070463e-02,8.639289395973062669e-02,8.697752807694296429e-02,8.758313887396675101e-02,8.820844426721084763e-02,8.885211091618208656e-02,8.951275325046079145e-02,9.018893772929877095e-02,9.087918322795161818e-02,9.158196797343880202e-02,9.229573147598800487e-02,9.301886418864172001e-02,9.374973609793083029e-02,9.448667761696874501e-02,9.522798507781274346e-02,9.597194825795435369e-02,9.671681429629931659e-02,9.746082595245222913e-02,9.820219907481661514e-02,9.893915158483242156e-02,9.966988391649261869e-02,1.003925941902675534e-01,1.011054815704318655e-01,1.018067569746182455e-01,1.024946174895629836e-01,1.031672922980308577e-01,1.038230178705399215e-01,1.044600469020230127e-01,1.050766600466413042e-01,1.056711601037149256e-01,1.062418787871800968e-01,1.067871942163149540e-01,1.073055042810858728e-01,1.077952614317958385e-01,1.082549603371338737e-01,1.086831431432046940e-01,1.090784007779340703e-01,1.094393805041791595e-01,1.097647976788403701e-01,1.100534227403481002e-01,1.103040842239587094e-01,1.105156909754534678e-01,1.106872131724973979e-01,1.108177018259701163e-01,1.109062762235252103e-01,1.109521392379925753e-01,1.109545734026640695e-01,1.109129413478331799e-01,1.108266944111922919e-01,1.106953665232417450e-01,1.105185779169855914e-01,1.102960467605044459e-01,1.100275732395364914e-01,1.097130499856768249e-01,1.093524653243536093e-01,1.089459022973011809e-01,1.084935244686332095e-01,1.079956025544947518e-01,1.074524959447561295e-01,1.068646608168127843e-01,1.062326418953662005e-01,1.055570762743526236e-01,1.048386947010904596e-01,1.040783226378609039e-01,1.032768670636489416e-01,1.024353313108734842e-01,1.015547952909603008e-01,1.006364355819211187e-01,9.968150650426553516e-02,9.869133738584227877e-02,9.766734654274303318e-02,9.661102636966863166e-02,9.552393353848941115e-02,9.440770699151364298e-02,9.326405042528072842e-02,9.209472277355962300e-02,9.090155959113874196e-02,8.968644149635465745e-02,8.845131156378331638e-02,8.719816128532943689e-02,8.592902362221110923e-02,8.464598226804617709e-02,8.335116006271035827e-02,8.204670682234350976e-02,8.073481036561830360e-02,7.941768163412139814e-02,7.809755275371292604e-02,7.677667458255645061e-02,7.545731721154222416e-02,7.414174740600069924e-02,7.283224896211154542e-02,7.153109580114931643e-02,7.024056270380819866e-02,6.896291046144650827e-02,6.770039278354726686e-02,6.645524063249336200e-02,6.522966039800072446e-02,6.402583424722513294e-02,6.284591245947920846e-02,6.169201253626731274e-02,6.056620430009439227e-02,5.947052040071285767e-02,5.840694239503777668e-02,5.737739987337894809e-02,5.638376724839162801e-02,5.542785647808537441e-02,5.451142015130543139e-02,5.363613784759366232e-02,5.280362482182397038e-02,5.201541916749601036e-02,5.127298625988343378e-02,5.057770966787027839e-02,4.993089023244962066e-02,4.933374324907312952e-02,4.878739800213859057e-02,4.829289369679018451e-02,4.785118312035172017e-02,4.746312131368710802e-02,4.712946720282645829e-02,4.685088782820168857e-02,4.662795176043692258e-02,4.646112768801875792e-02,4.635078793819635834e-02,4.629720008868497966e-02,4.630053762009211232e-02,4.636086854980336208e-02,4.647816734445223141e-02,4.665230278718902196e-02,4.688304779828444263e-02,4.717007307019305956e-02,4.751295525492046229e-02,4.791117121083674629e-02,4.836410138527755254e-02,4.887103787233473134e-02,4.943117499542967752e-02,5.004361776606512657e-02,5.070738670581313723e-02,5.142140984059894587e-02,5.218453556763114759e-02,5.299553098398613465e-02,5.385308327418786289e-02,5.475580419578223584e-02,5.570223443306186739e-02,5.669084598761214844e-02,5.772003739855995769e-02,5.878815882833038353e-02,5.989348697099295543e-02,6.103425191372482267e-02,6.220862906211652166e-02,6.341474786474030068e-02,6.465069362842898459e-02,6.591450963488210135e-02,6.720420650111014194e-02,6.851776417185946599e-02,6.985313004494027311e-02,7.120823704901661777e-02,7.258098931586380587e-02,7.396929047511574540e-02,7.537101501331387732e-02,7.678404805920253928e-02,7.820626923624153515e-02,7.963555643212837098e-02,8.106979723523689840e-02,8.250688859529253794e-02,8.394474744963367763e-02,8.538131029831159957e-02,8.681452643532820701e-02,8.824238917108118141e-02,8.966290279318515910e-02,9.107413110581522031e-02,9.247415388981343465e-02,9.386110904239147734e-02,9.523316715450355630e-02
2.560008544512495376e-01,2.577417856438364852e-01,2.594306695816609443e-01,2.610644446192724732e-01,2.626401208044147340e-01,2.641547432630566572e-01,2.656054264384934971e-01,2.669893839241930800e-01,2.683038681536855652e-01,2.695462372893231984e-01,2.707139166468803815e-01,2.718044408366072640e-01,2.728154435203116734e-01,2.737446353760713547e-01,2.745898701442024414e-01,2.753490890297439209e-01,2.760203531007176525e-01,2.766018784555951959e-01,2.770919476107202017e-01,2.774890355545416298e-01,2.777917152413884039e-01,2.779987169052829943e-01,2.781089119646582009e-01,2.781213186179252173e-01,2.780351065917119890e-01,2.778496020089382124e-01,2.775642856878801634e-01,2.771788154235000357e-01,2.766929819926096101e-01,2.761067682099357379e-01,2.754203171989873522e-01,2.746339470194472110e-01,2.737481232018531552e-01,2.727635290858351769e-01,2.716809746036161766e-01,2.705014746224122524e-01,2.692261990394668736e-01,2.678565112531356984e-01,2.663939275206664292e-01,2.648401549923427578e-01,2.631970619739412709e-01,2.614666907736787338e-01,2.596512531547866542e-01,2.577531241108387272e-01,2.557748530316825142e-01,2.537191344850026065e-01,2.515888332563192553e-01,2.493869669373919296e-01,2.471166971093146092e-01,2.447813463063747697e-01,2.423843595876943591e-01,2.399293426604609258e-01,2.374200011345973249e-01,2.348602129924990956e-01,2.322539269781598859e-01,2.296052419671082978e-01,2.269183527609820727e-01,2.241975529976159842e-01,2.214472404665571437e-01,2.186718893981338396e-01,2.158760674972726723e-01,2.130644034520554342e-01,2.102415895232561116e-01,2.074123833965071384e-01,2.045815883982062544e-01,2.017540453722756477e-01,1.989346245798218060e-01,1.961282272629327472e-01,1.933397480098143772e-01,1.905741151308670556e-01,1.878362123504521697e-01,1.851309607095121823e-01,1.824632206068258766e-01,1.798378249318072497e-01,1.772595731984091816e-01,1.747332034264376943e-01,1.722634141223647886e-01,1.698547977678409870e-01,1.675119128264725421e-01,1.652391894353975044e-01,1.630409861718878917e-01,1.609215377889514076e-01,1.588849806409712573e-01,1.569353140111103273e-01,1.550764125056062204e-01,1.533120138498189067e-01,1.516456976922108679e-01,1.500808847367839372e-01,1.486208423006832313e-01,1.472686748074605589e-01,1.460272799222536166e-01,1.448993961247747875e-01,1.438875608371455728e-01,1.429941174322992559e-01,1.422211965689310909e-01,1.415707247406234326e-01,1.410444306126387159e-01,1.406438006714347821e-01,1.403701125278879747e-01,1.402244094495379290e-01,1.402075185823033754e-01,1.403200101668355959e-01,1.405622570584497966e-01,1.409343582111708404e-01,1.414361939698084991e-01,1.420673930237233706e-01,1.428273558207481808e-01,1.437152297287626057e-01,1.447299382887221320e-01,1.458701463592738112e-01,1.471342896237981812e-01,1.485205648632988151e-01,1.500269359130262381e-01,1.516511355256646987e-01,1.533906706140071297e-01,1.552428112563828122e-01,1.572046093310798254e-01,1.592729168023721831e-01,1.614443542167064427e-01,1.637153395991786109e-01,1.660821070329589200e-01,1.685406734079040736e-01,1.710868854807345574e-01,1.737164037981567266e-01,1.764247089488953091e-01,1.792071316505053635e-01,1.820588352767087692e-01,1.849748411179558127e-01,1.879500272988658405e-01,1.909791534535564828e-01,1.940568379268972077e-01,1.971776135002566710e-01,2.003358893801690521e-01,2.035259993325514161e-01,2.067422053252438718e-01,2.099786777028436469e-01,2.132295522383401420e-01,2.164888950813667889e-01,2.197507665244853303e-01,2.230091774393217208e-01,2.262581357213077626e-01,2.294916544716321394e-01,2.327037448348457382e-01,2.358884443133150155e-01,2.390398318032931346e-01,2.421520203530591331e-01,2.452191922454931561e-01,2.482355886036377579e-01,2.511955248044730471e-01,2.540934105549317867e-01,2.569237800158316598e-01,2.596812265635503603e-01,2.623605222236726764e-01,2.649565468616417174e-01,2.674643134769659758e-01,2.698790127634791425e-01,2.721959821990974637e-01,2.744107327169864052e-01,2.765189649769269620e-01,2.785165581287687986e-01,2.803996017722499290e-01,2.821643742673186628e-01,2.838074064360519566e-01,2.853253920051221915e-01,2.867153023099832110e-01,2.879743164600476746e-01,2.890998647448427272e-01,2.900896239246357755e-01,2.909415038351907956e-01,2.916536920335939254e-01,2.922246223913647634e-01,2.926529962360624459e-01,2.929377703554912893e-01,2.930781773145709757e-01,2.930737182065608626e-01,2.929241605928559755e-01,2.926295509538535122e-01,2.921901997825618325e-01,2.916066899147267688e-01,2.908798746977705463e-01,2.900108878759135034e-01,2.890011133552343181e-01,2.878522050887403205e-01,2.865660969569293060e-01,2.851449596716157942e-01,2.835912204017035365e-01,2.819075658635039616e-01,2.800969310118439082e-01,2.781624802987754386e-01,2.761076260603319565e-01,2.739359849594406038e-01,2.716514263322890588e-01,2.692580059346811328e-01,2.667600045508319861e-01,2.641618850610206737e-01,2.614683232451674999e-01,2.586841502269602300e-01,2.558143977819567483e-01,2.528642240419602394e-01,2.498389752264052466e-01,2.467441264335979711e-01,2.435852736174827227e-01,2.403681671722044666e-01,2.370986395952966452e-01,2.337826179876904831e-01,2.304261430979724912e-01,2.270353344342641577e-01,2.236163634994788874e-01,2.201754522015544890e-01,2.167188844611025178e-01,2.132529596923200821e-01,2.097840033824432682e-01,2.063183535673024649e-01,2.028623416309409955e-01,1.994222746179719064e-01,1.960044500500215670e-01,1.926151084069498143e-01,1.892604496570200190e-01,1.859466192597614698e-01,1.826796657782479849e-01,1.794655832110873539e-01,1.763102551762865122e-01,1.732194580815857310e-01,1.701988596297974166e-01,1.672539953028464310e-01,1.643902695870689823e-01,1.616129366601872230e-01,1.589271068151040522e-01,1.563377082317585487e-01,1.538495112498526884e-01,1.514671002589777216e-01,1.491948698259939476e-01,1.470370189684250262e-01,1.449975544146797912e-01,1.430802490601678911e-01,1.412886807809104472e-01,1.396261930523008399e-01,1.380959143910165110e-01,1.367007276293665807e-01,1.354432827037413967e-01,1.343259965004094947e-01,1.333510256521768245e-01,1.325202932131379352e-01,1.318354667527974755e-01,1.312979672688187882e-01,1.309089484924118030e-01,1.306693170559812822e-01,1.305797394160985447e-01,1.306405935479400260e-01,1.308520304417840063e-01,1.312139346499081871e-01,1.317259375280776246e-01,1.323874203374817149e-01,1.331975214890809278e-01,1.341551200488611817e-01,1.352588598036720824e-01,1.365071493846916062e-01,1.378981462389724244e-01,1.394297937359145201e-01,1.410998037292177654e-01,1.429056565163249470e-01,1.448446276609473560e-01,1.469137800460672549e-01,1.491099700026472519e-01,1.514298605958497856e-01,1.538699250360857085e-01,1.564264567343051637e-01,1.590955608027135870e-01,1.618731971561235827e-01,1.647551388177346532e-01,1.677370347022594521e-01,1.708143770135977513e-01,1.739825274066522098e-01,1.772367150503602606e-01,1.805720740858642592e-01,1.839836041293776980e-01,1.874662316696382447e-01,1.910147839180921236e-01,1.946240086287613635e-01,1.982885935026256763e-01,2.020031550603055004e-01,2.057622670464304693e-01,2.095604670142154069e-01,2.133922501771415847e-01,2.172521037514695830e-01,2.211344921178792777e-01,2.250338892999701468e-01,2.289447684620626311e-01,2.328616172111267757e-01,2.367789584552578985e-01,2.406913421031845468e-01,2.445933473056704222e-01,2.484796480288271325e-01,2.523449338939586784e-01,2.561839798158379589e-01,2.599916480218718573e-01,2.637628643200147782e-01,2.674926562740849167e-01,2.711761585944118536e-01,2.748086044457353494e-01,2.783853320447197688e-01,2.819018039548454868e-01,2.853536156390935608e-01,2.887364940645105182e-01,2.920462939075504361e-01,2.952790050391848053e-01,2.984307834965597706e-01,3.014979294660505849e-01,3.044768931675679857e-01,3.073642841457363550e-01,3.101568895534225767e-01,3.128516351852978494e-01,3.154456500861596013e-01,3.179362043602158572e-01,3.203207668242519235e-01,3.225969563514856642e-01,3.247625923293552819e-01,3.268156654227478142e-01,3.287543323906155224e-01,3.305769536795489238e-01,3.322820440994725955e-01,3.338683212881335405e-01,3.353346697410189980e-01,3.366801434659656422e-01,3.379039992921337721e-01,3.390056486423733140e-01,3.399846917932673462e-01,3.408408872769060349e-01,3.415741809023301601e-01,3.421846669777504069e-01,3.426726184376255313e-01,3.430384834643152026e-01,3.432828369330928053e-01,3.434064340969092410e-01,3.434101834233940775e-01,3.432951271506394786e-01,3.430624650854594004e-01,3.427135305626712869e-01,3.422498052221817355e-01,3.416728830433304331e-01,3.409845163065355900e-01,3.401865519915415192e-01,3.392809621872442949e-01,3.382698498892182104e-01,3.371553997122472834e-01,3.359399274621556741e-01,3.346258374380491896e-01,3.332156117955972219e-01,3.317118441903774140e-01,3.301172018314096346e-01,3.284344350391951717e-01,3.266663591474636696e-01,3.248158689161931290e-01,3.228859170870129192e-01,3.208795124440267932e-01,3.187997194125309353e-01,3.166496442090826480e-01,3.144324453876043979e-01,3.121513222957819633e-01,3.098094887191175095e-01,3.074102121587357073e-01,3.049567682240926780e-01,3.024524493505056366e-01,2.999005757290568175e-01,2.973044820527730447e-01,2.946674823940308996e-01,2.919929060748580607e-01,2.892841041889822051e-01,2.865443940488846541e-01,2.837770933790962347e-01,2.809855090717991999e-01,2.781729355807340820e-01,2.753426196113716862e-01,2.724978274423121016e-01,2.696417719289648796e-01,2.667776422939726610e-01,2.639085999887476608e-01,2.610377742956552782e-01,2.581682378280001355e-01,2.553030458191958840e-01,2.524452124704951728e-01,2.495976946628165050e-01,2.467634083850079318e-01,2.439452175358131913e-01,2.411459469293039670e-01,2.383683638021422968e-01,2.356151718922551153e-01,2.328890497093112910e-01,2.301925841330152989e-01,2.275283399504026971e-01,2.248987898931947282e-01,2.223063768580628152e-01,2.197534577748862794e-01,2.172423595281552655e-01,2.147753083387664852e-01,2.123545039689402336e-01,2.099820626552843794e-01,2.076600384020288736e-01,2.053904224794532718e-01,2.031751472429009497e-01,2.010160694711143614e-01,1.989149895769099230e-01,1.968736331586022070e-01,1.948936656879831641e-01,1.929766746417833079e-01,1.911241989169772670e-01,1.893376899447631045e-01,1.876185409877302868e-01,1.859680760921467446e-01,1.843875505531386572e-01,1.828781566366394218e-01,1.814409952577289153e-01,1.800771277218080890e-01,1.787875255585534284e-01,1.775730983717133671e-01,1.764346781744575710e-01,1.753730335637962434e-01,1.743888684462179262e-01,1.734827905298996498e-01,1.726553630418497243e-01,1.719070621875843641e-01,1.712383050666642648e-01,1.706494006957370857e-01,1.701406324847438700e-01,1.697121845786731253e-01,1.693641571173900295e-01,1.690966041004376419e-01
6.427785731164553651e-01,6.450315729619662264e-01,6.472258603831403390e-01,6.493602060884480220e-01,6.514334090968040281e-01,6.534443847172787256e-01,6.553921819339737498e-01,6.572758524130868363e-01,6.590946071713926768e-01,6.608476824972625563e-01,6.625344299366174861e-01,6.641542707225710496e-01,6.657066892563113791e-01,6.671912728264963732e-01,6.686076523326606180e-01,6.699555551213458582e-01,6.712347553902078268e-01,6.724451087822354012e-01,6.735865123311265412e-01,6.746589634674858837e-01,6.756624723387011366e-01,6.765971368883870740e-01,6.774630986494948326e-01,6.782605432255904843e-01,6.789897028770891518e-01,6.796508889590875402e-01,6.802443991114397459e-01,6.807706336732208818e-01,6.812299715473738582e-01,6.816228908633817918e-01,6.819498300789540446e-01,6.822113380819060380e-01,6.824079212886292600e-01,6.825401570168077026e-01,6.826086464037071089e-01,6.826139717776291693e-01,6.825567985976954688e-01,6.824377663461757004e-01,6.822575443425656916e-01,6.820168011073824976e-01,6.817162698851165770e-01,6.813566289790060626e-01,6.809385990060294880e-01,6.804629283503308423e-01,6.799303455853479283e-01,6.793416000568932578e-01,6.786974383098082209e-01,6.779986176037824386e-01,6.772458932409251009e-01,6.764400369703832405e-01,6.755818164981191032e-01,6.746719946107078147e-01,6.737113431952366227e-01,6.727006371396830886e-01,6.716406477800308528e-01,6.705321689926557749e-01,6.693759666050393964e-01,6.681727926030569531e-01,6.669234717579487493e-01,6.656287772677554893e-01,6.642894565650518945e-01,6.629063587655247280e-01,6.614802179455014919e-01,6.600118627813794658e-01,6.585020602900150122e-01,6.569516431614007557e-01,6.553614133839117395e-01,6.537321654709069563e-01,6.520647546908346914e-01,6.503599730539392221e-01,6.486186758218481785e-01,6.468417104709396348e-01,6.450299211000085631e-01,6.431841781907047251e-01,6.413053637670864671e-01,6.393943723524401213e-01,6.374520789912061502e-01,6.354794351853254586e-01,6.334773684122818604e-01,6.314467908960730291e-01,6.293886973509968952e-01,6.273040632259090366e-01,6.251938665724494637e-01,6.230591381079689794e-01,6.209009076446025954e-01,6.187202192807600420e-01,6.165181399636472381e-01,6.142957704110130202e-01,6.120542061363051234e-01,6.097945839118017464e-01,6.075180402290026871e-01,6.052257263421151334e-01,6.029188682495124629e-01,6.005986367249441793e-01,5.982662653341246362e-01,5.959229912732743051e-01,5.935700747827649115e-01,5.912087828662404565e-01,5.888404305408961870e-01,5.864663036695454412e-01,5.840877329265958817e-01,5.817060540044312056e-01,5.793226124667709698e-01,5.769387590665396859e-01,5.745558930039398327e-01,5.721753728906944225e-01,5.697985932698624856e-01,5.674269462988101864e-01,5.650618232731872137e-01,5.627046260577815984e-01,5.603567640735750421e-01,5.580196236072607618e-01,5.556946182891774333e-01,5.533831314994731576e-01,5.510865580864195978e-01,5.488062587663109504e-01,5.465436207850485895e-01,5.442999862126920441e-01,5.420766930416188734e-01,5.398750699213509252e-01,5.376964189553907758e-01,5.355420174446204884e-01,5.334131174353542448e-01,5.313109623335465770e-01,5.292367427068852548e-01,5.271916388066510972e-01,5.251767974422854035e-01,5.231933046232944973e-01,5.212422530273989052e-01,5.193246561329508681e-01,5.174415038401850575e-01,5.155937517761296496e-01,5.137822967888852066e-01,5.120079806400369415e-01,5.102716377112372914e-01,5.085740025767162553e-01,5.069157879833241509e-01,5.052976564920894642e-01,5.037201985204725618e-01,5.021839638113738680e-01,5.006894187293271514e-01,4.992370196070201604e-01,4.978271315336292857e-01,4.964600441499423811e-01,4.951360399463574646e-01,4.938552930691198495e-01,4.926179347155916766e-01,4.914240425165354309e-01,4.902736053047272446e-01,4.891666066397645785e-01,4.881029058820643418e-01,4.870823402248294909e-01,4.861046708676973194e-01,4.851696140890320863e-01,4.842767996605772396e-01,4.834258340401717535e-01,4.826162628469911064e-01,4.818475579794902486e-01,4.811191391104934212e-01,4.804304042745224934e-01,4.797806496316022185e-01,4.791691678004802446e-01,4.785951972345038885e-01,4.780579167843233002e-01,4.775564682260691751e-01,4.770899755774169471e-01,4.766574756899318865e-01,4.762580414131917794e-01,4.758906445160431264e-01,4.755542788683099764e-01,4.752478896142142140e-01,4.749703988216158468e-01,4.747207186236614973e-01,4.744977395117945251e-01,4.743003417243729647e-01,4.741273853715584630e-01,4.739777381712313997e-01,4.738502601410657933e-01,4.737438102499552661e-01,4.736572598332790540e-01,4.735894532090232367e-01,4.735393015348434709e-01,4.735056919374106554e-01,4.734875481287524890e-01,4.734837857969676489e-01,4.734933929369290473e-01,4.735153238744526094e-01,4.735486490932673820e-01,4.735923829338804514e-01,4.736456411778839914e-01,4.737075425235524051e-01,4.737772912185768126e-01,4.738540954236543090e-01,4.739372408216268595e-01,4.740260465778256549e-01,4.741199130626473357e-01,4.742182662265139736e-01,4.743206333294132659e-01,4.744265531504747724e-01,4.745356693970304018e-01,4.746476758229158377e-01,4.747623414393684071e-01,4.748794820022400609e-01,4.749990040748989784e-01,4.751208877086450788e-01,4.752451745006150974e-01,4.753719925829850146e-01,4.755015257678056328e-01,4.756340442400200930e-01,4.757698873467902101e-01,4.759094626761595226e-01,4.760532671416538575e-01,4.762018610777202787e-01,4.763558764121020861e-01,4.765160091195937975e-01,4.766830517501660092e-01,4.768578325095131909e-01,4.770412573687549673e-01,4.772343110282109557e-01,4.774380167235083849e-01,4.776534935808801619e-01,4.778818749668943822e-01,4.781243779714995923e-01,4.783822729293993326e-01,4.786568729569786740e-01,4.789495446657256461e-01,4.792616571377419366e-01,4.795946823984910123e-01,4.799500849557536419e-01,4.803293703595415409e-01,4.807340865808210073e-01,4.811657772498827979e-01,4.816260116507187217e-01,4.821164144675572083e-01,4.826385637263051476e-01,4.831940560962372233e-01,4.837845082549598885e-01,4.844115178096703445e-01,4.850766742323827652e-01,4.857815665699278251e-01,4.865277360205938484e-01,4.873167302601442152e-01,4.881500352566210399e-01,4.890291297890116406e-01,4.899554373440626609e-01,4.909303520108543317e-01,4.919551824566834597e-01,4.930312372371850049e-01,4.941597177361796711e-01,4.953417711244604282e-01,4.965784977092513874e-01,4.978709044414166840e-01,4.992199259758534624e-01,5.006263842973920353e-01,5.020910804991463028e-01,5.036146597893953469e-01,5.051977050587566076e-01,5.068406722560703237e-01,5.085439692741462459e-01,5.103078430631310392e-01,5.121324385753784902e-01,5.140178106064070551e-01,5.159638895175348017e-01,5.179704769395666597e-01,5.200372620228315146e-01,5.221638142026181484e-01,5.243495912346712862e-01,5.265938715238458467e-01,5.288958720721275153e-01,5.312546553093470125e-01,5.336691384544195449e-01,5.361381080854669134e-01,5.386602772456088317e-01,5.412341557803876935e-01,5.438581675780631564e-01,5.465305878994687339e-01,5.492495792544395128e-01,5.520131560431786877e-01,5.548192497949432367e-01,5.576656104850186146e-01,5.605499169743982657e-01,5.634697104343824314e-01,5.664224067466679946e-01,5.694053282643962710e-01,5.724156759935555838e-01,5.754505496794142250e-01,5.785069404046396802e-01,5.815817495078005051e-01,5.846717835915078432e-01,5.877737556182899281e-01,5.908843073986445038e-01,5.939999917139957564e-01,5.971172821052609381e-01,6.002325990533239342e-01,6.033422909755047359e-01,6.064426565027496441e-01,6.095299435379660791e-01,6.126003483915192227e-01,6.156500507211728479e-01,6.186751712315005092e-01,6.216718309309632318e-01,6.246361364547855510e-01,6.275641594059160333e-01,6.304519863594538753e-01,6.332957123857504422e-01,6.360914214459153504e-01,6.388352606769207576e-01,6.415233604653597377e-01,6.441519106291052621e-01,6.467171290151412233e-01,6.492152838666302994e-01,6.516426998237353496e-01,6.539957734209026485e-01,6.562709673103245267e-01,6.584648140958733187e-01,6.605739116998683436e-01,6.625950165034037997e-01,6.645249098773612362e-01,6.663605143268692688e-01,6.680988580390903042e-01,6.697370797650592511e-01,6.712724442245504575e-01,6.727023523474013889e-01,6.740243420568952093e-01,6.752360619793623675e-01,6.763353616506031507e-01,6.773201747190781274e-01,6.781886544071058509e-01,6.789390586570115405e-01,6.795698598740301799e-01,6.800796745516569652e-01,6.804672601495269646e-01,6.807316006256385332e-01,6.808718237708291099e-01,6.808872763022066898e-01,6.807774384391995781e-01,6.805420099459930094e-01,6.801808740154879906e-01,6.796940798063941802e-01,6.790818764005611685e-01,6.783447262745988526e-01,6.774832533172180371e-01,6.764982726812895919e-01,6.753908090605719172e-01,6.741620382403819001e-01,6.728133743409070444e-01,6.713463754021372631e-01,6.697628068022164483e-01,6.680645893072855168e-01,6.662538647443062567e-01,6.643328938728839672e-01,6.623041781653631332e-01,6.601703327798494891e-01,6.579341685002043638e-01,6.555986333108847486e-01,6.531668672799395559e-01,6.506421132076654068e-01,6.480278240014584190e-01,6.453275313006544556e-01,6.425449445453834674e-01,6.396838796201397281e-01,6.367483058950358377e-01,6.337422643925550991e-01,6.306699369216406392e-01,6.275356227110825413e-01,6.243436650696519985e-01,6.210985639441476414e-01,6.178048726627003440e-01,6.144671793006224458e-01,6.110902110360777462e-01,6.076787194524616575e-01,6.042375013680444384e-01,6.007713790757766015e-01,5.972852792564412594e-01,5.937840925256436808e-01,5.902727433280956504e-01,5.867561840323597400e-01,5.832393590597770849e-01,5.797272183628718878e-01,5.762246870193041826e-01,5.727366467300200048e-01,5.692680114936969904e-01,5.658236098740840880e-01,5.624082523834111891e-01,5.590266461648089047e-01,5.556835227583577508e-01,5.523834675581040798e-01,5.491310375249777165e-01,5.459306926543624483e-01,5.427867956218500600e-01,5.397036311073223347e-01,5.366853620807907621e-01,5.337360829940750451e-01,5.308596952256220414e-01,5.280600539550280859e-01,5.253408798586493011e-01,5.227057052245086544e-01,5.201579737097109524e-01,5.177009944422127363e-01,5.153378820191811815e-01,5.130716444335871040e-01,5.109051168509060048e-01,5.088409662836150815e-01,5.068817183849894104e-01,5.050297291843456327e-01,5.032871548055769528e-01,5.016560326074752663e-01,5.001381847120019986e-01,4.987352609627082045e-01,4.974487842775108248e-01,4.962800357246552885e-01,4.952301492390238646e-01,4.943000843623559515e-01,4.934906097508840461e-01,4.928023190628341710e-01,4.922356388192990484e-01,4.917907985807148941e-01,4.914678472286266864e-01,4.912666958062337219e-01,4.911870463210463167e-01,4.912284491916720786e-01,4.913902599744258137e-01,4.916717114796628763e-01,4.920718237775379422e-01,4.925894902666512198e-01,4.932234486197888956e-01,4.939722523134665311e-01
3.159413595232062888e-01,3.183977730083061841e-01,3.208624793873124936e-01,3.233327655486062935e-01,3.258058721938962288e-01,3.282790254784911932e-01,3.307494519409532319e-01,3.332143194779746409e-01,3.356708214822892167e-01,3.381161473618981561e-01,3.405474729540797774e-01,3.429620005826009010e-01,3.453569447408320614e-01,3.477295418099582425e-01,3.500770687293085492e-01,3.523968112820296539e-01,3.546861208837330803e-01,3.569423909973461484e-01,3.591630548149405411e-01,3.613456268340904387e-01,3.634876636119653837e-01,3.655867893808741331e-01,3.676407285827056892e-01,3.696472604293885023e-01,3.716042465750367674e-01,3.735096522191763135e-01,3.753615259086657829e-01,3.771580128825743894e-01,3.788973593060328549e-01,3.805779103903937366e-01,3.821981261470603908e-01,3.837565619293940022e-01,3.852519069655246930e-01,3.866829309974909035e-01,3.880485809205704850e-01,3.893478551635730089e-01,3.905799045399375169e-01,3.917440029740463237e-01,3.928395400662660908e-01,3.938660241284152042e-01,3.948231003251694848e-01,3.957105284162689696e-01,3.965281812427035590e-01,3.972760809871737075e-01,3.979543341585063954e-01,3.985631966574808005e-01,3.991030345728819873e-01,3.995743331787754982e-01,3.999776861972226261e-01,4.003137861798621855e-01,4.005834739913437526e-01,4.007876653592189475e-01,4.009273820803898047e-01,4.010037730275389234e-01,4.010180360774512343e-01,4.009715133497920303e-01,4.008655943257743992e-01,4.007017800787411876e-01,4.004816269716641730e-01,4.002067966393744181e-01,3.998789993078982197e-01,3.995000202241109077e-01,3.990716891139692857e-01,3.985959163992620624e-01,3.980746471984282775e-01,3.975098720880230196e-01,3.969036120168993875e-01,3.962579367021638044e-01,3.955749398877277390e-01,3.948567382351098054e-01,3.941054573233012115e-01,3.933232369821992314e-01,3.925122193609733579e-01,3.916745598375357407e-01,3.908123963849572946e-01,3.899278554848094047e-01,3.890230431470872996e-01,3.881000605678996407e-01,3.871609635514536851e-01,3.862077848985540629e-01,3.852425189135285644e-01,3.842671135648396130e-01,3.832834715418118043e-01,3.822934509056318819e-01,3.812988430869297396e-01,3.803013829295420756e-01,3.793027552527323820e-01,3.783045569258042251e-01,3.773083261596231197e-01,3.763155240687757197e-01,3.753275498271558819e-01,3.743456896522514565e-01,3.733711779410295861e-01,3.724051543855118607e-01,3.714486623696556244e-01,3.705026852855861641e-01,3.695680855165845435e-01,3.686456591692558460e-01,3.677360952651089754e-01,3.668399971118248004e-01,3.659578834675168979e-01,3.650901749982198852e-01,3.642371957818353878e-01,3.633991817481013742e-01,3.625762974992612353e-01,3.617685809133876496e-01,3.609760232277905434e-01,3.601985019833236490e-01,3.594358316620201999e-01,3.586877217593920641e-01,3.579538233716743623e-01,3.572336972160036206e-01,3.565268523264218947e-01,3.558327111075784699e-01,3.551506169982571737e-01,3.544798761539054710e-01,3.538197228637657843e-01,3.531693418266131368e-01,3.525278572915758191e-01,3.518943554176316990e-01,3.512678794798344550e-01,3.506474336280930304e-01,3.500319815590138828e-01,3.494204590030922652e-01,3.488117998987385615e-01,3.482048986458357587e-01,3.475986302225348434e-01,3.469918777577299940e-01,3.463835174750372059e-01,3.457724246728687278e-01,3.451574834938406777e-01,3.445375709784471718e-01,3.439116121737642029e-01,3.432785351836594168e-01,3.426372971278031088e-01,3.419868786732360166e-01,3.413263093835500750e-01,3.406546502813881938e-01,3.399710225688923337e-01,3.392745730088874700e-01,3.385645181150349070e-01,3.378401248945344659e-01,3.371007313619411305e-01,3.363457290154994173e-01,3.355745733652990559e-01,3.347868164154964021e-01,3.339820498223949885e-01,3.331599810641721615e-01,3.323203611820009784e-01,3.314630507135176152e-01,3.305879787246472357e-01,3.296951618938763207e-01,3.287847208920344211e-01,3.278568385705626920e-01,3.269118009364530564e-01,3.259499943832590008e-01,3.249718867491392382e-01,3.239780205856324091e-01,3.229690669030917394e-01,3.219457423698511844e-01,3.209088913334939286e-01,3.198594202344260951e-01,3.187983445815405492e-01,3.177267387125776166e-01,3.166457838987215556e-01,3.155567251104458570e-01,3.144609041900197077e-01,3.133597230216423890e-01,3.122546617209678854e-01,3.111472673229308539e-01,3.100391599392033903e-01,3.089320158574080377e-01,3.078275664907834663e-01,3.067276086613563435e-01,3.056339741058841653e-01,3.045485505332682918e-01,3.034732629718782659e-01,3.024100718679515465e-01,3.013609564722001810e-01,3.003279471466642758e-01,2.993130581940870449e-01,2.983183520912806030e-01,2.973458726482245407e-01,2.963976805636670542e-01,2.954758347662714835e-01,2.945823711781216936e-01,2.937193201355703942e-01,2.928886917219750141e-01,2.920924641415576506e-01,2.913325853968548595e-01,2.906109700675658103e-01,2.899294803612633142e-01,2.892899220731360299e-01,2.886940547847373639e-01,2.881435895455880525e-01,2.876401357794138303e-01,2.871852586345680636e-01,2.867804311684236662e-01,2.864270467593826308e-01,2.861264230619877669e-01,2.858797601000995781e-01,2.856881745609418655e-01,2.855526896110868185e-01,2.854742187448169877e-01,2.854535411117541388e-01,2.854913532319436897e-01,2.855882253406732962e-01,2.857446082370458940e-01,2.859608152407014381e-01,2.862370664132539710e-01,2.865734192748336517e-01,2.869698280156472991e-01,2.874260935054774313e-01,2.879419159541909412e-01,2.885168191380266256e-01,2.891502283943182539e-01,2.898414177725754381e-01,2.905895424046074371e-01,2.913935827864177486e-01,2.922524502280308134e-01,2.931648680134579799e-01,2.941294480622047014e-01,2.951446850306627123e-01,2.962089285802201877e-01,2.973204034143738794e-01,2.984772291102453234e-01,2.996773817422092590e-01,3.009187411948950341e-01,3.021990618902013481e-01,3.035160056131914197e-01,3.048671104032821821e-01,3.062498240739479627e-01,3.076615004128609998e-01,3.090994034146773983e-01,3.105606986137203207e-01,3.120424947151098638e-01,3.135418070052480299e-01,3.150556044361580987e-01,3.165807652905713865e-01,3.181141376540199683e-01,3.196525096129866905e-01,3.211926287167490290e-01,3.227312097214176667e-01,3.242649471564946206e-01,3.257904853038990356e-01,3.273044869744505814e-01,3.288035801503510491e-01,3.302844242778198991e-01,3.317436736284002929e-01,3.331779739036599408e-01,3.345840230746723876e-01,3.359585397334889922e-01,3.372982675842452482e-01,3.386000175880748420e-01,3.398606251839321191e-01,3.410770158305957978e-01,3.422461404810705488e-01,3.433650554755348083e-01,3.444308891697728803e-01,3.454408297857405330e-01,3.463921820956289976e-01,3.472823553644188710e-01,3.481088386957917336e-01,3.488692447901556304e-01,3.495612862812063626e-01,3.501828304737275022e-01,3.507318319108830296e-01,3.512063903742169702e-01,3.516047325954884673e-01,3.519252540216453173e-01,3.521664374907302886e-01,3.523269662788843792e-01,3.524056372128866466e-01,3.524014207575016377e-01,3.523134222757990375e-01,3.521409141494514228e-01,3.518833270190360185e-01,3.515402611814544276e-01,3.511114459549454225e-01,3.505968178445059147e-01,3.499964331128845307e-01,3.493105424836764894e-01,3.485395174934778351e-01,3.476839519891769537e-01,3.467445471637959908e-01,3.457221735047265598e-01,3.446178767414836974e-01,3.434328335590468018e-01,3.421684011777011980e-01,3.408260563631888562e-01,3.394074303497873757e-01,3.379143152241718684e-01,3.363486015981203003e-01,3.347123687706606288e-01,3.330077653918796510e-01,3.312371257773975008e-01,3.294028526668933421e-01,3.275074851089771477e-01,3.255536907902294996e-01,3.235441899653946352e-01,3.214818514277494876e-01,3.193696073577435568e-01,3.172104797421544942e-01,3.150075704083543648e-01,3.127640449593996896e-01,3.104831461491094902e-01,3.081681700624054332e-01,3.058224438139104384e-01,3.034493726656969925e-01,3.010523574839655825e-01,2.986348562100538118e-01,2.962003285411842768e-01,2.937522628555027659e-01,2.912941511942433448e-01,2.888294529710397907e-01,2.863616620821936021e-01,2.838942360902382278e-01,2.814306005021796619e-01,2.789741551033593225e-01,2.765282714657889551e-01,2.740962597944134882e-01,2.716813805963566586e-01,2.692868505357118858e-01,2.669157946915048374e-01,2.645712920868679152e-01,2.622563202939856009e-01,2.599737929487861976e-01,2.577265236987440478e-01,2.555172274669447186e-01,2.533485202019594151e-01,2.512229157761254883e-01,2.491428199079147865e-01,2.471105181702894227e-01,2.451281791795408005e-01,2.431978518408923484e-01,2.413214498729474300e-01,2.395007703761441453e-01,2.377374682280944951e-01,2.360330732164938883e-01,2.343889712385994750e-01,2.328064131526698666e-01,2.312865157401571281e-01,2.298302386746887693e-01,2.284384168793275882e-01,2.271117364187414389e-01,2.258507492558090579e-01,2.246558579871000827e-01,2.235273196993919909e-01,2.224652701691147150e-01,2.214696957485249029e-01,2.205404329815703612e-01,2.196772093731814146e-01,2.188796087485012920e-01,2.181470903272763329e-01,2.174789869207777449e-01,2.168744983786241587e-01,2.163327082009851021e-01,2.158526026678459497e-01,2.154330411286747571e-01,2.150727756396769164e-01,2.147704670807738803e-01,2.145246642115018476e-01,2.143338468469764280e-01,2.141963813005620942e-01,2.141105821899794981e-01,2.140746575725939460e-01,2.140867770880114374e-01,2.141450247597169454e-01,2.142474417508058726e-01,2.143919998473775568e-01,2.145766602834904557e-01,2.147993084055467294e-01,2.150578288994658138e-01,2.153500522494674052e-01,2.156738220038524056e-01,2.160269485892401808e-01,2.164072445208047035e-01,2.168125088222214447e-01,2.172405735954208994e-01,2.176892753376569178e-01,2.181564562595462997e-01,2.186400059800104878e-01,2.191378324523778065e-01,2.196478902111034248e-01,2.201681780712022030e-01,2.206967351703553182e-01,2.212316761814009103e-01,2.217711415156161103e-01,2.223133827978236443e-01,2.228566817141774681e-01,2.233994345642059121e-01,2.239400734960290962e-01,2.244771511094776906e-01,2.250092925177764047e-01,2.255352098001663919e-01,2.260537299521391263e-01,2.265637409101392552e-01,2.270642803184417524e-01,2.275544423408560057e-01,2.280334633982727954e-01,2.285006530898243682e-01,2.289554567392250439e-01,2.293974237674315242e-01,2.298262051417240270e-01,2.302415561004295952e-01,2.306433784457724845e-01,2.310316306439296474e-01,2.314064331051808032e-01,2.317679895503348408e-01,2.321166149275474544e-01,2.324527329444302792e-01,2.327768731164537308e-01,2.330896686273337404e-01,2.333918587583458659e-01,2.336842667706795496e-01,2.339678281231539481e-01,2.342435572465662863e-01,2.345125710648253703e-01,2.347760469000193528e-01,2.350352773755833846e-01,2.352916003372587384e-01,2.355464393901678388e-01,2.358012917661306274e-01,2.360577091000618521e-01,2.363173056197977184e-01,2.365817283300483131e-01,2.368527052310233083e-01
8.051947433513831354e-02,8.086722143692169629e-02,8.123352184365893736e-02,8.161742880784254861e-02,8.201798023624685963e-02,8.243418748671615948e-02,8.286505379408995453e-02,8.330956100487046934e-02,8.376668291619186746e-02,8.423538004285927028e-02,8.471461167663615899e-02,8.520331966060883111e-02,8.570044931441918312e-02,8.620494763483341205e-02,8.671575559987783344e-02,8.723182035027896020e-02,8.775209677920738083e-02,8.827553747657441996e-02,8.880111453973139890e-02,8.932780885610615285e-02,8.985461341339988361e-02,9.038053206050795929e-02,9.090459404941421406e-02,9.142584403196873932e-02,9.194334806000856175e-02,9.245619337939604832e-02,9.296349421404020985e-02,9.346439221945469777e-02,9.395805426981621022e-02,9.444367450277173226e-02,9.492048293733093556e-02,9.538774096815913484e-02,9.584474059928116407e-02,9.629081049471195641e-02,9.672531662798902752e-02,9.714765385428497657e-02,9.755726996626826186e-02,9.795363491440099712e-02,9.833627333689402839e-02,9.870473977771614116e-02,9.905862742268592425e-02,9.939758436678960973e-02,9.972128598677193478e-02,1.000294554952475545e-01,1.003218621984060394e-01,1.005983080718768907e-01,1.008586444653028075e-01,1.011027652884734229e-01,1.013306001107704413e-01,1.015421249065049797e-01,1.017373582841214485e-01,1.019163525376199642e-01,1.020792073006997897e-01,1.022260580179340794e-01,1.023570795470237771e-01,1.024724834418759833e-01,1.025725170025968830e-01,1.026574710350348085e-01,1.027276607501240585e-01,1.027834441468674642e-01,1.028252012670298338e-01,1.028533529487421910e-01,1.028683454754072968e-01,1.028706501729177297e-01,1.028607736334964384e-01,1.028392373786441577e-01,1.028065956858696534e-01,1.027634176066387073e-01,1.027102963468837227e-01,1.026478437002871363e-01,1.025766881744388931e-01,1.024974649983251135e-01,1.024108393965402208e-01,1.023174702237887590e-01,1.022180381706361968e-01,1.021132243927761057e-01,1.020037171190573133e-01,1.018902136689242982e-01,1.017734041790519933e-01,1.016539839928158467e-01,1.015326492910238465e-01,1.014100872015813448e-01,1.012869805088827541e-01,1.011640048407463216e-01,1.010418307352025785e-01,1.009211105442109069e-01,1.008024908082544580e-01,1.006865962875213988e-01,1.005740477151600004e-01,1.004654338569767047e-01,1.003613415730493924e-01,1.002623152860408623e-01,1.001688950864746824e-01,1.000815954163306598e-01,1.000008992876823544e-01,9.992726831634790585e-02,9.986113884728353707e-02,9.980291810876604219e-02,9.975297754509289405e-02,9.971167052152410393e-02,9.967931207897340329e-02,9.965618591843450336e-02,9.964254850057041590e-02,9.963861674950642844e-02,9.964457993157355142e-02,9.966059103365797200e-02,9.968676864106244817e-02,9.972319717950126061e-02,9.976992937999262789e-02,9.982697846393649710e-02,9.989432428674735465e-02,9.997191651075766627e-02,1.000596689004724094e-01,1.001574561312954387e-01,1.002651231571778240e-01,1.003824831894289393e-01,1.005093116817677018e-01,1.006453575783208959e-01,1.007903319494005828e-01,1.009439212018995446e-01,1.011057783192215731e-01,1.012755257467870540e-01,1.014527629780814233e-01,1.016370564037271801e-01,1.018279502538207565e-01,1.020249588967870186e-01,1.022275863761376163e-01,1.024352917933228496e-01,1.026475323239683379e-01,1.028637359285016761e-01,1.030833182393254555e-01,1.033056706940067987e-01,1.035301734191817202e-01,1.037561923781231826e-01,1.039830795251250051e-01,1.042101768889529545e-01,1.044368161906014808e-01,1.046623237663144024e-01,1.048860181997506996e-01,1.051072094535407814e-01,1.053252092732439305e-01,1.055393321219244562e-01,1.057488800634707043e-01,1.059531737257208145e-01,1.061515206422532220e-01,1.063432457509263102e-01,1.065276771053285110e-01,1.067041442043043659e-01,1.068719983522509048e-01,1.070305946944348774e-01,1.071793025509990005e-01,1.073175065003693779e-01,1.074446022775416565e-01,1.075600095608196943e-01,1.076631659273031283e-01,1.077535200329974435e-01,1.078305516850072421e-01,1.078937564345017613e-01,1.079426545554648398e-01,1.079767893192635358e-01,1.079957343741150821e-01,1.079990824486604384e-01,1.079864601825168274e-01,1.079575157139348596e-01,1.079119287426117957e-01,1.078494095863964525e-01,1.077696942254499080e-01,1.076725528906055940e-01,1.075577890602049391e-01,1.074252278339689892e-01,1.072747356822490450e-01,1.071062057848226751e-01,1.069195665011568874e-01,1.067147771530077838e-01,1.064918251113488035e-01,1.062507358768704085e-01,1.059915651808002873e-01,1.057144016616759913e-01,1.054193619691316253e-01,1.051065992372149926e-01,1.047762905154152047e-01,1.044286550611522174e-01,1.040639289808924228e-01,1.036823865417599855e-01,1.032843293354896025e-01,1.028700868202099411e-01,1.024400119056498026e-01,1.019944953620618155e-01,1.015339424733402440e-01,1.010587886741639019e-01,1.005694926008164070e-01,1.000665380262137499e-01,9.955043251458491060e-02,9.902169696631862861e-02,9.848087983512536503e-02,9.792854671474671147e-02,9.736528346738385076e-02,9.679168929593445769e-02,9.620837948021328245e-02,9.561598274531345198e-02,9.501514784531923941e-02,9.440653196246140411e-02,9.379079580194081556e-02,9.316862015469334901e-02,9.254068975957420451e-02,9.190769918917013337e-02,9.127034465435962529e-02,9.062932897977750424e-02,8.998536271777549111e-02,8.933914923378238893e-02,8.869140727011283476e-02,8.804284116512448022e-02,8.739416245963102514e-02,8.674607940921080784e-02,8.609929199158149193e-02,8.545450411638277899e-02,8.481240680411009092e-02,8.417369136207060454e-02,8.353903581863253436e-02,8.290911022622708682e-02,8.228457828753016345e-02,8.166609419615525334e-02,8.105429351640830449e-02,8.044981050489000141e-02,7.985326132168146795e-02,7.926524472938550891e-02,7.868635940702213560e-02,7.811717068462530056e-02,7.755824447801307198e-02,7.701012363025450114e-02,7.647333110719108096e-02,7.594838664370985593e-02,7.543577967132264472e-02,7.493598789327172993e-02,7.444946837412215468e-02,7.397666574506257808e-02,7.351800478009500039e-02,7.307388665011824158e-02,7.264470237538034336e-02,7.223081701385092313e-02,7.183258108835011146e-02,7.145032515812844987e-02,7.108436860661158929e-02,7.073499866031700278e-02,7.040249708977355803e-02,7.008711808567634483e-02,6.978910681011757378e-02,6.950868452202632608e-02,6.924605531943471559e-02,6.900141095219573806e-02,6.877492485008665501e-02,6.856674415867033967e-02,6.837701830558141902e-02,6.820586654226679091e-02,6.805339507573021640e-02,6.791970427269002075e-02,6.780486875153800275e-02,6.770895222586871542e-02,6.763200969104449234e-02,6.757408005918311145e-02,6.753518837670963171e-02,6.751534695487498849e-02,6.751455926835067678e-02,6.753281474139244400e-02,6.757009467879929177e-02,6.762637011454609992e-02,6.770159687070684273e-02,6.779572790753193856e-02,6.790870608499163796e-02,6.804046001724031734e-02,6.819091672076389721e-02,6.835999261931922921e-02,6.854759739764729187e-02,6.875363444053482487e-02,6.897799665671554281e-02,6.922057344573798177e-02,6.948124755468293445e-02,6.975989599519090423e-02,7.005638953578147143e-02,7.037059353633456915e-02,7.070237106502554048e-02,7.105157366277171926e-02,7.141805226803256412e-02,7.180165364163443309e-02,7.220221576539574693e-02,7.261957472390991042e-02,7.305356125496080544e-02,7.350399935434698273e-02,7.397071463754070764e-02,7.445351768368518863e-02,7.495222113018852605e-02,7.546663125700643626e-02,7.599654732357546960e-02,7.654176274347676556e-02,7.710206941399566638e-02,7.767725010842534139e-02,7.826708014045853645e-02,7.887132922538750424e-02,7.948976127857207419e-02,8.012213443661778123e-02,8.076819353025652126e-02,8.142768659960655797e-02,8.210034337963698081e-02,8.278588788725389780e-02,8.348404050926001851e-02,8.419450424051827531e-02,8.491697687544025319e-02,8.565114799679697521e-02,8.639669485092917045e-02,8.715328413065918933e-02,8.792057216735918446e-02,8.869820249873124063e-02,8.948580805887278167e-02,9.028301282906074643e-02,9.108942033014205686e-02,9.190463234440336693e-02,9.272822569152781857e-02,9.355977173728959040e-02,9.439882597919246887e-02,9.524493528695142375e-02,9.609762313160474800e-02,9.695640730601980117e-02,9.782078448741718391e-02,9.869023985224131823e-02,9.956425011030117789e-02,1.004422670150584146e-01,1.013237334611342133e-01,1.022080773093454187e-01,1.030947150269561907e-01,1.039830394164492772e-01,1.048724403884487427e-01,1.057622885271616714e-01,1.066519367151927550e-01,1.075407364862987353e-01,1.084280141282848581e-01,1.093130828625770573e-01,1.101952582517685270e-01,1.110738280782733733e-01,1.119480803714267142e-01,1.128172832235855294e-01,1.136806993641835822e-01,1.145375857164290107e-01,1.153871798241660335e-01,1.162287271350795764e-01,1.170614507288684075e-01,1.178845760863917458e-01,1.186973207206547948e-01,1.194988980214235913e-01,1.202885223705198597e-01,1.210653953200875321e-01,1.218287284471517434e-01,1.225777292673241869e-01,1.233116030306665722e-01,1.240295586474366024e-01,1.247308131943953291e-01,1.254145847929570290e-01,1.260800929535101089e-01,1.267265726182295882e-01,1.273532615140941793e-01,1.279594106295441902e-01,1.285442798112908513e-01,1.291071416587692977e-01,1.296472826320348437e-01,1.301640052079382770e-01,1.306566251489973407e-01,1.311244836326897478e-01,1.315669366526589501e-01,1.319833563537707033e-01,1.323731434535533047e-01,1.327357200018240979e-01,1.330705312208343427e-01,1.333770558039375498e-01,1.336547840232412132e-01,1.339032518881543565e-01,1.341220125193387513e-01,1.343106619225080955e-01,1.344688118294359580e-01,1.345961269030156726e-01,1.346922841409611549e-01,1.347570142503967949e-01,1.347900823739858478e-01,1.347912800318565585e-01,1.347604377956882205e-01,1.346974448431436933e-01,1.346022016444077818e-01,1.344746689221233416e-01,1.343148400464639347e-01,1.341227546937579507e-01,1.338984872050869301e-01,1.336421660073733308e-01,1.333539499342703272e-01,1.330340411566363623e-01,1.326827028410929310e-01,1.323002227793265706e-01,1.318869354030359209e-01,1.314432214954865397e-01,1.309695077220403292e-01,1.304662575605061992e-01,1.299339843878691836e-01,1.293732349806715198e-01,1.287846029871831388e-01,1.281687251363929636e-01,1.275262715402609159e-01,1.268579613633006586e-01,1.261645470503387489e-01,1.254468221297444230e-01,1.247056119532501117e-01,1.239417867738583784e-01,1.231562427629309120e-01,1.223499112777260561e-01,1.215237658742369109e-01,1.206788026207894354e-01,1.198160466472364405e-01,1.189365566795360235e-01,1.180414126958386212e-01,1.171317237647876291e-01,1.162086236697022351e-01,1.152732639571179551e-01,1.143268137570923465e-01,1.133704715539022995e-01,1.124054398978741875e-01,1.114329416383318949e-01,1.104542088124851745e-01,1.094704886690754664e-01,1.084830338524717941e-01,1.074931049587612431e-01,1.065019595447648376e-01
6.760397568336813379e-01,6.780527702534048240e-01,6.800496563581701626e-01,6.820272676207764784e-01,6.839825291580681199e-01,6.859123721266128237e-01,6.878138111076885775e-01,6.896838917336546304e-01,6.915197508134349746e-01,6.933185589417736328e-01,6.950776047134433755e-01,6.967942131353975777e-01,6.984658053992973681e-01,7.000898988166918135e-01,7.016640991152448548e-01,7.031860885265881489e-01,7.046536799386209360e-01,7.060647604017117329e-01,7.074173147405328210e-01,7.087094768990565008e-01,7.099394602541554411e-01,7.111055956208238715e-01,7.122063456121862091e-01,7.132402637270185419e-01,7.142060541282116981e-01,7.151025101664092443e-01,7.159285925865647160e-01,7.166833335934852389e-01,7.173659368473846998e-01,7.179756720054668584e-01,7.185120012929772093e-01,7.189744656112441179e-01,7.193627537980407105e-01,7.196766706361502619e-01,7.199161301488322673e-01,7.200811756388284524e-01,7.201719847476375502e-01,7.201888495527069001e-01,7.201321537185342292e-01,7.200024240234377260e-01,7.198002798405696012e-01,7.195264554571781934e-01,7.191818137907759478e-01,7.187672657585588709e-01,7.182838818769728961e-01,7.177328023222804276e-01,7.171152627366788046e-01,7.164325638862923951e-01,7.156861354329298042e-01,7.148774472131436131e-01,7.140080783220530414e-01,7.130796729461124084e-01,7.120939248419239087e-01,7.110525734911417040e-01,7.099574918043762839e-01,7.088105357014323760e-01,7.076136169725018021e-01,7.063687224509267448e-01,7.050778684028690124e-01,7.037430808192312037e-01,7.023664274840385469e-01,7.009500076076772279e-01,6.994959399281970303e-01,6.980063314105280359e-01,6.964833426510036452e-01,6.949290999305713923e-01,6.933457233905423456e-01,6.917353605006126838e-01,6.901001330787503996e-01,6.884421221276258995e-01,6.867634363677052045e-01,6.850661133858650942e-01,6.833522118029304870e-01,6.816237078142305394e-01,6.798825652443493128e-01,6.781306965676928700e-01,6.763700047447688268e-01,6.746023031653558544e-01,6.728293675950337560e-01,6.710529149954065353e-01,6.692746141020511352e-01,6.674960696375736857e-01,6.657188616486885424e-01,6.639444324692295174e-01,6.621741855818693567e-01,6.604094887519543766e-01,6.586516022893107447e-01,6.569017370156680080e-01,6.551610072120979122e-01,6.534304768761551863e-01,6.517111258340324564e-01,6.500038520638807826e-01,6.483094767561385918e-01,6.466287800708654387e-01,6.449623916441871163e-01,6.433109556965271869e-01,6.416749769821399330e-01,6.400549205901233663e-01,6.384511338334925012e-01,6.368639619160637588e-01,6.352936329127433224e-01,6.337403160513047640e-01,6.322040948482539058e-01,6.306850256706063584e-01,6.291830677196348365e-01,6.276981651300259646e-01,6.262301448327002307e-01,6.247788128913163153e-01,6.233439242561018556e-01,6.219251830332603870e-01,6.205222323294911080e-01,6.191347110144045374e-01,6.177621505317032469e-01,6.164041096538543929e-01,6.150600916878111724e-01,6.137295733779822848e-01,6.124119734412790672e-01,6.111067445121691755e-01,6.098132910069110624e-01,6.085310171791740164e-01,6.072592712869407938e-01,6.059974628164104260e-01,6.047449385333446559e-01,6.035010993309736227e-01,6.022652919325475196e-01,6.010369308145686595e-01,5.998153869012653461e-01,5.986001027014433706e-01,5.973904820190459874e-01,5.961859991826706784e-01,5.949861257356721111e-01,5.937903602441142459e-01,5.925982639951965503e-01,5.914093998001884733e-01,5.902233790794048085e-01,5.890398651593397039e-01,5.878585628317711809e-01,5.866791825259082271e-01,5.855015497185930284e-01,5.843255042190805826e-01,5.831509269569472576e-01,5.819777566215799114e-01,5.808060219538436764e-01,5.796357729540085879e-01,5.784671328995962813e-01,5.773002645521884135e-01,5.761354262704007079e-01,5.749729147129239992e-01,5.738130797390721405e-01,5.726563452462546389e-01,5.715032130695522072e-01,5.703542107991123045e-01,5.692099432578262563e-01,5.680710827492302384e-01,5.669383647632428858e-01,5.658125568765431934e-01,5.646945187466880789e-01,5.635851312491793053e-01,5.624853647988712346e-01,5.613961941476967032e-01,5.603187172421804085e-01,5.592540146662162703e-01,5.582032396656909645e-01,5.571675797122048746e-01,5.561482972472541197e-01,5.551466534882433246e-01,5.541639478969822008e-01,5.532015465495735418e-01,5.522608078135601284e-01,5.513431442195518839e-01,5.504499688104840249e-01,5.495827181569220565e-01,5.487428741994183623e-01,5.479318915354580710e-01,5.471512470568192787e-01,5.464024353243065457e-01,5.456869461272897404e-01,5.450062463351198483e-01,5.443618295928031037e-01,5.437551570844728621e-01,5.431876771527399672e-01,5.426608265988145385e-01,5.421760135947095716e-01,5.417346275242325149e-01,5.413380123720695769e-01,5.409875237644619084e-01,5.406844071525814810e-01,5.404299311822383656e-01,5.402252969313360298e-01,5.400716444070866595e-01,5.399700788276667884e-01,5.399216350851748780e-01,5.399273321708668583e-01,5.399880750313054145e-01,5.401047511790618705e-01,5.402781315686783215e-01,5.405089486046120717e-01,5.407978970069174940e-01,5.411455293864715355e-01,5.415523529123666968e-01,5.420188250056580115e-01,5.425452825078568297e-01,5.431319963777868631e-01,5.437791672872871462e-01,5.444868907445126194e-01,5.452552121558063014e-01,5.460840424778785618e-01,5.469732415485654142e-01,5.479225986514023594e-01,5.489317606905379510e-01,5.500003404563765796e-01,5.511278499597175307e-01,5.523136963283554746e-01,5.535572403537111219e-01,5.548577163470014284e-01,5.562142998349586254e-01,5.576260870403736414e-01,5.590920979359447207e-01,5.606112488966676910e-01,5.621824006195577095e-01,5.638043221912169001e-01,5.654757497328656290e-01,5.671952959455212051e-01,5.689615569891934843e-01,5.707730084358439981e-01,5.726281125668606364e-01,5.745252545843402281e-01,5.764627677665555838e-01,5.784389268435049525e-01,5.804519510042817076e-01,5.825000407201680330e-01,5.845813056055715329e-01,5.866938731456664557e-01,5.888358075138335757e-01,5.910051330980770068e-01,5.931998790222673401e-01,5.954179956607759117e-01,5.976574775284757557e-01,5.999162643939380812e-01,6.021922968096865558e-01,6.044835198153150069e-01,6.067878524232074300e-01,6.091031960943067425e-01,6.114275333901210141e-01,6.137587819164858072e-01,6.160948944070270272e-01,6.184338561469063800e-01,6.207736498850359164e-01,6.231122894268439349e-01,6.254478405732220025e-01,6.277783695516209184e-01,6.301019533791183402e-01,6.324167854620836859e-01,6.347210349195732126e-01,6.370129202983733085e-01,6.392907561164501429e-01,6.415528322183476906e-01,6.437975841293746004e-01,6.460233956852738935e-01,6.482287976353682257e-01,6.504123135646991960e-01,6.525726044077267973e-01,6.547083130301311060e-01,6.568181942439846877e-01,6.589010922046399932e-01,6.609558386760673310e-01,6.629814051414851805e-01,6.649768074232017545e-01,6.669411338711677129e-01,6.688735526724188807e-01,6.707732898475804451e-01,6.726396543660364546e-01,6.744720023529928721e-01,6.762698038206111928e-01,6.780325628909730229e-01,6.797598525399334290e-01,6.814513576158798269e-01,6.831067886897713715e-01,6.847259283207640657e-01,6.863086369521101959e-01,6.878548393999805999e-01,6.893645065089674118e-01,6.908376961285873641e-01,6.922745023159321276e-01,6.936750707649881331e-01,6.950396328957154646e-01,6.963684276726308520e-01,6.976617827909072922e-01,6.989200438631822943e-01,7.001436336956899931e-01,7.013329588631888045e-01,7.024885312001970528e-01,7.036108356666648245e-01,7.047004129970642072e-01,7.057578567515164769e-01,7.067837700377637145e-01,7.077787387393270624e-01,7.087434326296988552e-01,7.096784584395726680e-01,7.105845248861473173e-01,7.114622827072675237e-01,7.123124067982932184e-01,7.131355711394623542e-01,7.139324620160643065e-01,7.147037365202848491e-01,7.154500668298021671e-01,7.161720923460498378e-01,7.168704590382094510e-01,7.175457978976896856e-01,7.181986852718705849e-01,7.188297049471042977e-01,7.194394186980201944e-01,7.200283344353661796e-01,7.205969344582121572e-01,7.211457202924129728e-01,7.216750692701847658e-01,7.221853855727458082e-01,7.226770110067574082e-01,7.231502623121869311e-01,7.236053968002031933e-01,7.240426428589139540e-01,7.244621812941468564e-01,7.248641177198408281e-01,7.252485609704085734e-01,7.256155333610627700e-01,7.259650411629627875e-01,7.262969941185108969e-01,7.266113208916454846e-01,7.269078368284307423e-01,7.271863656466649450e-01,7.274466387810747392e-01,7.276883606364056289e-01,7.279112035817104642e-01,7.281147591156778009e-01,7.282986070998149764e-01,7.284623055893071353e-01,7.286052811045939936e-01,7.287270335288767997e-01,7.288269599413691457e-01,7.289044376410447335e-01,7.289588261055612861e-01,7.289894294087000404e-01,7.289955373420927698e-01,7.289764131927892743e-01,7.289313123217679991e-01,7.288594532542057580e-01,7.287600517490048224e-01,7.286323084934451799e-01,7.284753987581552570e-01,7.282885171547027747e-01,7.280708480705304630e-01,7.278215728876620272e-01,7.275398694232603214e-01,7.272249560554732151e-01,7.268760277649733981e-01,7.264922972739725759e-01,7.260730388128109336e-01,7.256175270385051279e-01,7.251250203477818124e-01,7.245948570797174915e-01,7.240264376633730459e-01,7.234191034515842222e-01,7.227723431826622580e-01,7.220856192007335528e-01,7.213584759685661707e-01,7.205905041914049125e-01,7.197813510436591455e-01,7.189307107974690636e-01,7.180383463601868188e-01,7.171040899455387585e-01,7.161278557835168979e-01,7.151095855325552142e-01,7.140493164878111143e-01,7.129471663614600496e-01,7.118033481180120470e-01,7.106181093380951053e-01,7.093918019209226600e-01,7.081248497154273291e-01,7.068177990627617646e-01,7.054712348361178442e-01,7.040858189275218670e-01,7.026623679631041064e-01,7.012017165983577272e-01,6.997048096758069491e-01,6.981727062336352541e-01,6.966065204472243755e-01,6.950074619447664803e-01,6.933768010033066753e-01,6.917159794819993657e-01,6.900264186634877950e-01,6.883096906589011299e-01,6.865674151630457578e-01,6.848013174790161806e-01,6.830131851158978140e-01,6.812048958141133648e-01,6.793783712282076559e-01,6.775356356005213243e-01,6.756787665027303991e-01,6.738099242827363389e-01,6.719312864395726725e-01,6.700451401762446135e-01,6.681537992767823120e-01,6.662596360122506889e-01,6.643650607693800669e-01,6.624725432278160131e-01,6.605845805448404828e-01,6.587036973459389211e-01,6.568324589484697551e-01,6.549734443765544700e-01,6.531292515239024432e-01,6.513025324350283363e-01,6.494958894471443145e-01,6.477119566843906329e-01,6.459533804889702191e-01,6.442227809836862384e-01,6.425227557498600639e-01,6.408559236854296515e-01,6.392248528187388645e-01,6.376320991691539763e-01,6.360801841453600503e-01,6.345715646592956505e-01,6.331086804601953055e-01,6.316939260228596753e-01,6.303296258955941589e-01,6.290180523059233364e-01,6.277614206863255664e-01,6.265618766220685254e-01
5.175741790245836915e-01,5.174300036884016407e-01,5.172549295569704997e-01,5.170514400500323404e-01,5.168219682997400310e-01,5.165689545374735347e-01,5.162947604710750316e-01,5.160017350453671714e-01,5.156921332530397528e-01,5.153681731992361126e-01,5.150320054902404188e-01,5.146857194375134004e-01,5.143313076916186111e-01,5.139707076502842975e-01,5.136057287023604312e-01,5.132381506123334658e-01,5.128696290061313112e-01,5.125017203516646358e-01,5.121358995692076865e-01,5.117735587499666616e-01,5.114159299716692919e-01,5.110642186437235335e-01,5.107194692652494705e-01,5.103826518954635016e-01,5.100546246217916302e-01,5.097361422349873106e-01,5.094278671982871431e-01,5.091303417946719811e-01,5.088440076948108626e-01,5.085692424896722796e-01,5.083062826795439193e-01,5.080552840124143987e-01,5.078163282290159009e-01,5.075893824730536297e-01,5.073743556063030624e-01,5.071710402437878962e-01,5.069791592639850686e-01,5.067984072451983124e-01,5.066283413278604986e-01,5.064684917886188575e-01,5.063183139495174290e-01,5.061772190345830147e-01,5.060445419327481709e-01,5.059195867813728320e-01,5.058016449514467494e-01,5.056899133926984202e-01,5.055836085243755607e-01,5.054818817444087786e-01,5.053839083607857274e-01,5.052888011517446820e-01,5.051957022911536255e-01,5.051037182297788419e-01,5.050119938572400491e-01,5.049196437152272399e-01,5.048258347584118066e-01,5.047297067730590614e-01,5.046304580323895950e-01,5.045272783062283439e-01,5.044194375432387023e-01,5.043062110995698566e-01,5.041868875208551648e-01,5.040608619598979656e-01,5.039275479570348715e-01,5.037863872596548553e-01,5.036369269474840760e-01,5.034787187094934557e-01,5.033114216932120799e-01,5.031347395177570014e-01,5.029484381595534792e-01,5.027523601361242322e-01,5.025464105710036877e-01,5.023305704135251348e-01,5.021048968697167103e-01,5.018695098023622236e-01,5.016246097817887994e-01,5.013704882265941354e-01,5.011074692556070076e-01,5.008359790970190462e-01,5.005565197366665942e-01,5.002696324945195006e-01,4.999759692570333591e-01,4.996762057442502014e-01,4.993711511057342123e-01,4.990615822463772000e-01,4.987484156994251849e-01,4.984325797208816744e-01,4.981150844037848802e-01,4.977969733983389489e-01,4.974793385251520816e-01,4.971633120978253273e-01,4.968500905276300172e-01,4.965408588412120183e-01,4.962368636296934921e-01,4.959393617186076408e-01,4.956496531722227594e-01,4.953690088026355687e-01,4.950987403872016412e-01,4.948401637748247039e-01,4.945945864642601331e-01,4.943632962465692171e-01,4.941475769778823079e-01,4.939487101958994764e-01,4.937679367636120253e-01,4.936064678042643705e-01,4.934654832940843505e-01,4.933461070196649700e-01,4.932494522319647023e-01,4.931765508574349477e-01,4.931283928637191782e-01,4.931058855963814103e-01,4.931099138695202444e-01,4.931412501521319491e-01,4.932005913112419426e-01,4.932885893726959847e-01,4.934057691621898112e-01,4.935525966723774416e-01,4.937294415308106643e-01,4.939365726932818945e-01,4.941741734979161471e-01,4.944422926372948335e-01,4.947409212118660804e-01,4.950699096505677410e-01,4.954290193326326697e-01,4.958178983344238011e-01,4.962360784075812714e-01,4.966830017083546656e-01,4.971579650085516389e-01,4.976601789854056546e-01,4.981887324365964487e-01,4.987426337010812394e-01,4.993207441772609667e-01,4.999218412100986941e-01,5.005445795194727321e-01,5.011875108304131299e-01,5.018491296451701444e-01,5.025277814611225358e-01,5.032217365691628030e-01,5.039291929276022985e-01,5.046482322326525383e-01,5.053768833484091338e-01,5.061130710874556238e-01,5.068546810322328566e-01,5.075995138228976966e-01,5.083453258742791636e-01,5.090897950710098208e-01,5.098305814970863770e-01,5.105652834975035192e-01,5.112914854280776744e-01,5.120067335870062131e-01,5.127085395915033095e-01,5.133944645289080233e-01,5.140619880602254055e-01,5.147086564613815307e-01,5.153320017832203614e-01,5.159295602607936182e-01,5.164989580926397927e-01,5.170377734432485273e-01,5.175437110391185591e-01,5.180144973762966787e-01,5.184479018271784811e-01,5.188417898146343576e-01,5.191940950090010443e-01,5.195028704529152108e-01,5.197661893982687964e-01,5.199823205947846638e-01,5.201495758609178122e-01,5.202664086103175878e-01,5.203314210995569900e-01,5.203432861377643714e-01,5.203008962750967914e-01,5.202032364436038891e-01,5.200494417380849832e-01,5.198388463405430038e-01,5.195708946186979871e-01,5.192452606134007054e-01,5.188617387174607742e-01,5.184203319103068974e-01,5.179212226847242917e-01,5.173647601758315506e-01,5.167515084655767144e-01,5.160822107476866760e-01,5.153577911388119714e-01,5.145794085571053778e-01,5.137483609826124509e-01,5.128661962653109363e-01,5.119346335775560863e-01,5.109555863470582882e-01,5.099311802963191198e-01,5.088637233000641302e-01,5.077557069217468744e-01,5.066098441903368332e-01,5.054289909953878501e-01,5.042162351437045054e-01,5.029747884676546432e-01,5.017080832926380518e-01,5.004196949472482503e-01,4.991133802287174848e-01,4.977930115010313905e-01,4.964626650079206893e-01,4.951265203932054271e-01,4.937889042544743590e-01,4.924542664482172150e-01,4.911271855563501543e-01,4.898123253181802528e-01,4.885144809369329488e-01,4.872384801198241244e-01,4.859892947402018049e-01,4.847719173450231178e-01,4.835914183041256087e-01,4.824528996319801810e-01,4.813615167576182352e-01,4.803224028155346770e-01,4.793407590065072443e-01,4.784217217704289649e-01,4.775704856036058210e-01,4.767921220372308144e-01,4.760917529946456228e-01,4.754743866961710919e-01,4.749449835720092050e-01,4.745084208970004047e-01,4.741694998254767923e-01,4.739328945144914429e-01,4.738031703644178805e-01,4.737847236298703968e-01,4.738818839905317715e-01,4.740987798369362127e-01,4.744393442204264399e-01,4.749073642492855907e-01,4.755064592773325938e-01,4.762399857064905095e-01,4.771111198539338960e-01,4.781228179021196345e-01,4.792777753830039789e-01,4.805784788178323330e-01,4.820271229438424787e-01,4.836256516944413830e-01,4.853757521354611915e-01,4.872787966756120248e-01,4.893359143432373659e-01,4.915479029308799652e-01,4.939152846414776588e-01,4.964382600508061016e-01,4.991167118245704026e-01,5.019502378304434576e-01,5.049380793646152110e-01,5.080791735641241313e-01,5.113721355683000791e-01,5.148152502203710013e-01,5.184064724682448944e-01,5.221434310976814652e-01,5.260234145110862514e-01,5.300434243207319263e-01,5.342001029745294671e-01,5.384897596991184976e-01,5.429084337567290364e-01,5.474517874428496134e-01,5.521152437776085664e-01,5.568938814662566239e-01,5.617825033492658271e-01,5.667755574488110293e-01,5.718673045530299204e-01,5.770516922214298239e-01,5.823223499716028151e-01,5.876727340198816263e-01,5.930960343879021490e-01,5.985851708958394024e-01,6.041328684526504622e-01,6.097316328785589157e-01,6.153737937311481998e-01,6.210514481729122460e-01,6.267565890718657107e-01,6.324810080812377500e-01,6.382163465692727300e-01,6.439541466221149202e-01,6.496858285699360636e-01,6.554027245776565813e-01,6.610960738902840195e-01,6.667570494768770839e-01,6.723767747372120240e-01,6.779463895180132260e-01,6.834569549942411948e-01,6.888995836968766495e-01,6.942653635641663490e-01,6.995454760026521557e-01,7.047311116787945418e-01,7.098135471546278552e-01,7.147841864492534558e-01,7.196344811123990270e-01,7.243560410784566361e-01,7.289406051155679078e-01,7.333800684499257594e-01,7.376665345150756892e-01,7.417922485227305129e-01,7.457496844953078741e-01,7.495315373439549456e-01,7.531307360989859534e-01,7.565404572397662619e-01,7.597541598242067984e-01,7.627655494310141560e-01,7.655686566263995019e-01,7.681578037991578789e-01,7.705276543523318367e-01,7.726731181783657032e-01,7.745895645334374136e-01,7.762726159687609595e-01,7.777183210539562186e-01,7.789230134602610489e-01,7.798835138238340292e-01,7.805969357902199368e-01,7.810608127397852263e-01,7.812730945527949222e-01,7.812320951487582432e-01,7.809365788529664121e-01,7.803856785246449101e-01,7.795789592122064349e-01,7.785163965253232288e-01,7.771983531928954303e-01,7.756256786447994767e-01,7.737995521278029365e-01,7.717216298373233974e-01,7.693939524557911191e-01,7.668189129488700573e-01,7.639994411491741744e-01,7.609387393125817134e-01,7.576404723301007893e-01,7.541086535236142252e-01,7.503476803962544350e-01,7.463623610701205502e-01,7.421578193584056349e-01,7.377395544498384083e-01,7.331133969403107464e-01,7.282855462352185727e-01,7.232624788175746611e-01,7.180509796064705741e-01,7.126581446321926805e-01,7.070914021275523931e-01,7.013583711722446434e-01,6.954669528281535174e-01,6.894253030922317116e-01,6.832417718204297774e-01,6.769249767689479169e-01,6.704836666955958924e-01,6.639267818603271643e-01,6.572634580638816448e-01,6.505029382251928949e-01,6.436546056982561659e-01,6.367279297498905644e-01,6.297324984260158631e-01,6.226779662453262310e-01,6.155740323956809812e-01,6.084304382227999630e-01,6.012569482064702431e-01,5.940633103088852618e-01,5.868592851371901009e-01,5.796545639254763183e-01,5.724588296730364068e-01,5.652816283334335390e-01,5.581324933015427980e-01,5.510208127760611863e-01,5.439558488766581545e-01,5.369467519655433119e-01,5.300025037397070315e-01,5.231319027677897582e-01,5.163435833097058669e-01,5.096459979617877778e-01,5.030473344740528097e-01,4.965556026958051206e-01,4.901785431991159681e-01,4.839236388999046401e-01,4.777981584286045136e-01,4.718090097944203642e-01,4.659628755931009003e-01,4.602661247074986139e-01,4.547248254641871879e-01,4.493447119395099776e-01,4.441311911723737071e-01,4.390893699217349178e-01,4.342239726395745181e-01,4.295394098992110776e-01,4.250397497812425929e-01,4.207286674309942964e-01,4.166095116875097037e-01,4.126852626666693835e-01,4.089585378640563373e-01,4.054315737498903616e-01,4.021062723228775448e-01,3.989841330722891932e-01,3.960663274348313334e-01,3.933536508095651918e-01,3.908465236336240989e-01,3.885450219147330020e-01,3.864488785154911454e-01,3.845574582312704104e-01,3.828697912531333625e-01,3.813845581820107800e-01,3.801001504756999494e-01,3.790145750295614291e-01,3.781255680868865210e-01,3.774305340339336179e-01,3.769265995520412194e-01,3.766105650818659112e-01,3.764789986461193894e-01,3.765281600081122892e-01,3.767540942618202160e-01,3.771525411500576408e-01,3.777190568374557134e-01,3.784489626508116822e-01,3.793373368798853562e-01,3.803791026920482765e-01,3.815689821182150498e-01,3.829015386474022842e-01,3.843711517978716241e-01,3.859720757413298564e-01,3.876984402456338241e-01,3.895442416534505847e-01,3.915033910760510327e-01,3.935696998239690547e-01,3.957369162964357590e-01,3.979987215970730019e-01,4.003487639730017311e-01,4.027806190327852809e-01,4.052879161658951013e-01,4.078642283240113131e-01,4.105031358085426962e-01,4.131982670909941091e-01,4.159432702687641537e-01,4.187318574794126613e-01
1.913908271751321999e-01,1.931144080412346420e-01,1.949613342382036096e-01,1.969285827882545359e-01,1.990128992475589387e-01,2.012108183291136942e-01,2.035186449024721511e-01,2.059324663169892489e-01,2.084481916674831570e-01,2.110614955654762648e-01,2.137678999001011992e-01,2.165627254872322383e-01,2.194411306445922250e-01,2.223980997722495856e-01,2.254284735841699805e-01,2.285269549369642328e-01,2.316881006623806583e-01,2.349063438822048544e-01,2.381760173243924195e-01,2.414913372028818506e-01,2.448464392637661191e-01,2.482353748845413655e-01,2.516521244711313887e-01,2.550906183849556141e-01,2.585447265154153240e-01,2.620082983736159998e-01,2.654751491626118343e-01,2.689390904097507251e-01,2.723939394564990901e-01,2.758335163920030975e-01,2.792516453679270705e-01,2.826422346247905448e-01,2.859991991503403330e-01,2.893165307620720328e-01,2.925882820269574691e-01,2.958085935386096099e-01,2.989716957566640465e-01,3.020719244390002167e-01,3.051037113879345730e-01,3.080616517188533021e-01,3.109404398136449421e-01,3.137349203218651184e-01,3.164401141384214355e-01,3.190511822913622009e-01,3.215634683611617306e-01,3.239725011416865197e-01,3.262739827385565672e-01,3.284638445236360837e-01,3.305381918381353201e-01,3.324933645338370436e-01,3.343258955557040779e-01,3.360325896070653906e-01,3.376104447697291233e-01,3.390567061722405962e-01,3.403688696547808035e-01,3.415446751671782355e-01,3.425821021492373442e-01,3.434794162989296962e-01,3.442351106971719421e-01,3.448479482134805818e-01,3.453169599632734399e-01,3.456414466061176194e-01,3.458209626245478119e-01,3.458553384442745737e-01,3.457446541059944201e-01,3.454892861551940308e-01,3.450898444590443925e-01,3.445472284059728496e-01,3.438625920544151060e-01,3.430373382083507505e-01,3.420731322133520047e-01,3.409718983036751361e-01,3.397358069658653057e-01,3.383672790534270058e-01,3.368689587252670647e-01,3.352437477076460337e-01,3.334947520502897778e-01,3.316253262765467835e-01,3.296390359482515575e-01,3.275396365550342082e-01,3.253311075236621774e-01,3.230176093908591617e-01,3.206035075399538137e-01,3.180933193511608637e-01,3.154917580446937042e-01,3.128036839537154945e-01,3.100341026224061602e-01,3.071881724593379936e-01,3.042711846971375422e-01,3.012885434171576615e-01,2.982457797625415186e-01,2.951485065270752495e-01,2.920024382082158643e-01,2.888133579039378618e-01,2.855871486863433839e-01,2.823297133061233866e-01,2.790470326725643102e-01,2.757450958213136794e-01,2.724299418588159161e-01,2.691076134535486664e-01,2.657841487262410096e-01,2.624655912499953003e-01,2.591579525146792684e-01,2.558672275417964159e-01,2.525993614687072064e-01,2.493602369412956932e-01,2.461556965565246113e-01,2.429914890137357675e-01,2.398733000475083144e-01,2.368067054657398418e-01,2.337971792008874394e-01,2.308500866535883600e-01,2.279706787696855474e-01,2.251640465187987328e-01,2.224351712307862106e-01,2.197888733284684426e-01,2.172298100780807317e-01,2.147624757082383651e-01,2.123911996884213227e-01,2.101201154622081568e-01,2.079531860424012613e-01,2.058941664601047772e-01,2.039466185196175951e-01,2.021138978764094041e-01,2.003991471825145865e-01,1.988052840699915391e-01,1.973350213506756823e-01,1.959908359207600537e-01,1.947749770838028416e-01,1.936894658240203848e-01,1.927360830962637217e-01,1.919163721726720728e-01,1.912316487407119403e-01,1.906829665548188668e-01,1.902711568556614552e-01,1.899967937529795370e-01,1.898602206473317677e-01,1.898615197153319389e-01,1.900005567192884770e-01,1.902769338653313713e-01,1.906900216165439699e-01,1.912389599156482656e-01,1.919226430024724428e-01,1.927397357696233049e-01,1.936886761358588283e-01,1.947676645561173814e-01,1.959747006320348706e-01,1.973075460740263687e-01,1.987637515252183851e-01,2.003406743706939719e-01,2.020354543138636605e-01,2.038450341117216957e-01,2.057661774062004012e-01,2.077954448450850256e-01,2.099292239415595784e-01,2.121637409940788643e-01,2.144950357594394286e-01,2.169190094955412429e-01,2.194314049854429183e-01,2.220278196401961335e-01,2.247037194453392062e-01,2.274544396593445872e-01,2.302751974564284931e-01,2.331610994554846050e-01,2.361071602247450663e-01,2.391082784912777759e-01,2.421592743974023132e-01,2.452549136764518301e-01,2.483898683873152213e-01,2.515587593786570708e-01,2.547561585827318731e-01,2.579766013974078565e-01,2.612145824344175304e-01,2.644645812518522376e-01,2.677210490192128423e-01,2.709784488545656234e-01,2.742312215801593345e-01,2.774738564517015282e-01,2.807008201160083316e-01,2.839066477668641397e-01,2.870858707684844635e-01,2.902331050116486177e-01,2.933429892250628002e-01,2.964102309027853432e-01,2.994296101556582212e-01,3.023959872383433778e-01,3.053042914791900264e-01,3.081495454162498926e-01,3.109268730727762220e-01,3.136315165441455610e-01,3.162587941317704932e-01,3.188041726820854405e-01,3.212632208674792711e-01,3.236316432240955998e-01,3.259052813847294061e-01,3.280801142093831557e-01,3.301522484024316251e-01,3.321179745260313676e-01,3.339737026044701240e-01,3.357160112652479156e-01,3.373416436019998077e-01,3.388475119597428309e-01,3.402306749269808361e-01,3.414884000994750091e-01,3.426180798766605973e-01,3.436173326867252853e-01,3.444839168892677717e-01,3.452158021273548094e-01,3.458111031834365523e-01,3.462681660236535119e-01,3.465854793063521400e-01,3.467617482400733309e-01,3.467958334696051304e-01,3.466868076414204025e-01,3.464339229121384811e-01,3.460366063848424045e-01,3.454944927586134917e-01,3.448073935584660132e-01,3.439752784082941162e-01,3.429983460000893825e-01,3.418769470498182472e-01,3.406116284552834217e-01,3.392030924265800884e-01,3.376522419982690426e-01,3.359601295275012056e-01,3.341280061415818903e-01,3.321572809862889386e-01,3.300495306498000270e-01,3.278064873793208323e-01,3.254300546947172523e-01,3.229222814023370858e-01,3.202853910744311583e-01,3.175217292003618685e-01,3.146338079880202643e-01,3.116242830886117865e-01,3.084959432681743108e-01,3.052517028505074004e-01,3.018946161424282959e-01,2.984278738069378045e-01,2.948547724019783267e-01,2.911787319640521954e-01,2.874032926028644575e-01,2.835320932418762263e-01,2.795688819345371612e-01,2.755174958222388337e-01,2.713818832386575841e-01,2.671660882879575705e-01,2.628742147671633833e-01,2.585104639769290613e-01,2.540790996243826871e-01,2.495844746482383525e-01,2.450310019861343946e-01,2.404231488139471629e-01,2.357654321796610608e-01,2.310624479724738556e-01,2.263188029760557773e-01,2.215391703597536233e-01,2.167282647385847805e-01,2.118907949872168850e-01,2.070315391705587482e-01,2.021552724708876592e-01,1.972667921090516807e-01,1.923709229870262105e-01,1.874724770940479623e-01,1.825762708756618058e-01,1.776871372553278372e-01,1.728098763379183334e-01,1.679492998644948609e-01,1.631101971327298117e-01,1.582973270399939680e-01,1.535154339557007475e-01,1.487692345687495199e-01,1.440634007474247413e-01,1.394025728664019248e-01,1.347913652834168696e-01,1.302343078417353417e-01,1.257359139472631337e-01,1.213006298398895955e-01,1.169328411944679930e-01,1.126368614642446059e-01,1.084169519198419362e-01,1.042773057740204595e-01,1.002220143308215905e-01,9.625512179381534583e-02,9.238055717402390843e-02,8.860220105408575519e-02,8.492381337491612669e-02,8.134907175535460722e-02,7.788154278932869767e-02,7.452471831547034797e-02,7.128195645721864537e-02,6.815653064976233411e-02,6.515158712553809073e-02,6.227016288744996464e-02,5.951517548706236616e-02,5.688943437973554423e-02,5.439560861725038082e-02,5.203624188985490201e-02,4.981376165621684976e-02,4.773044639634128200e-02,4.578844349841294098e-02,4.398978039342920504e-02,4.233631825821812522e-02,4.082979175223946933e-02,3.947178459493901059e-02,3.826373466786394534e-02,3.720692964000502090e-02,3.630251456221389450e-02,3.555146165746857906e-02,3.495460705235065718e-02,3.451262399843833123e-02,3.422602501396917324e-02,3.409516464488593357e-02,3.412023913160927568e-02,3.430128529102786927e-02,3.463816828862321257e-02,3.513059289486769599e-02,3.577810576348276067e-02,3.658007832075072657e-02,3.753572771635391159e-02,3.864409560783536174e-02,3.990407347929059850e-02,4.131436656509208938e-02,4.287352903299621737e-02,4.457994867393218208e-02,4.643184884402291879e-02,4.842728659933980689e-02,5.056416285915107944e-02,5.284021132233030632e-02,5.525301389279690251e-02,5.779998119389542777e-02,6.047839185454832733e-02,6.328535101003746055e-02,6.621780788685696639e-02,6.927258700821954662e-02,7.244634867481179741e-02,7.573560354126525340e-02,7.913674536249225289e-02,8.264600530056399885e-02,8.625950038626943595e-02,8.997319908945891620e-02,9.378296192408598630e-02,9.768451651838748473e-02,1.016734743406473157e-01,1.057453334294623515e-01,1.098954926239650437e-01,1.141192273889766601e-01,1.184117366786126141e-01,1.227681035881839772e-01,1.271833473472394616e-01,1.316523904979062798e-01,1.361700863019236485e-01,1.407312099920098869e-01,1.453304792106922816e-01,1.499625453898996708e-01,1.546220385291680877e-01,1.593034926468562540e-01,1.640014516622771146e-01,1.687104049286998753e-01,1.734248353002875720e-01,1.781391817588567905e-01,1.828479129980442597e-01,1.875454474418261352e-01,1.922262586502654635e-01,1.968848007893272134e-01,2.015155635930764855e-01,2.061130635100015818e-01,2.106718482196104913e-01,2.151865226698673195e-01,2.196517281789042708e-01,2.240621678715329912e-01,2.284126281113066093e-01,2.326979534175387110e-01,2.369130824142747782e-01,2.410530336973469301e-01,2.451129460732261733e-01,2.490880207603639596e-01,2.529736248706987989e-01,2.567652138251290683e-01,2.604583821762231355e-01,2.640488500811276618e-01,2.675324881597678228e-01,2.709053172239477281e-01,2.741635145915393146e-01,2.773034008898660474e-01,2.803214988501412930e-01,2.832144705369380455e-01,2.859791865014221779e-01,2.886126793841569671e-01,2.911121931241941185e-01,2.934751553351972464e-01,2.956991928523409197e-01,2.977821549132670942e-01,2.997220835645398873e-01,3.015172395806250960e-01,3.031661065171261660e-01,3.046673846128838403e-01,3.060199900172020926e-01,3.072230825283900901e-01,3.082760242534745010e-01,3.091784460892798014e-01,3.099301769246649019e-01,3.105313017367051232e-01,3.109821145974789314e-01,3.112831699987722578e-01,3.114352425175717642e-01,3.114393408859826295e-01,3.112967184040527635e-01,3.110088420766832784e-01,3.105774256568890612e-01,3.100044028262796125e-01,3.092919388862665486e-01,3.084424297092704381e-01,3.074584592881052236e-01,3.063428751436055864e-01,3.050986988665373989e-01,3.037291787285741895e-01,3.022377657073340718e-01,3.006281038910162962e-01,2.989040324789047909e-01,2.970695829563803625e-01,2.951289604284773049e-01,2.930865463580212826e-01,2.909469014017076471e-01,2.887147244819661118e-01,2.863948897697873863e-01,2.839923880766949127e-01
4.496710915733781455e-01,4.509424840650162469e-01,4.521557500203023383e-01,4.533126217283070525e-01,4.544149689888203891e-01,4.554646892718828832e-01,4.564638226598675685e-01,4.574144163979778632e-01,4.583186281474063706e-01,4.591786645703971326e-01,4.599967499977875574e-01,4.607751730901882281e-01,4.615162545842552699e-01,4.622223304762639873e-01,4.628957484722016624e-01,4.635388810490017053e-01,4.641540897039609925e-01,4.647437155616301885e-01,4.653101177883756656e-01,4.658555940065567391e-01,4.663824496990969792e-01,4.668929185017132721e-01,4.673892131487148993e-01,4.678734916440275282e-01,4.683478349572585686e-01,4.688142911177661243e-01,4.692748204552144586e-01,4.697313037395697832e-01,4.701855492103657053e-01,4.706392805201884966e-01,4.710941215302573148e-01,4.715515978056393220e-01,4.720131382838201328e-01,4.724800880669547953e-01,4.729536491967591405e-01,4.734349285725392709e-01,4.739249173588469533e-01,4.744244869788704633e-01,4.749344072427310048e-01,4.754552963539084853e-01,4.759876653317452466e-01,4.765319300409659453e-01,4.770883259460155235e-01,4.776569939926120778e-01,4.782379697891891435e-01,4.788311275822705881e-01,4.794362416828778506e-01,4.800529698430166525e-01,4.806808092780090469e-01,4.813191980478761511e-01,4.819674229201787452e-01,4.826246452828750755e-01,4.832899595080523691e-01,4.839623098230307896e-01,4.846405716160498978e-01,4.853234748610374405e-01,4.860097131787863289e-01,4.866978347413868367e-01,4.873863407587707974e-01,4.880736308938016244e-01,4.887580338018021053e-01,4.894378158129214507e-01,4.901111639753436000e-01,4.907762193751514235e-01,4.914310588940413727e-01,4.920737188240629223e-01,4.927021902352113347e-01,4.933144418329406533e-01,4.939084004766195468e-01,4.944819816752817343e-01,4.950330881769625102e-01,4.955595918787927268e-01,4.960594034315153333e-01,4.965304096763391573e-01,4.969705160151369205e-01,4.973776532717697485e-01,4.977497527122702325e-01,4.980848362732469559e-01,4.983808854136403954e-01,4.986359968631084438e-01,4.988482775879852782e-01,4.990159219355840281e-01,4.991371371861603179e-01,4.992102465553793222e-01,4.992336341176082937e-01,4.992057537119171107e-01,4.991251675612700667e-01,4.989904975530551345e-01,4.988004803286774647e-01,4.985539489641490629e-01,4.982498264712411640e-01,4.978871606866168698e-01,4.974650878172321433e-01,4.969828877180287874e-01,4.964399144963522748e-01,4.958356918360113941e-01,4.951698203578753787e-01,4.944420453082776779e-01,4.936522382160204447e-01,4.928003801113925442e-01,4.918865994897539951e-01,4.909111493962721728e-01,4.898743757675193544e-01,4.887768065451016386e-01,4.876190600146411702e-01,4.864018887484940490e-01,4.851261759281182417e-01,4.837929392671125317e-01,4.824032797954535545e-01,4.809584759749847560e-01,4.794598575478301039e-01,4.779089192063979419e-01,4.763072632422934438e-01,4.746565731001036181e-01,4.729586516857310907e-01,4.712154104141830224e-01,4.694288629290396253e-01,4.676010821982970467e-01,4.657342598421081448e-01,4.638306694724353418e-01,4.618926481175285037e-01,4.599226233026622035e-01,4.579230481036312694e-01,4.558965046075416638e-01,4.538455854086722030e-01,4.517729451835076349e-01,4.496812703345651197e-01,4.475733122202777414e-01,4.454518181788349462e-01,4.433196140244987649e-01,4.411794799594286887e-01,4.390342699527292059e-01,4.368868040777759698e-01,4.347399266418770503e-01,4.325964569184987396e-01,4.304592211658894163e-01,4.283310085052764449e-01,4.262146124581331907e-01,4.241127645111728572e-01,4.220281958020757340e-01,4.199635551054353155e-01,4.179214772082275320e-01,4.159045228084583545e-01,4.139152020909371288e-01,4.119559678422426985e-01,4.100291983975054566e-01,4.081371977361009096e-01,4.062821993130283915e-01,4.044663441719288377e-01,4.026916923962135519e-01,4.009602215513191070e-01,3.992738129624387455e-01,3.976342359110405233e-01,3.960431691768673268e-01,3.945022070598003250e-01,3.930128108726070324e-01,3.915763534922571676e-01,3.901941001963719069e-01,3.888671931549018135e-01,3.875966686045603793e-01,3.863834368679308073e-01,3.852283439145797739e-01,3.841320649341150584e-01,3.830951824952551488e-01,3.821181805778665619e-01,3.812014171860524936e-01,3.803451296715747998e-01,3.795494670336306275e-01,3.788144598927518092e-01,3.781400207877479991e-01,3.775259707697183886e-01,3.769720437761606147e-01,3.764778231175510692e-01,3.760428505439128433e-01,3.756665489139801584e-01,3.753482499640304337e-01,3.750871997519418244e-01,3.748825707326255974e-01,3.747334269704771237e-01,3.746388063854627637e-01,3.745976303133263241e-01,3.746087861705884037e-01,3.746710776211342742e-01,3.747832620105207013e-01,3.749440462280233533e-01,3.751520800384151033e-01,3.754059798920698632e-01,3.757043437780624440e-01,3.760456877638722051e-01,3.764285545624966312e-01,3.768514268994927474e-01,3.773128138664618714e-01,3.778111586803161170e-01,3.783449498658442156e-01,3.789126440736628743e-01,3.795127103753312969e-01,3.801436392284100463e-01,3.808039339700824422e-01,3.814920873513489297e-01,3.822066560987943395e-01,3.829461993718926704e-01,3.837093147181940278e-01,3.844946565535799499e-01,3.853008812326016441e-01,3.861267229403533285e-01,3.869709667617031723e-01,3.878323987778866111e-01,3.887099379288900813e-01,3.896024938366156043e-01,3.905090790389398325e-01,3.914287359900142094e-01,3.923606088031615369e-01,3.933038741257500748e-01,3.942578032797988130e-01,3.952217219738253240e-01,3.961950371984074848e-01,3.971772073639168177e-01,3.981678027884393845e-01,3.991664097851072013e-01,4.001727413436239611e-01,4.011865618896375274e-01,4.022076818135513210e-01,4.032360267968007062e-01,4.042715532897717678e-01,4.053143201528371375e-01,4.063644169278767260e-01,4.074220218140961469e-01,4.084873694884597617e-01,4.095607283845174029e-01,4.106424591951436387e-01,4.117329358754280300e-01,4.128326377894369625e-01,4.139420272670036871e-01,4.150616418261896534e-01,4.161920580666898517e-01,4.173338823004508202e-01,4.184877168371241574e-01,4.196542345673577867e-01,4.208341211690174166e-01,4.220280550291059529e-01,4.232367268742974198e-01,4.244608587985750359e-01,4.257011442127305867e-01,4.269582774183176554e-01,4.282329567501333978e-01,4.295258341071328534e-01,4.308375747587490645e-01,4.321688028374469082e-01,4.335200851738527095e-01,4.348920103694052797e-01,4.362850451112241235e-01,4.376996765112927679e-01,4.391363193710564605e-01,4.405953044318559608e-01,4.420769282224113472e-01,4.435814088537916589e-01,4.451089035439680930e-01,4.466594547355273725e-01,4.482330826852538030e-01,4.498296775254422841e-01,4.514490526477381027e-01,4.530909417562920538e-01,4.547549644237793287e-01,4.564406437343078715e-01,4.581474246675883433e-01,4.598746119548933753e-01,4.616214260794974655e-01,4.633869828291047321e-01,4.651702653316287517e-01,4.669701644750873237e-01,4.687854593879673959e-01,4.706148113381765086e-01,4.724567462708983423e-01,4.743097167914761547e-01,4.761720348800381752e-01,4.780419010213231013e-01,4.799174231654693146e-01,4.817965796880077090e-01,4.836772295440305847e-01,4.855571708997199476e-01,4.874340561328020516e-01,4.893054601095390144e-01,4.911688188984406622e-01,4.930215513997328047e-01,4.948608980489055398e-01,4.966840831225914354e-01,4.984882036458648247e-01,5.002703191528286020e-01,5.020273736643613427e-01,5.037562768619117115e-01,5.054538735139307848e-01,5.071169310020288146e-01,5.087422001986082742e-01,5.103263713536870805e-01,5.118660954395790608e-01,5.133580193690633342e-01,5.147987485976723843e-01,5.161848703462892374e-01,5.175129824064571560e-01,5.187796759744748298e-01,5.199815442244833941e-01,5.211152105793196432e-01,5.221773266433301641e-01,5.231645536607334446e-01,5.240736229413286429e-01,5.249012888477744276e-01,5.256443804101702533e-01,5.262997874468464676e-01,5.268644817367901245e-01,5.273355040768257229e-01,5.277099932061556364e-01,5.279851677579436853e-01,5.281583898130424171e-01,5.282271021011348822e-01,5.281888849933836783e-01,5.280414228152526812e-01,5.277825857911029317e-01,5.274103190487633430e-01,5.269227723636091820e-01,5.263182312834004950e-01,5.255951292845911782e-01,5.247520936508119904e-01,5.237879118806048062e-01,5.227015433457625759e-01,5.214921355924637680e-01,5.201590259244880388e-01,5.187017597203137376e-01,5.171200500460382266e-01,5.154138274702101397e-01,5.135832161465802015e-01,5.116285479269755410e-01,5.095503733251253164e-01,5.073494275051109170e-01,5.050266948791078958e-01,5.025833397969424743e-01,5.000207396636979773e-01,4.973405131466043239e-01,4.945444378551442366e-01,4.916345554705431886e-01,4.886130970833750253e-01,4.854824899682324557e-01,4.822453715496339832e-01,4.789046082975157992e-01,4.754632227997159233e-01,4.719244679542704546e-01,4.682917675247044720e-01,4.645687538417838103e-01,4.607592086137104470e-01,4.568671182540819387e-01,4.528966230270860538e-01,4.488520480233046395e-01,4.447378531327887963e-01,4.405586608386650727e-01,4.363192351558788373e-01,4.320244835126905714e-01,4.276794196134932058e-01,4.232892017676785357e-01,4.188590853258661872e-01,4.143944183467284659e-01,4.099006788643497212e-01,4.053833839047055188e-01,4.008481294931834915e-01,3.963006129835901503e-01,3.917465480915818254e-01,3.871917093583489566e-01,3.826418949502873312e-01,3.781029331957417305e-01,3.735806486286649686e-01,3.690808913171262362e-01,3.646094910883336260e-01,3.601722423770070125e-01,3.557749477423846063e-01,3.514233149915099164e-01,3.471230319955764809e-01,3.428797402846033848e-01,3.386989803681645372e-01,3.345862139637068577e-01,3.305468111584351498e-01,3.265860421440949235e-01,3.227090693620705553e-01,3.189209228237343541e-01,3.152264912240207440e-01,3.116305530588242001e-01,3.081377036556755544e-01,3.047524094736113742e-01,3.014789339950890712e-01,2.983213978210377260e-01,2.952837306135990825e-01,2.923696743000884779e-01,2.895827540488029039e-01,2.869263332535482158e-01,2.844035225034485803e-01,2.820172569975149535e-01,2.797702225679596921e-01,2.776648915624012059e-01,2.757035227457755311e-01,2.738881286106977231e-01,2.722204944847572139e-01,2.707021520263321879e-01,2.693344180636216278e-01,2.681183576402659252e-01,2.670547901072559682e-01,2.661442804771259052e-01,2.653871793054177197e-01,2.647835681663046059e-01,2.643333186092606812e-01,2.640360029289553490e-01,2.638910137008529944e-01,2.638974921623380432e-01,2.640543164753998973e-01,2.643601650656142166e-01,2.648134715479780743e-01,2.654124552570387707e-01,2.661551142849598039e-01,2.670392396583974870e-01,2.680624098859281657e-01,2.692219951601660388e-01,2.705151798947440511e-01,2.719389579824201819e-01,2.734901283526144922e-01,2.751653424552505944e-01,2.769610635385305608e-01,2.788735970484903515e-01,2.808991068039680683e-01,2.830336086097887116e-01,2.852729991238650564e-01,2.876130349905638983e-01
2.600435085691751302e-01,2.571057042174874074e-01,2.541515429837252760e-01,2.511836181884582464e-01,2.482045819031406253e-01,2.452171662260479168e-01,2.422241952974656942e-01,2.392285360364969082e-01,2.362331345666753291e-01,2.332409895582568393e-01,2.302551682541846001e-01,2.272787770217493675e-01,2.243149926710344411e-01,2.213670100357435222e-01,2.184380797159888032e-01,2.155314890888074264e-01,2.126505492655803020e-01,2.097986045886295614e-01,2.069790142452671844e-01,2.041951394753341309e-01,2.014503836170895845e-01,1.987481308699653448e-01,1.960917591936708615e-01,1.934846662545640361e-01,1.909301957031738772e-01,1.884317235251009581e-01,1.859925580173029114e-01,1.836159836750208274e-01,1.813052681876602956e-01,1.790636328128082377e-01,1.768942251384523767e-01,1.748001627652355783e-01,1.727844941060422412e-01,1.708502014027655780e-01,1.690001994062779733e-01,1.672373121508652083e-01,1.655642929460999224e-01,1.639837887126236737e-01,1.624983591809217309e-01,1.611104744178637471e-01,1.598224793321108561e-01,1.586366086775574114e-01,1.575549913232956734e-01,1.565796198130444961e-01,1.557123724559880962e-01,1.549549795055714385e-01,1.543090510122726855e-01,1.537760452273730649e-01,1.533572747689070925e-01,1.530539032320899495e-01,1.528669525442683252e-01,1.527972772271029012e-01,1.528455741401182899e-01,1.530123775354971238e-01,1.532980526237585905e-01,1.537028077975692852e-01,1.542266683393454241e-01,1.548695052357060842e-01,1.556309965884248303e-01,1.565106656634391857e-01,1.575078375826466093e-01,1.586216845185345337e-01,1.598511809850642063e-01,1.611951480256878233e-01,1.626522162943699612e-01,1.642208327200769813e-01,1.658992981551118406e-01,1.676857133616498907e-01,1.695780190920052610e-01,1.715739904132272953e-01,1.736712213069321054e-01,1.758671688513508136e-01,1.781590879017724283e-01,1.805441079470688215e-01,1.830192014426221259e-01,1.855811762088751538e-01,1.882266945479862119e-01,1.909522930642610083e-01,1.937543509054208968e-01,1.966291228212538322e-01,1.995727557464681834e-01,2.025812369219131270e-01,2.056504702901623127e-01,2.087762510568037244e-01,2.119542443471646165e-01,2.151800437833281399e-01,2.184491373923143631e-01,2.217569639964546424e-01,2.250988320787299934e-01,2.284700473159655132e-01,2.318657990976790151e-01,2.352812586210076551e-01,2.387115283064662474e-01,2.421517205352290703e-01,2.455968569337456942e-01,2.490419897783031633e-01,2.524821381175478274e-01,2.559123101683362655e-01,2.593275450126990567e-01,2.627228757032679107e-01,2.660933617192444145e-01,2.694340982332618650e-01,2.727402147047744418e-01,2.760068915009474266e-01,2.792293614258393730e-01,2.824029371038723202e-01,2.855229810370457089e-01,2.885849421918176283e-01,2.915843795058693511e-01,2.945169220244948649e-01,2.973783188358772867e-01,3.001644298969647351e-01,3.028712291102915177e-01,3.054948135973057921e-01,3.080314430306009266e-01,3.104774686442531295e-01,3.128294404766818748e-01,3.150840275343532171e-01,3.172380661508105160e-01,3.192885787340229986e-01,3.212327146056556115e-01,3.230678619711292998e-01,3.247915311907426661e-01,3.264014538475876748e-01,3.278955292830003088e-01,3.292718719458808674e-01,3.305287741613663899e-01,3.316647542303023943e-01,3.326785019860015735e-01,3.335689414294982780e-01,3.343351896618131924e-01,3.349765781955642563e-01,3.354926438147552981e-01,3.358831540259076820e-01,3.361480658224105245e-01,3.362875671711356707e-01,3.363020486097028083e-01,3.361921244707303802e-01,3.359586005296621436e-01,3.356025104179240492e-01,3.351250988405978792e-01,3.345278081669067483e-01,3.338122828955926158e-01,3.329803671677710741e-01,3.320341114214230838e-01,3.309757637935779040e-01,3.298077519043648986e-01,3.285326833587568496e-01,3.271533750041590860e-01,3.256727861872018015e-01,3.240940787116671218e-01,3.224205657784702805e-01,3.206557034800013861e-01,3.188031359127748154e-01,3.168666317081541006e-01,3.148501014616610916e-01,3.127576018640210731e-01,3.105933096593634923e-01,3.083615078506678486e-01,3.060666037556404873e-01,3.037131197129560034e-01,3.013056477902238961e-01,2.988488901641401796e-01,2.963476113786992494e-01,2.938066612357546070e-01,2.912309454196643776e-01,2.886254125641528612e-01,2.859950801910657869e-01,2.833449827896369344e-01,2.806801879312794679e-01,2.780057860450673712e-01,2.753268786818583447e-01,2.726485672106274127e-01,2.699759165892564039e-01,2.673140285191723531e-01,2.646679285026257711e-01,2.620426565975360056e-01,2.594431605506815619e-01,2.568743777281790042e-01,2.543411569825139162e-01,2.518482942123931867e-01,2.494005251147181912e-01,2.470024573119392330e-01,2.446586596037711447e-01,2.423735621383652783e-01,2.401515058041663875e-01,2.379967211481886780e-01,2.359133209479358506e-01,2.339052758942695154e-01,2.319764285327249043e-01,2.301305006346509308e-01,2.283710486333416778e-01,2.267014951003974987e-01,2.251250897544309071e-01,2.236449295268853332e-01,2.222639657662671964e-01,2.209849368893188615e-01,2.198104613730894330e-01,2.187429403176462672e-01,2.177846217113034999e-01,2.169375465699486250e-01,2.162036013658891753e-01,2.155844483209227169e-01,2.150816014691209754e-01,2.146963510176419787e-01,2.144298079061795204e-01,2.142829042802193718e-01,2.142563522262186659e-01,2.143506853347744434e-01,2.145662536858056746e-01,2.149032023079452958e-01,2.153614858735223292e-01,2.159408835584005759e-01,2.166409602404616719e-01,2.174611228633344939e-01,2.184005830557175787e-01,2.194583627660636471e-01,2.206333266527072956e-01,2.219241378369324613e-01,2.233293110364162615e-01,2.248471778632469276e-01,2.264759188769295273e-01,2.282135510373377307e-01,2.300579396107788333e-01,2.320067900286508777e-01,2.340576740968121905e-01,2.362080083834018074e-01,2.384551011018993805e-01,2.407961174289120210e-01,2.432280891708959447e-01,2.457479584601975076e-01,2.483525320857178087e-01,2.510385295317910659e-01,2.538025707766220496e-01,2.566411690506584797e-01,2.595507806885459789e-01,2.625277540120116160e-01,2.655684001429471364e-01,2.686689307332331689e-01,2.718255319709160234e-01,2.750343191151184419e-01,2.782913721121713646e-01,2.815927479927791133e-01,2.849344422634234597e-01,2.883124585848782506e-01,2.917227642287593681e-01,2.951613478035692295e-01,2.986241563936632426e-01,3.021071627125629377e-01,3.056063688553373181e-01,3.091177526298415912e-01,3.126373518716389355e-01,3.161612262571283916e-01,3.196854532304624352e-01,3.232061753367493906e-01,3.267195810065608441e-01,3.302218859418517560e-01,3.337094209582897042e-01,3.371785143305778831e-01,3.406256145337893115e-01,3.440472238782389391e-01,3.474399286025341982e-01,3.508003708760495942e-01,3.541253445144030843e-01,3.574116773074308417e-01,3.606563117477892821e-01,3.638563043406105035e-01,3.670087832860376431e-01,3.701110152824755306e-01,3.731603445045016954e-01,3.761542490870119493e-01,3.790903139733892147e-01,3.819662512769852469e-01,3.847798579642822681e-01,3.875290658509672470e-01,3.902119591308461644e-01,3.928266971295888421e-01,3.953715884330034624e-01,3.978450448184405186e-01,4.002456286777968386e-01,4.025720019869081789e-01,4.048229654823920498e-01,4.069974348771288053e-01,4.090944438929799420e-01,4.111131736497715128e-01,4.130528937959123126e-01,4.149130167065077646e-01,4.166930585267009102e-01,4.183926576378099171e-01,4.200115846889195259e-01,4.215496941314619828e-01,4.230069846432514269e-01,4.243835316931333090e-01,4.256795399238514355e-01,4.268953170669522179e-01,4.280312584462745984e-01,4.290878756155316887e-01,4.300657617194230675e-01,4.309656153033140646e-01,4.317882106143214327e-01,4.325344322098503835e-01,4.332052270574242581e-01,4.338016266737036442e-01,4.343247379727563362e-01,4.347757659810003728e-01,4.351559241572282577e-01,4.354665761757838816e-01,4.357090730517333421e-01,4.358848818336389375e-01,4.359954629616001331e-01,4.360423884679561213e-01,4.360272500098197890e-01,4.359516879355291308e-01,4.358173648032568348e-01,4.356260244816834160e-01,4.353793834985058009e-01,4.350792370519941943e-01,4.347273869646649525e-01,4.343256672732108692e-01,4.338758934884907603e-01,4.333799531408700778e-01,4.328397139533606830e-01,4.322570537067399465e-01,4.316338533552510626e-01,4.309720003788973242e-01,4.302733965708162578e-01,4.295399212874884132e-01,4.287734456589430976e-01,4.279758458510908303e-01,4.271489829482434941e-01,4.262946916029746180e-01,4.254148131244449016e-01,4.245111489676520744e-01,4.235854698549028075e-01,4.226395663993523510e-01,4.216751452993034999e-01,4.206939560995331950e-01,4.196976542715252223e-01,4.186878802474461869e-01,4.176662693623960365e-01,4.166344032065063541e-01,4.155938312479164898e-01,4.145460485767269443e-01,4.134925498099754071e-01,4.124347431378586615e-01,4.113740509616151675e-01,4.103118121233456095e-01,4.092493271335066463e-01,4.081878758989667677e-01,4.071286850343838748e-01,4.060729293604432577e-01,4.050217422473933460e-01,4.039762168839827194e-01,4.029374025101614687e-01,4.019063085916154687e-01,4.008838876679136631e-01,3.998710448581869747e-01,3.988686366491224211e-01,3.978774866664894216e-01,3.968983909078002137e-01,3.959320588329011126e-01,3.949791610713402901e-01,3.940403451101746612e-01,3.931162202005489270e-01,3.922073211806803017e-01,3.913141382630360710e-01,3.904371437001213918e-01,3.895767548754047738e-01,3.887333309943519777e-01,3.879072181193224944e-01,3.870986891522514295e-01,3.863079911613063189e-01,3.855353319093877129e-01,3.847808672293097643e-01,3.840447182469023391e-01,3.833269568363705804e-01,3.826276359519260040e-01,3.819467332917663716e-01,3.812842358537300025e-01,3.806400523209525488e-01,3.800140612902393467e-01,3.794061182449807723e-01,3.788160214880043064e-01,3.782435494690385980e-01,3.776884304262330128e-01,3.771503628424205945e-01,3.766290208828039776e-01,3.761240171210012417e-01,3.756349446676280346e-01,3.751613630815925915e-01,3.747028027402491412e-01,3.742587505557232186e-01,3.738286476308584905e-01,3.734119292433965009e-01,3.730079966611813957e-01,3.726161839280779930e-01,3.722358338230783437e-01,3.718662250595528018e-01,3.715066289022889157e-01,3.711562902250092333e-01,3.708143986873227438e-01,3.704801231837687725e-01,3.701526218813334101e-01,3.698309974561314606e-01,3.695143417580369904e-01,3.692017154949712721e-01,3.688921594727855857e-01,3.685846583105845120e-01,3.682782066347422001e-01,3.679717628015292674e-01,3.676642480567093862e-01,3.673545846831718364e-01,3.670416516246692296e-01,3.667243088369412374e-01,3.664014201908056823e-01,3.660717936331719935e-01,3.657342172030005334e-01,3.653875201199555667e-01,3.650304442271963823e-01,3.646617699271120228e-01,3.642802175100428030e-01,3.638845337160657167e-01,3.634734433057325020e-01,3.630456497549287564e-01,3.625998480712732674e-01,3.621347548430635666e-01,3.616490658063012953e-01
9.402682115809077867e-01,9.381211787556328341e-01,9.359663486860134718e-01,9.338069768916734681e-01,9.316463528915447379e-01,9.294876912563609928e-01,9.273342179161098153e-01,9.251890372492280745e-01,9.230552556385415164e-01,9.209359061310083971e-01,9.188339277677129990e-01,9.167522188828068908e-01,9.146936037523855090e-01,9.126607793342043085e-01,9.106564299991741773e-01,9.086830681467199522e-01,9.067431688193338113e-01,9.048390810142902252e-01,9.029730862052821605e-01,9.011472787451131339e-01,8.993637178173031765e-01,8.976243551162965684e-01,8.959309767665334379e-01,8.942852899175293135e-01,8.926888826354091311e-01,8.911431880730126265e-01,8.896495972576066169e-01,8.882093071352414881e-01,8.868234263041196996e-01,8.854929729400120575e-01,8.842187880686518398e-01,8.830016394925285228e-01,8.818421626398480484e-01,8.807409020066132577e-01,8.796982515592958185e-01,8.787145140304509772e-01,8.777898939814545720e-01,8.769244720465771969e-01,8.761182736081110090e-01,8.753711294640811325e-01,8.746828877731022134e-01,8.740532295841275667e-01,8.734817950991857760e-01,8.729680782804010164e-01,8.725115517539978605e-01,8.721116114343349102e-01,8.717675497432653131e-01,8.714786205152867948e-01,8.712439990715004079e-01,8.710628196133159973e-01,8.709341314519053467e-01,8.708570110065981806e-01,8.708304050005204466e-01,8.708533168811879444e-01,8.709245992711490691e-01,8.710431963276201728e-01,8.712079850024534444e-01,8.714178163415223777e-01,8.716715341648679782e-01,8.719679978657397523e-01,8.723060559571783612e-01,8.726845166488815808e-01,8.731022756528552531e-01,8.735581749045715494e-01,8.740511285015840626e-01,8.745800123116533875e-01,8.751437649063577018e-01,8.757413464622763044e-01,8.763717425323720445e-01,8.770339897849486199e-01,8.777271380725062411e-01,8.784503046081653110e-01,8.792026335485035871e-01,8.799832969975966979e-01,8.807915663570011766e-01,8.816267295030962847e-01,8.824881164250072407e-01,8.833751365825146529e-01,8.842872155696052117e-01,8.852238558638646504e-01,8.861846636926361542e-01,8.871691794477520876e-01,8.881771105728469839e-01,8.892081891065347632e-01,8.902621556614100928e-01,8.913388470765484239e-01,8.924381659793835242e-01,8.935599996216151419e-01,8.947043509959182739e-01,8.958711976264064347e-01,8.970606618543383037e-01,8.982727976118921598e-01,8.995077743763573164e-01,9.007657571059273227e-01,9.020469413188777486e-01,9.033516120891544876e-01,9.046799837821509760e-01,9.060323297509171869e-01,9.074089761577769364e-01,9.088102408905751606e-01,9.102364352290025495e-01,9.116878743193992385e-01,9.131648926836413160e-01,9.146677959876828856e-01,9.161969318076889079e-01,9.177525559276203948e-01,9.193349801944583621e-01,9.209444530940900098e-01,9.225812138084773517e-01,9.242454435372493560e-01,9.259372945052879444e-01,9.276569060878935291e-01,9.294043671052619748e-01,9.311796645100233194e-01,9.329827736195639432e-01,9.348136104495202714e-01,9.366720447257244064e-01,9.385578134372289938e-01,9.404706671670862717e-01,9.424102074187584721e-01,9.443759998526018995e-01,9.463675322953275515e-01,9.483842016259796948e-01,9.504253120069424687e-01,9.524900496839030506e-01,9.545775743731056417e-01,9.566869079336813853e-01,9.588170230458017418e-01,9.609667134842380110e-01,9.631347538999071034e-01,9.653197871936586294e-01,9.675203742679638896e-01,9.697349492033470186e-01,9.719618591012926245e-01,9.741994128671825903e-01,9.764457266415266234e-01,9.786988663748001915e-01,9.809568378117486942e-01,9.832174779875002546e-01,9.854786046180666892e-01,9.877379146287722511e-01,9.899930449260457843e-01,9.922414959309376892e-01,9.944807566210641658e-01,9.967082085680371017e-01,9.989211820379257922e-01,1.001116921331826948e+00,1.003292611189646300e+00,1.005445389110467325e+00,1.007572362735224880e+00,1.009670547553602082e+00,1.011736990340610598e+00,1.013768644071190828e+00,1.015762450549502205e+00,1.017715346582575009e+00,1.019624256664876549e+00,1.021486061912242116e+00,1.023297731974778246e+00,1.025056130544856003e+00,1.026758211737704318e+00,1.028400963388562905e+00,1.029981335807929055e+00,1.031496358403983127e+00,1.032943123177135547e+00,1.034318750154503475e+00,1.035620458637781738e+00,1.036845440835746812e+00,1.037991059102554736e+00,1.039054740861889758e+00,1.040033977001358689e+00,1.040926378381270778e+00,1.041729654394902171e+00,1.042441641970151434e+00,1.043060260118509275e+00,1.043583603905833046e+00,1.044009832520470304e+00,1.044337329552107674e+00,1.044564554272231716e+00,1.044690151981743975e+00,1.044712901479967204e+00,1.044631792152807215e+00,1.044445908897933206e+00,1.044154550832365969e+00,1.043757197236116596e+00,1.043253488369691118e+00,1.042643239019251045e+00,1.041926464162510557e+00,1.041103408041796907e+00,1.040174425858670038e+00,1.039140099955675689e+00,1.038001234052225552e+00,1.036758819008211319e+00,1.035413960874534522e+00,1.033968115089317852e+00,1.032422783243533759e+00,1.030779754316256680e+00,1.029040976062127966e+00,1.027208573410432368e+00,1.025284934897822131e+00,1.023272529896652294e+00,1.021174082579087594e+00,1.018992502395492661e+00,1.016730843903494552e+00,1.014392323305044030e+00,1.011980363714929831e+00,1.009498547029534787e+00,1.006950574561438438e+00,1.004340334166797355e+00,1.001671840425941484e+00,9.989492623953313277e-01,9.961768633437315668e-01,9.933590879461163814e-01,9.905004079578211273e-01,9.876055156462194562e-01,9.846790747494204021e-01,9.817259601744811048e-01,9.787510063441637875e-01,9.757592318454075819e-01,9.727556322946226963e-01,9.697452816504426032e-01,9.667333037261414130e-01,9.637248342874120688e-01,9.607250722632989515e-01,9.577391314047833948e-01,9.547722436700359916e-01,9.518295470775494094e-01,9.489161573259028426e-01,9.460372529407905517e-01,9.431977819576664590e-01,9.404028474734061893e-01,9.376573246931328987e-01,9.349661296735821692e-01,9.323340177666292750e-01,9.297656526924497067e-01,9.272656275724016073e-01,9.248384046427079452e-01,9.224883123237944682e-01,9.202195084624611443e-01,9.180361054392683906e-01,9.159419422876788897e-01,9.139407794676752683e-01,9.120361705161634802e-01,9.102315028329711621e-01,9.085299409119946823e-01,9.069345144501634870e-01,9.054479931676295834e-01,9.040729692452541544e-01,9.028118376026853520e-01,9.016667200445672714e-01,9.006395692376120143e-01,8.997320726398291280e-01,8.989456771911017441e-01,8.982816551348073997e-01,8.977409695727537331e-01,8.973243417901231034e-01,8.970323088330224293e-01,8.968650625258430820e-01,8.968226752781757183e-01,8.969048741121752322e-01,8.971111412108001559e-01,8.974407384633633633e-01,8.978926962299658143e-01,8.984657927405277356e-01,8.991585123091263565e-01,8.999691715340446541e-01,9.008958112573511867e-01,9.019361996365086176e-01,9.030879862004271841e-01,9.043484934576112577e-01,9.057148828454465450e-01,9.071840626995113510e-01,9.087528144365475402e-01,9.104176148598529528e-01,9.121748087517228543e-01,9.140205972249083599e-01,9.159508953207378124e-01,9.179615344636874452e-01,9.200481915858066406e-01,9.222063437810900099e-01,9.244313781308503009e-01,9.267185245480873412e-01,9.290629171777650130e-01,9.314595367797656733e-01,9.339033228368019968e-01,9.363890962608186763e-01,9.389116234558249063e-01,9.414655916953945658e-01,9.440456286500181760e-01,9.466463127331136151e-01,9.492622781641969487e-01,9.518880440226478168e-01,9.545181519093278721e-01,9.571471829374346152e-01,9.597696887832699586e-01,9.623802942949560846e-01,9.649736494588171398e-01,9.675444630354386177e-01,9.700874906867595904e-01,9.725975839639707798e-01,9.750697138728935398e-01,9.774988666889984357e-01,9.798802311887877536e-01,9.822090573003978697e-01,9.844807333799718840e-01,9.866907894093802645e-01,9.888349819542008312e-01,9.909090767869748184e-01,9.929091637866456210e-01,9.948313707504015113e-01,9.966721479383270355e-01,9.984280092614956637e-01,1.000095756816741455e+00,1.001672359382402622e+00,1.003155008068710607e+00,1.004541117559479391e+00,1.005828346275276175e+00,1.007014519068223146e+00,1.008097706880332733e+00,1.009076307218257584e+00,1.009948854814589403e+00,1.010714151216578038e+00,1.011371251645448055e+00,1.011919464938613844e+00,1.012358345311506813e+00,1.012687648892348191e+00,1.012907463454006063e+00,1.013018006574825991e+00,1.013019851849366493e+00,1.012913736687373722e+00,1.012700669664696962e+00,1.012381881716892140e+00,1.011958879831200919e+00,1.011433322128901580e+00,1.010807134409369867e+00,1.010082451764252376e+00,1.009261657432598103e+00,1.008347268862229473e+00,1.007342052155004275e+00,1.006248969574325969e+00,1.005071120223203884e+00,1.003811837112731142e+00,1.002474576775306714e+00,1.001063005572418119e+00,9.995808629765461362e-01,9.980321164426655400e-01,9.964208049957357094e-01,9.947510927560331284e-01,9.930272867640009826e-01,9.912537610933622734e-01,9.894350128894930929e-01,9.875756032651276106e-01,9.856801360158666814e-01,9.837532982712979823e-01,9.817998597286506923e-01,9.798245219784597060e-01,9.778321049808345045e-01,9.758273853955966581e-01,9.738151961531206213e-01,9.718003019016627775e-01,9.697874705616562618e-01,9.677814118302064950e-01,9.657868488050580513e-01,9.638083995354327360e-01,9.618506172155258938e-01,9.599180043660153760e-01,9.580149294652625658e-01,9.561457538219915175e-01,9.543146188348293757e-01,9.525256249353648563e-01,9.507827479447046315e-01,9.490897725082716452e-01,9.474504104458923992e-01,9.458681707152510887e-01,9.443464058287850404e-01,9.428883259502857106e-01,9.414969730891264987e-01,9.401751735764521944e-01,9.389255842909333127e-01,9.377507150100241606e-01,9.366527679105842719e-01,9.356338845907862245e-01,9.346959104492134074e-01,9.338404760788033832e-01,9.330690532787753178e-01,9.323828814334035320e-01,9.317829504168300137e-01,9.312700503890037895e-01,9.308447956254732869e-01,9.305075180671306123e-01,9.302583543085012341e-01,9.300972418131736585e-01,9.300238456365264028e-01,9.300376858989031215e-01,9.301380343848691945e-01,9.303239045588428402e-01,9.305941992995948597e-01,9.309475593517041458e-01,9.313823997031005497e-01,9.318970178759303780e-01,9.324894130090518596e-01,9.331575084624651462e-01,9.338989852678636350e-01,9.347113473384547344e-01,9.355919946732756953e-01,9.365380569533269250e-01,9.375466261213177832e-01,9.386145595272051834e-01,9.397386827714220292e-01,9.409155578348753490e-01,9.421417418777278119e-01,9.434136365558205561e-01,9.447275472106096972e-01,9.460796589354901753e-01,9.474660818501942083e-01,9.488829306378576689e-01,9.503261445009392183e-01,9.517916907487052880e-01,9.532754358208239687e-01,9.547732278947645979e-01,9.562809511577117227e-01,9.577943707232070558e-01,9.593093406323290884e-01,9.608216319881017764e-01,9.623271432913621526e-01,9.638216828026857641e-01,9.653011670174572734e-01,9.667615627105398124e-01
9.224172614423392647e-01,9.221158421229708191e-01,9.218491405272075667e-01,9.216167786462929890e-01,9.214183785689848971e-01,9.212534665347239526e-01,9.211215730395204693e-01,9.210222243861037050e-01,9.209548365972243245e-01,9.209188781731185713e-01,9.209137338020387809e-01,9.209388095192188040e-01,9.209934585299278664e-01,9.210770288545120366e-01,9.211888747687047019e-01,9.213283017368653072e-01,9.214946054513137863e-01,9.216870800209947534e-01,9.219050440392095869e-01,9.221477294338322750e-01,9.224144568386097864e-01,9.227045040991312952e-01,9.230171004643519250e-01,9.233515715664154522e-01,9.237071560404933601e-01,9.240831424325302024e-01,9.244787869384326617e-01,9.248934412154170559e-01,9.253263200279226997e-01,9.257767715966823685e-01,9.262440729221294022e-01,9.267275514404466064e-01,9.272265012487593827e-01,9.277402910311900452e-01,9.282682403459773246e-01,9.288096564222664275e-01,9.293639349797091498e-01,9.299304457770071197e-01,9.305085327085385050e-01,9.310975751028756076e-01,9.316969905026063481e-01,9.323061515353465722e-01,9.329244566132834926e-01,9.335513397056560692e-01,9.341862100112612310e-01,9.348284811550666706e-01,9.354775685623403225e-01,9.361329372881056488e-01,9.367940032414295848e-01,9.374602001795645512e-01,9.381309546549434497e-01,9.388057598666454950e-01,9.394840003851808730e-01,9.401651516017969223e-01,9.408486319283042576e-01,9.415339050135691501e-01,9.422203516685140334e-01,9.429074509171425644e-01,9.435946090960288801e-01,9.442812421073111251e-01,9.449667527976596260e-01,9.456505690281555854e-01,9.463320333106792770e-01,9.470105894586541284e-01,9.476855925947049730e-01,9.483564105880614159e-01,9.490223895183809155e-01,9.496829029455037263e-01,9.503372635406621693e-01,9.509847874223589237e-01,9.516248157310847056e-01,9.522566361490649722e-01,9.528795334246632498e-01,9.534928021701455370e-01,9.540956850267625633e-01,9.546874598011172441e-01,9.552673628654955174e-01,9.558346518253324486e-01,9.563885553308572041e-01,9.569282450182999833e-01,9.574529692015542048e-01,9.579619440240346728e-01,9.584543638134752630e-01,9.589294283495283233e-01,9.593863093939652975e-01,9.598242202434426051e-01,9.602423557933655873e-01,9.606398893447186671e-01,9.610160363927516824e-01,9.613699825147223876e-01,9.617009420273439080e-01,9.620081436116824092e-01,9.622907923048690249e-01,9.625481309955830067e-01,9.627794133934591825e-01,9.629839159616838673e-01,9.631608929364199323e-01,9.633097005319746220e-01,9.634296424975221651e-01,9.635200677673786407e-01,9.635804027936043514e-01,9.636100113866098438e-01,9.636083539421909094e-01,9.635749359672374226e-01,9.635092332742495325e-01,9.634108312051685719e-01,9.632793226880318471e-01,9.631143505268543459e-01,9.629155928791826025e-01,9.626828185928226755e-01,9.624157701676151477e-01,9.621142997777503147e-01,9.617783109737573222e-01,9.614077617258849351e-01,9.610026154783726238e-01,9.605630073566107097e-01,9.600889913686529997e-01,9.595808232827013340e-01,9.590386953353328137e-01,9.584629745692384573e-01,9.578540299191754537e-01,9.572123129500903493e-01,9.565383407742406030e-01,9.558327181046805121e-01,9.550961035079016392e-01,9.543292070563030860e-01,9.535328561395007840e-01,9.527079062401664356e-01,9.518552925257214303e-01,9.509760254479440178e-01,9.500711946831594812e-01,9.491419206147719834e-01,9.481894471660982093e-01,9.472150326489539029e-01,9.462200525804838058e-01,9.452058760510592128e-01,9.441739865216333127e-01,9.431259166480586709e-01,9.420632758127457373e-01,9.409876904092058236e-01,9.399008527720233985e-01,9.388045199269106078e-01,9.377004811933938866e-01,9.365905793578067629e-01,9.354767215786119472e-01,9.343608231781701523e-01,9.332448347940129896e-01,9.321307567979637554e-01,9.310206000161923567e-01,9.299164193565739867e-01,9.288202743488230828e-01,9.277342722303090206e-01,9.266604516423698756e-01,9.256009665728212044e-01,9.245579144037310293e-01,9.235333935178212661e-01,9.225294943312637441e-01,9.215483160793559447e-01,9.205919433795003437e-01,9.196623957306823138e-01,9.187617427195136077e-01,9.178919640164734384e-01,9.170550559687913328e-01,9.162528888725262055e-01,9.154873958203038065e-01,9.147604012333414580e-01,9.140736682603057828e-01,9.134289464475239262e-01,9.128278843562229738e-01,9.122720709844593934e-01,9.117630136895686910e-01,9.113022016031614436e-01,9.108909594465136594e-01,9.105305677386162921e-01,9.102222400096243726e-01,9.099670396781067705e-01,9.097659842751365522e-01,9.096199767010280102e-01,9.095298213881121141e-01,9.094961811222350700e-01,9.095196385289829877e-01,9.096006593599974543e-01,9.097396083035613756e-01,9.099366914918818328e-01,9.101920323469582241e-01,9.105056128144827232e-01,9.108773128108594852e-01,9.113068411227309706e-01,9.117938365285533919e-01,9.123377509896376525e-01,9.129379640502101045e-01,9.135937080260652099e-01,9.143040790447634070e-01,9.150679997544018951e-01,9.158843749697844761e-01,9.167518945466273106e-01,9.176691193650399203e-01,9.186345612285994333e-01,9.196465099256124764e-01,9.207032090770526089e-01,9.218027502365583326e-01,9.229431218646244606e-01,9.241221925697677975e-01,9.253377160002002055e-01,9.265873439321190563e-01,9.278686053510263321e-01,9.291789760961619571e-01,9.305157937034624904e-01,9.318763189821190895e-01,9.332577377252812001e-01,9.346571085394682621e-01,9.360714714151494587e-01,9.374977735434656401e-01,9.389328587260646897e-01,9.403735904667247514e-01,9.418167342595005209e-01,9.432589663788707446e-01,9.446969851246257432e-01,9.461274310192567816e-01,9.475469241113768648e-01,9.489520488345530858e-01,9.503393689267412014e-01,9.517054798620313560e-01,9.530469241286396720e-01,9.543602701112496867e-01,9.556421475376652985e-01,9.568891202529609119e-01,9.580978569840234993e-01,9.592649924810107143e-01,9.603872692200083883e-01,9.614614523675066859e-01,9.624843180685956900e-01,9.634527949442990291e-01,9.643638098412889992e-01,9.652144163991756010e-01,9.660016964599009714e-01,9.667228645931678077e-01,9.673752478682153821e-01,9.679562270738623075e-01,9.684633541627237774e-01,9.688942200940729998e-01,9.692465757479038491e-01,9.695183392895253549e-01,9.697075242589593413e-01,9.698122466087979454e-01,9.698308613693555902e-01,9.697617614817614085e-01,9.696035549149314425e-01,9.693550039890069803e-01,9.690150268587457427e-01,9.685826919668591994e-01,9.680572393296345002e-01,9.674380779602838043e-01,9.667248195789528431e-01,9.659171987259977943e-01,9.650151723852775643e-01,9.640188181198524608e-01,9.629284703069100892e-01,9.617445759906041447e-01,9.604677939613850413e-01,9.590989532244804661e-01,9.576390962265847184e-01,9.560893489004860246e-01,9.544511499025307710e-01,9.527260056631974283e-01,9.509156356124330856e-01,9.490219491649820593e-01,9.470469873267700622e-01,9.449930028564937912e-01,9.428623809797500588e-01,9.406576834748551219e-01,9.383816131636882885e-01,9.360370496303630494e-01,9.336269524190009550e-01,9.311545263045982734e-01,9.286230577982638179e-01,9.260359616905594615e-01,9.233967668777518512e-01,9.207091668846991706e-01,9.179769306475921153e-01,9.152039401912426264e-01,9.123942054940425983e-01,9.095517784569989717e-01,9.066808621248776401e-01,9.037856778651118805e-01,9.008705570068049617e-01,8.979398367423507832e-01,8.949980010885559834e-01,8.920495148374039118e-01,8.890988972536595369e-01,8.861507045865463228e-01,8.832094693129307617e-01,8.802798057622061023e-01,8.773662901045651275e-01,8.744735326723716007e-01,8.716060842850361645e-01,8.687684962803229327e-01,8.659652654718383857e-01,8.632009252076666694e-01,8.604798625344358687e-01,8.578064809524547085e-01,8.551850878402378342e-01,8.526199722743768028e-01,8.501152475391677843e-01,8.476750153043937086e-01,8.453032518441587762e-01,8.430038628812747126e-01,8.407805644058418126e-01,8.386371033718431622e-01,8.365769517156164126e-01,8.346035033053724739e-01,8.327200425291820807e-01,8.309297181961230461e-01,8.292354469510437864e-01,8.276401008462401787e-01,8.261462851162707510e-01,8.247565637986689069e-01,8.234731959664673973e-01,8.222983799726105714e-01,8.212340570805438666e-01,8.202820551695845230e-01,8.194439545164010630e-01,8.187212182736202104e-01,8.181150284396355721e-01,8.176264527028288542e-01,8.172563469940311576e-01,8.170053787595412675e-01,8.168739703276034492e-01,8.168624154211414634e-01,8.169707550188065603e-01,8.171988727336234604e-01,8.175464437163875164e-01,8.180129526639455806e-01,8.185976593542847457e-01,8.192997038363020179e-01,8.201179429139223709e-01,8.210511088897481935e-01,8.220977634813393387e-01,8.232562475553167891e-01,8.245247099745628416e-01,8.259011759980583456e-01,8.273834710327113706e-01,8.289692509033206314e-01,8.306560249988375055e-01,8.324411633328219207e-01,8.343218351844029490e-01,8.362951167578865919e-01,8.383579178566908929e-01,8.405070239605700877e-01,8.427391092834082276e-01,8.450506877190320232e-01,8.474381785934934630e-01,8.498979475341533751e-01,8.524261958452769017e-01,8.550190427920909553e-01,8.576725490774641525e-01,8.603826732427133361e-01,8.631453604712053806e-01,8.659563909054438513e-01,8.688115938878467892e-01,8.717067297219532884e-01,8.746374834482649741e-01,8.775995249274224363e-01,8.805885288687486101e-01,8.836001522637849659e-01,8.866300205628331321e-01,8.896737866016942720e-01,8.927270953019825761e-01,8.957856534842992824e-01,8.988450935159767452e-01,9.019012441910261302e-01,9.049497847351176683e-01,9.079865935493455220e-01,9.110075468438540991e-01,9.140086029059394379e-01,9.169857305735660269e-01,9.199350499054251840e-01,9.228527231068914816e-01,9.257350111850769503e-01,9.285782832679280174e-01,9.313789687137375983e-01,9.341336465122433985e-01,9.368389982168960906e-01,9.394917841811886161e-01,9.420889600488757676e-01,9.446275462261276568e-01,9.471046793594715130e-01,9.495176722110970635e-01,9.518639947591840400e-01,9.541412139966325423e-01,9.563470161564466832e-01,9.584793008190612973e-01,9.605360718580487900e-01,9.625154778196264305e-01,9.644158559080772131e-01,9.662356597141997794e-01,9.679735255605947941e-01,9.696282102704395500e-01,9.711986663074810844e-01,9.726839600979957368e-01,9.740833490753356694e-01,9.753962178254635962e-01,9.766221259821201706e-01,9.777607660954101831e-01,9.788119688855525524e-01,9.797757633246504394e-01,9.806522715372952836e-01,9.814418006683354179e-01,9.821447669304308459e-01,9.827617590097039724e-01,9.832934668266157807e-01,9.837407366103627648e-01,9.841045552519909201e-01,9.843859767232783220e-01,9.845862425145337493e-01,9.847066662462004016e-01,9.847486970632253200e-01,9.847138971357745074e-01,9.846039149120380252e-01,9.844205200973443759e-01,9.841655395761554903e-01,9.838409020675790151e-01,9.834486752050471958e-01,9.829909263305363076e-01,9.824698369868886116e-01,9.818876193822007048e-01,9.812466343426229365e-01
6.108701399230745954e-01,6.103310079187990178e-01,6.097532403113919974e-01,6.091344466294599247e-01,6.084722880404396239e-01,6.077644738974317118e-01,6.070087566685075098e-01,6.062029667390053111e-01,6.053450270023785773e-01,6.044329411274463881e-01,6.034647887123056886e-01,6.024388081210255708e-01,6.013533005354911865e-01,6.002067295253860069e-01,5.989976790293159992e-01,5.977248662981026195e-01,5.963871822495745434e-01,5.949836578812877086e-01,5.935134996748958613e-01,5.919760663561595138e-01,5.903709155336479553e-01,5.886977821633994079e-01,5.869565913300909266e-01,5.851474305527979425e-01,5.832706571020608299e-01,5.813267598498430555e-01,5.793164326003066300e-01,5.772406302022011770e-01,5.751004815389618718e-01,5.728973166493220859e-01,5.706327045597596737e-01,5.683083749335245960e-01,5.659263414937102388e-01,5.634887731272990585e-01,5.609980496455879706e-01,5.584567817777285059e-01,5.558677734905523860e-01,5.532340025432819219e-01,5.505586840460330311e-01,5.478451828595711781e-01,5.450970945918871546e-01,5.423181359723482364e-01,5.395122605903940327e-01,5.366835460654492129e-01,5.338362373579699227e-01,5.309747305616514534e-01,5.281035741387706262e-01,5.252274491361608177e-01,5.223511448034411364e-01,5.194795881555571704e-01,5.166177793864070722e-01,5.137708521066362000e-01,5.109439933949383450e-01,5.081424632346621673e-01,5.053716049715141212e-01,5.026367849903616847e-01,4.999434140894171708e-01,4.972969482466079727e-01,4.947028077872432372e-01,4.921664682407592140e-01,4.896933505614898263e-01,4.872888556378927039e-01,4.849583590320588611e-01,4.827071870060452019e-01,4.805405705131333693e-01,4.784636879514069241e-01,4.764816353480750832e-01,4.745993827654680919e-01,4.728217923444350546e-01,4.711536027154544226e-01,4.695994056299397368e-01,4.681636460547756173e-01,4.668506137375523224e-01,4.656644136264385114e-01,4.646089622347365222e-01,4.636879747059525214e-01,4.629049892764383056e-01,4.622633032301761147e-01,4.617659836565710108e-01,4.614158908810003235e-01,4.612156146524216682e-01,4.611675172157566616e-01,4.612736989106908103e-01,4.615359743749852806e-01,4.619559239519523963e-01,4.625348508799215219e-01,4.632737253509695008e-01,4.641733156246027892e-01,4.652340233064610753e-01,4.664560155965024602e-01,4.678391690004805592e-01,4.693830133724660736e-01,4.710868363780569834e-01,4.729496088744778448e-01,4.749699974709749584e-01,4.771464099113582602e-01,4.794769436362439907e-01,4.819593925522207001e-01,4.845912841404128035e-01,4.873698960974225391e-01,4.902921517713883515e-01,4.933547713298487847e-01,4.965541759204870065e-01,4.998865775412231205e-01,5.033478632440965272e-01,5.069337200074590655e-01,5.106396231343328651e-01,5.144607624040358207e-01,5.183921781905314052e-01,5.224286521157147645e-01,5.265648085654264232e-01,5.307950532034846347e-01,5.351136559003107918e-01,5.395147087689905474e-01,5.439921441402942870e-01,5.485397762482665529e-01,5.531513104025639338e-01,5.578202858918067664e-01,5.625402380931657786e-01,5.673045352286597565e-01,5.721065183854031622e-01,5.769394748417897567e-01,5.817966518138214527e-01,5.866712778580455145e-01,5.915565310814673294e-01,5.964456509330061662e-01,6.013318756237141516e-01,6.062084601864754507e-01,6.110687499758266084e-01,6.159060803846433396e-01,6.207139468378043423e-01,6.254858684457429430e-01,6.302155091870123016e-01,6.348966324650882065e-01,6.395231407644011989e-01,6.440890717050927750e-01,6.485886407206293836e-01,6.530161978010161627e-01,6.573662911852246049e-01,6.616336504757199810e-01,6.658132345882240566e-01,6.699001704589303552e-01,6.738898726888210566e-01,6.777778919849456463e-01,6.815600960857335355e-01,6.852325864967891977e-01,6.887916837966906458e-01,6.922339931184441353e-01,6.955564173210103673e-01,6.987560749044853248e-01,7.018303962696237353e-01,7.047770871220957467e-01,7.075941229993208959e-01,7.102798134155540177e-01,7.128326826625945856e-01,7.152516358320801793e-01,7.175357943581309739e-01,7.196845890686631719e-01,7.216977682661314120e-01,7.235753521998056215e-01,7.253176173734032783e-01,7.269251858563302582e-01,7.283988954675858496e-01,7.297399114197828940e-01,7.309496203144856263e-01,7.320297262339048316e-01,7.329821286792912449e-01,7.338090204836860142e-01,7.345128327014971426e-01,7.350962339756071939e-01,7.355620888339484686e-01,7.359135055087674404e-01,7.361538033413833615e-01,7.362864680530780692e-01,7.363151827276314121e-01,7.362438457498399202e-01,7.360764509998287686e-01,7.358171813574394537e-01,7.354703681390403203e-01,7.350404257568269317e-01,7.345319068181688227e-01,7.339494794865083493e-01,7.332978698962168140e-01,7.325818887354901277e-01,7.318064000627240162e-01,7.309763252733353367e-01,7.300966002666285926e-01,7.291721858873253526e-01,7.282080366341777689e-01,7.272091291364849441e-01,7.261803524135863608e-01,7.251266341963744644e-01,7.240527927535957975e-01,7.229635985340019388e-01,7.218637577380887516e-01,7.207578610789378004e-01,7.196504218973243105e-01,7.185458143931710007e-01,7.174482938924109376e-01,7.163620112535538098e-01,7.152908812775129466e-01,7.142387496144424475e-01,7.132092400776366414e-01,7.122058097477497185e-01,7.112317300768349337e-01,7.102900669289547997e-01,7.093836763440188875e-01,7.085152172001559778e-01,7.076871222695692021e-01,7.069015825116551355e-01,7.061605553169283400e-01,7.054658162030612578e-01,7.048188171401066349e-01,7.042208230070083896e-01,7.036728145365265252e-01,7.031755700181210322e-01,7.027295715026917744e-01,7.023350795304346139e-01,7.019920694132446570e-01,7.017003026604746729e-01,7.014592459524563450e-01,7.012681689952355857e-01,7.011260802986045704e-01,7.010317176086624524e-01,7.009835977100322690e-01,7.009800443028312289e-01,7.010190673656873095e-01,7.010985420476956165e-01,7.012160952565450467e-01,7.013691195131377398e-01,7.015548548668296691e-01,7.017703254866742846e-01,7.020123545461898207e-01,7.022776286908788412e-01,7.025626814200636172e-01,7.028638292175982683e-01,7.031773072094211763e-01,7.034992078401697269e-01,7.038254758632053187e-01,7.041520033174480941e-01,7.044745230877260678e-01,7.047887473530319857e-01,7.050902808627677043e-01,7.053746781403097410e-01,7.056374610233927536e-01,7.058741352864922325e-01,7.060801389757216384e-01,7.062509925949688183e-01,7.063821387272309904e-01,7.064690755959849300e-01,7.065073907697398958e-01,7.064926541442531072e-01,7.064205389933949641e-01,7.062867935598265978e-01,7.060872324895396401e-01,7.058178148834861609e-01,7.054745851379725652e-01,7.050537268138582503e-01,7.045515776629147631e-01,7.039646135208594835e-01,7.032894549415567020e-01,7.025229473538238123e-01,7.016620954652570408e-01,7.007040747644281975e-01,6.996463046920103901e-01,6.984864257763092610e-01,6.972222356563222423e-01,6.958518215472691004e-01,6.943734986979654966e-01,6.927858139843103835e-01,6.910875637616524791e-01,6.892778153536127661e-01,6.873558675690703001e-01,6.853213388684864515e-01,6.831740206806502513e-01,6.809140865489355932e-01,6.785418938842380232e-01,6.760581299351692275e-01,6.734637162483647632e-01,6.707598641898953051e-01,6.679480818957569399e-01,6.650301107180220939e-01,6.620079893814704297e-01,6.588840124927596298e-01,6.556607312098432505e-01,6.523409656229142151e-01,6.489277905302938132e-01,6.454245144184578287e-01,6.418347327189217744e-01,6.381622113619832559e-01,6.344109898968754990e-01,6.305853216152736973e-01,6.266896444380752884e-01,6.227286405863290408e-01,6.187071418069122197e-01,6.146301945021465096e-01,6.105030038147849503e-01,6.063309335580221449e-01,6.021195090908050274e-01,5.978743716370368277e-01,5.936013100245903784e-01,5.893062029500747423e-01,5.849950420909245663e-01,5.806738976776320005e-01,5.763489343291895439e-01,5.720263396258716826e-01,5.677123671089997492e-01,5.634132997329512893e-01,5.591354550316282035e-01,5.548851116640994841e-01,5.506685689344572587e-01,5.464920941129398635e-01,5.423619190644066723e-01,5.382842195711984301e-01,5.342650924248864008e-01,5.303105768769317274e-01,5.264265878976290836e-01,5.226189682143885795e-01,5.188934254305737070e-01,5.152555303784971397e-01,5.117106950790876185e-01,5.082642132548582659e-01,5.049211508378729230e-01,5.016864671091066930e-01,4.985648648567680974e-01,4.955608858815351292e-01,4.926788470389606989e-01,4.899228352103970896e-01,4.872967132903214260e-01,4.848041079662447350e-01,4.824484145057142959e-01,4.802327536695089050e-01,4.781599883028120335e-01,4.762327369118595777e-01,4.744533233233592107e-01,4.728238092335923515e-01,4.713459763219869925e-01,4.700213381834102422e-01,4.688510700471780757e-01,4.678361305263153969e-01,4.669771466453934150e-01,4.662744842110718713e-01,4.657281728682453048e-01,4.653380233402543142e-01,4.651035073508640316e-01,4.650238280398890645e-01,4.650979147343287656e-01,4.653244054027702026e-01,4.657017088564749940e-01,4.662278886926162769e-01,4.669008136617923688e-01,4.677180513220525193e-01,4.686769586654944142e-01,4.697746107514525482e-01,4.710078647051352818e-01,4.723733723560151754e-01,4.738675311086029684e-01,4.754865350409299696e-01,4.772263955620155151e-01,4.790829362752057619e-01,4.810517695080195333e-01,4.831283849543070996e-01,4.853080588605134249e-01,4.875859995032748029e-01,4.899572092286840208e-01,4.924166059429089248e-01,4.949589783365486717e-01,4.975790489897946589e-01,5.002714282534580503e-01,5.030306564671481739e-01,5.058512402542071351e-01,5.087276055938215746e-01,5.116541726837382509e-01,5.146253352541920734e-01,5.176354714453478278e-01,5.206789633906193648e-01,5.237502450064193127e-01,5.268437214886639852e-01,5.299538942100039396e-01,5.330752951991670763e-01,5.362025418414053668e-01,5.393302905688435178e-01,5.424533503497219744e-01,5.455665565288912999e-01,5.486649226963179471e-01,5.517435295873021062e-01,5.547976367842823997e-01,5.578226286914587106e-01,5.608140094585509772e-01,5.637674900486407958e-01,5.666789058452114114e-01,5.695443101600710101e-01,5.723598884340153070e-01,5.751220543625313875e-01,5.778273752493943149e-01,5.804726721553150615e-01,5.830549029756632029e-01,5.855713002443372339e-01,5.880192456610887630e-01,5.903963713487114795e-01,5.927005267887660578e-01,5.949297486896577558e-01,5.970823279576551457e-01,5.991567512901641024e-01,6.011517516227555813e-01,6.030662449851166285e-01,6.048993781600294772e-01,6.066505344776464970e-01,6.083192680743760850e-01,6.099053995843135567e-01,6.114089040565974242e-01,6.128299571163847714e-01,6.141690001330468718e-01,6.154265697004484004e-01,6.166034683804550998e-01,6.177006419660483472e-01,6.187192042115542412e-01,6.196604746293463695e-01,6.205258826791985038e-01,6.213170220418318124e-01,6.220356456315176974e-01,6.226836659122713113e-01,6.232630510230948717e-01,6.237759324653613380e-01,6.242245404632342787e-01,6.246112150773489580e-01,6.249383388207473411e-01
1.936375807403213356e-01,1.938395117651708077e-01,1.940870702610812404e-01,1.943796628009994976e-01,1.947166361223632292e-01,1.950972283265244300e-01,1.955205897528132786e-01,1.959857946849853372e-01,1.964918324139431904e-01,1.970376052089172214e-01,1.976219492425892177e-01,1.982436224614980980e-01,1.989013020056648040e-01,1.995936225115508833e-01,2.003191313535460649e-01,2.010763247219690408e-01,2.018636486864677781e-01,2.026794811516209327e-01,2.035221563912013587e-01,2.043899760127557419e-01,2.052811865106645983e-01,2.061940026463975895e-01,2.071266083697830829e-01,2.080771450950334445e-01,2.090437539754001761e-01,2.100245398711047817e-01,2.110175885886437785e-01,2.120209819312864896e-01,2.130327950884583210e-01,2.140510992955516334e-01,2.150739550336974171e-01,2.160994420308725295e-01,2.171256488130210716e-01,2.181506747397254642e-01,2.191726212438968036e-01,2.201896374340288620e-01,2.211998711314548671e-01,2.222015229158674221e-01,2.231928107377199044e-01,2.241719987180267881e-01,2.251373747415713888e-01,2.260872832742243099e-01,2.270201108609192220e-01,2.279342937363389165e-01,2.288283141710040491e-01,2.297007233236737500e-01,2.305501120363114553e-01,2.313751399861104785e-01,2.321745369907795842e-01,2.329470752606004058e-01,2.336916138077048677e-01,2.344070819617517232e-01,2.350924543339231176e-01,2.357467975026173723e-01,2.363692401711681157e-01,2.369590047119354559e-01,2.375153523438287562e-01,2.380376536519362429e-01,2.385253309877141126e-01,2.389778977854788988e-01,2.393949421468460348e-01,2.397761160606325936e-01,2.401211664666011714e-01,2.404299026533536499e-01,2.407022087122122622e-01,2.409380516474269041e-01,2.411374700069671140e-01,2.413005698005563360e-01,2.414275342166113947e-01,2.415186202742705124e-01,2.415741402320526754e-01,2.415944860174643050e-01,2.415801126259394527e-01,2.415315324942150788e-01,2.414493355501900196e-01,2.413341502407376771e-01,2.411866730391714897e-01,2.410076598768282063e-01,2.407979214161791726e-01,2.405582981200101722e-01,2.402897012215663985e-01,2.399930710975052839e-01,2.396693945943738357e-01,2.393197136234548605e-01,2.389450788409887005e-01,2.385466002808888375e-01,2.381253937975547075e-01,2.376826211441064041e-01,2.372194716859561958e-01,2.367371389933395909e-01,2.362368471369067913e-01,2.357198275464076898e-01,2.351873422308363992e-01,2.346406453068152209e-01,2.340809995250648368e-01,2.335096861828545034e-01,2.329279662536440365e-01,2.323371139592630419e-01,2.317383931413158349e-01,2.311330659384204789e-01,2.305223743185160767e-01,2.299075589132266451e-01,2.292898424425595105e-01,2.286704262458284509e-01,2.280504809267631661e-01,2.274311947867288797e-01,2.268136871657190912e-01,2.261990764681099386e-01,2.255884381394348548e-01,2.249828390799590572e-01,2.243832898447709334e-01,2.237907931892671731e-01,2.232062920760725655e-01,2.226307114530685360e-01,2.220649356664915475e-01,2.215098106586247395e-01,2.209661320622843539e-01,2.204346763136658949e-01,2.199161625826157318e-01,2.194112756208979054e-01,2.189206552165234576e-01,2.184449109227264707e-01,2.179845915060936723e-01,2.175402171073816115e-01,2.171122549998605600e-01,2.167011455942837728e-01,2.163072722507544954e-01,2.159309812300855835e-01,2.155725879834508862e-01,2.152323498519637390e-01,2.149104973568257970e-01,2.146072200365924942e-01,2.143226663011808253e-01,2.140569507556811246e-01,2.138101437744763522e-01,2.135822946766666730e-01,2.133734057458494260e-01,2.131834527743136920e-01,2.130123827173780460e-01,2.128601113280452761e-01,2.127265180107748010e-01,2.126114710232506477e-01,2.125147933449858251e-01,2.124363009381990686e-01,2.123757843267321255e-01,2.123330097434594499e-01,2.123077176822720236e-01,2.122996479715591467e-01,2.123085089159121031e-01,2.123340014839226464e-01,2.123758213942316675e-01,2.124336419342159887e-01,2.125071311213109770e-01,2.125959453167251823e-01,2.126997397131125955e-01,2.128181688973065644e-01,2.129508722258889042e-01,2.130975017631003277e-01,2.132576961273101313e-01,2.134311009743862508e-01,2.136173515204546902e-01,2.138161160779106507e-01,2.140270374936907860e-01,2.142497744183256003e-01,2.144839984422021451e-01,2.147293723952256039e-01,2.149855857639038081e-01,2.152523185023706986e-01,2.155292793276214480e-01,2.158161717223336107e-01,2.161127142725230155e-01,2.164186277182026108e-01,2.167336630510811046e-01,2.170575791118365960e-01,2.173901213544557620e-01,2.177310732817243633e-01,2.180802195146162026e-01,2.184373608118394539e-01,2.188022936205067104e-01,2.191748476138516699e-01,2.195548506676005540e-01,2.199421338604110321e-01,2.203365450974931194e-01,2.207379522476493883e-01,2.211462089884908278e-01,2.215611851616888783e-01,2.219827653375693877e-01,2.224108293669643244e-01,2.228452561356829842e-01,2.232859477719303931e-01,2.237327896509730962e-01,2.241856774146379627e-01,2.246445024521064870e-01,2.251091610793165554e-01,2.255795394364334405e-01,2.260555331620608399e-01,2.265370105132941680e-01,2.270238530007211708e-01,2.275159327185515001e-01,2.280131047192764382e-01,2.285152165183960693e-01,2.290221145671515746e-01,2.295336166021909874e-01,2.300495401557647590e-01,2.305696786670529130e-01,2.310938134357659324e-01,2.316217102412330420e-01,2.321531135697896264e-01,2.326877530918449732e-01,2.332253322391514005e-01,2.337655369986837151e-01,2.343080311483237976e-01,2.348524486177906434e-01,2.353984131624143328e-01,2.359455126331261032e-01,2.364933126481524317e-01,2.370413624418353793e-01,2.375891802362781469e-01,2.381362389053080508e-01,2.386820135793873143e-01,2.392259486696808601e-01,2.397674440760035053e-01,2.403058943679634019e-01,2.408406528198712149e-01,2.413710523136760600e-01,2.418964073804914239e-01,2.424159950336886860e-01,2.429290795797787450e-01,2.434348918249357729e-01,2.439326462822727914e-01,2.444215454278767519e-01,2.449007428501849271e-01,2.453694068223835345e-01,2.458266661671604236e-01,2.462716337528357280e-01,2.467034104665970784e-01,2.471211014175297427e-01,2.475237635962335425e-01,2.479104808721297182e-01,2.482802928228878825e-01,2.486322679242594924e-01,2.489654421935658946e-01,2.492788726629932006e-01,2.495715946940681718e-01,2.498426657270097495e-01,2.500911312583038448e-01,2.503160488279147500e-01,2.505164923329253890e-01,2.506915393612542120e-01,2.508402779783440728e-01,2.509618326722632964e-01,2.510553227155795653e-01,2.511199018499721269e-01,2.511547503430572315e-01,2.511590594642083007e-01,2.511320744463879095e-01,2.510730540775955033e-01,2.509813027815293029e-01,2.508561458143948597e-01,2.506969585229840702e-01,2.505031661083645389e-01,2.502742179311397419e-01,2.500096390359433651e-01,2.497089764548516000e-01,2.493718284146232977e-01,2.489978697308899980e-01,2.485868041901826420e-01,2.481384116715882049e-01,2.476525196977275578e-01,2.471290232186452718e-01,2.465678639660323079e-01,2.459690778266833133e-01,2.453327305523652635e-01,2.446589773915084087e-01,2.439480371882937204e-01,2.432001902345356237e-01,2.424157834211217721e-01,2.415952516042332021e-01,2.407390789137927034e-01,2.398478380799392573e-01,2.389221551378081787e-01,2.379627377725405113e-01,2.369703656916374301e-01,2.359458827318723362e-01,2.348902086632568831e-01,2.338043312598991064e-01,2.326893034921329317e-01,2.315462535416097090e-01,2.303763613419299583e-01,2.291808913101101575e-01,2.279611643076410454e-01,2.267185541666401905e-01,2.254545110945549991e-01,2.241705327033427508e-01,2.228681699324587817e-01,2.215490448571200144e-01,2.202148162901001460e-01,2.188671997455308715e-01,2.175079484141060338e-01,2.161388659312105109e-01,2.147618072887217400e-01,2.133786370340424454e-01,2.119912815373062032e-01,2.106016810533346273e-01,2.092118171951959926e-01,2.078236793873542709e-01,2.064392916464108385e-01,2.050606861658405555e-01,2.036899066289858951e-01,2.023290171254880643e-01,2.009800734245797693e-01,1.996451416838601056e-01,1.983262742925440969e-01,1.970255255786733106e-01,1.957449286492185525e-01,1.944865210534970912e-01,1.932522994953043138e-01,1.920442371298240469e-01,1.908642971573592806e-01,1.897143918058316892e-01,1.885964123804134696e-01,1.875121885834281632e-01,1.864635294410836863e-01,1.854521810907698021e-01,1.844798443194552440e-01,1.835481530524273874e-01,1.826587016431831523e-01,1.818129955653361995e-01,1.810124969105747494e-01,1.802585758783187275e-01,1.795525465820285438e-01,1.788956322119710785e-01,1.782889949837154764e-01,1.777336924583770017e-01,1.772307114701984487e-01,1.767809468305661658e-01,1.763852028442627895e-01,1.760441885070649359e-01,1.757585245135868390e-01,1.755287250951052258e-01,1.753552217729349993e-01,1.752383300181755976e-01,1.751782817773691325e-01,1.751751873971214846e-01,1.752290716166992057e-01,1.753398472451581924e-01,1.755073280876048580e-01,1.757312132359585555e-01,1.760111190604401188e-01,1.763465416506307115e-01,1.767368795088744837e-01,1.771814247440349210e-01,1.776793779254257633e-01,1.782298267276672676e-01,1.788317739863018174e-01,1.794841119089236603e-01,1.801856502161957030e-01,1.809350917486156340e-01,1.817310567520437070e-01,1.825720826094319460e-01,1.834566077937532513e-01,1.843829909625307462e-01,1.853495151377931582e-01,1.863543824597789500e-01,1.873957309857444964e-01,1.884716114063026415e-01,1.895800207337073606e-01,1.907188860026884092e-01,1.918860812104837277e-01,1.930794346187391097e-01,1.942966978367516306e-01,1.955356058182947665e-01,1.967938338127777353e-01,1.980690189875239926e-01,1.993587880911605603e-01,2.006607183902914537e-01,2.019723776263438741e-01,2.032912961432353505e-01,2.046150261027909201e-01,2.059410838738243432e-01,2.072669920150592426e-01,2.085902763888756728e-01,2.099084710866023218e-01,2.112191253800252133e-01,2.125197918451918744e-01,2.138080667490117603e-01,2.150815594340816927e-01,2.163379212217700631e-01,2.175748312813465812e-01,2.187900177074367791e-01,2.199812537756831443e-01,2.211463586423444427e-01,2.222832198904757250e-01,2.233897714785400002e-01,2.244640187393839303e-01,2.255040441043826838e-01,2.265079826457366274e-01,2.274740608592781266e-01,2.284005824114121175e-01,2.292859351512133992e-01,2.301285781779772721e-01,2.309270937373128774e-01,2.316801301533260582e-01,2.323864327618364589e-01,2.330448571775739774e-01,2.336543584831791143e-01,2.342139817214180242e-01,2.347228761743287706e-01,2.351803235402530612e-01,2.355856798079780656e-01,2.359384372331197466e-01,2.362381681324821903e-01,2.364845813962058729e-01,2.366774950709600589e-01,2.368168158474044105e-01,2.369025832121973985e-01,2.369349426535306280e-01,2.369141381012935532e-01,2.368405441713150317e-01,2.367146300128311620e-01,2.365369710479140464e-01,2.363082540836460022e-01,2.360292708539991902e-01,2.357009174561583431e-01,2.353241750051668635e-01,2.349001464211332157e-01,2.344300122379669449e-01
3.159011859684384138e-01,3.147185113869448436e-01,3.136085889385411551e-01,3.125737610109274311e-01,3.116162632353034478e-01,3.107382464011497758e-01,3.099417382205589266e-01,3.092286937418582959e-01,3.086009479369606900e-01,3.080602350904140807e-01,3.076081690975691063e-01,3.072462638078959363e-01,3.069758960637443135e-01,3.067983582851478985e-01,3.067147910351460949e-01,3.067262284650705828e-01,3.068335832200210778e-01,3.070376403700016965e-01,3.073390462270026435e-01,3.077383431977028239e-01,3.082359164392100004e-01,3.088320543946925234e-01,3.095268841646172664e-01,3.103204144969959888e-01,3.112125246921098598e-01,3.122029544043380400e-01,3.132913168042595342e-01,3.144770838984469741e-01,3.157596127122358487e-01,3.171381083661156675e-01,3.186116434422067156e-01,3.201791877399255970e-01,3.218395527456477390e-01,3.235914354977644791e-01,3.254333876580751128e-01,3.273638645834578975e-01,3.293811684088322478e-01,3.314834853010258930e-01,3.336688967594826360e-01,3.359353346516406602e-01,3.382806411780201472e-01,3.407025382958209780e-01,3.431986267315086381e-01,3.457663861471590439e-01,3.484032173775232777e-01,3.511064040870677250e-01,3.538731205782410516e-01,3.567004600120597946e-01,3.595854037693504979e-01,3.625248596857674754e-01,3.655156383419200794e-01,3.685544596747821200e-01,3.716379790011034023e-01,3.747627600003987647e-01,3.779253140508769815e-01,3.811220694875754322e-01,3.843493933505876536e-01,3.876035918223068588e-01,3.908809250899907273e-01,3.941776025432824349e-01,3.974897752191222100e-01,4.008135744092128916e-01,4.041450805714933980e-01,4.074803300624060265e-01,4.108153624982376906e-01,4.141461875319649155e-01,4.174687926557594242e-01,4.207791413061744423e-01,4.240732174835935564e-01,4.273469916532182666e-01,4.305964277734032897e-01,4.338175131633447146e-01,4.370062391704921945e-01,4.401586307473476789e-01,4.432707247930328109e-01,4.463385832126998132e-01,4.493583230489347491e-01,4.523260696893659505e-01,4.552380231643306518e-01,4.580904153551657032e-01,4.608795508008187158e-01,4.636017467172730000e-01,4.662534631229964810e-01,4.688311347323418921e-01,4.713313430047174069e-01,4.737507208827796967e-01,4.760859830507929713e-01,4.783339277851647586e-01,4.804914496099659815e-01,4.825555278486551303e-01,4.845232614326978604e-01,4.863918405866512473e-01,4.881585536739765363e-01,4.898208098238092112e-01,4.913761338758066977e-01,4.928221543679480732e-01,4.941566536560536571e-01,4.953774907498503799e-01,4.964826990277578234e-01,4.974703963274554885e-01,4.983388641163143951e-01,4.990865064649223637e-01,4.997118781488222861e-01,5.002136550162314954e-01,5.005906511482495214e-01,5.008418491970162423e-01,5.009663584455373853e-01,5.009634171253032342e-01,5.008324496663428826e-01,5.005730094515267181e-01,5.001847835052405378e-01,4.996676290104110629e-01,4.990215420209795916e-01,4.982466757082217867e-01,4.973433394828855048e-01,4.963119652227805934e-01,4.951531719677244592e-01,4.938676750905834356e-01,4.924564207507829972e-01,4.909203976645072354e-01,4.892608300853163450e-01,4.874790458597548781e-01,4.855765073893174022e-01,4.835548589026884558e-01,4.814158254255598290e-01,4.791613258508110040e-01,4.767933586260683643e-01,4.743141234714407517e-01,4.717258804610760525e-01,4.690310433903214227e-01,4.662321743049270273e-01,4.633319021336140264e-01,4.603330231167259146e-01,4.572384115092706924e-01,4.540510815673700074e-01,4.507741150611765391e-01,4.474107227483138383e-01,4.439642191834402007e-01,4.404379815870606563e-01,4.368354944057742384e-01,4.331603151284593722e-01,4.294161025399825804e-01,4.256065650337076400e-01,4.217354865527235819e-01,4.178067347908253626e-01,4.138241968624721823e-01,4.097918435297442930e-01,4.057137027807047325e-01,4.015938030899433020e-01,3.974362416435635037e-01,3.932451633083827724e-01,3.890247122533850299e-01,3.847790513229098486e-01,3.805123794010771276e-01,3.762288802609997096e-01,3.719327718952266659e-01,3.676282451290501796e-01,3.633195086135339036e-01,3.590107256261876323e-01,3.547060799213693216e-01,3.504096919679339228e-01,3.461256848143715037e-01,3.418581374032684805e-01,3.376110809031855342e-01,3.333885206735449636e-01,3.291943687142941943e-01,3.250325392011603753e-01,3.209068482883039031e-01,3.168210413212560472e-01,3.127788281617990829e-01,3.087838042821190454e-01,3.048395166588908634e-01,3.009493972141299989e-01,2.971168096466376141e-01,2.933450223063476803e-01,2.896372024664528588e-01,2.859964057119069869e-01,2.824256034336061205e-01,2.789276364063076885e-01,2.755052522925318659e-01,2.721610638256351522e-01,2.688975775524676814e-01,2.657171657436974699e-01,2.626220965850378786e-01,2.596144971839240423e-01,2.566963475701977693e-01,2.538695376330641351e-01,2.511357850413423742e-01,2.484966833628195759e-01,2.459537005732908010e-01,2.435081522132579168e-01,2.411612178687455865e-01,2.389139362730416938e-01,2.367672093179172821e-01,2.347217861335675337e-01,2.327782821373130806e-01,2.309371670912860608e-01,2.291987780606612457e-01,2.275632929406281868e-01,2.260307613699308049e-01,2.246010966783474616e-01,2.232740436298993048e-01,2.220492526778260478e-01,2.209262104071011423e-01,2.199042714855494185e-01,2.189826585301041240e-01,2.181604668516219092e-01,2.174366686091707135e-01,2.168100881170086647e-01,2.162794485633597608e-01,2.158433571507306359e-01,2.155002649216743726e-01,2.152485572557998328e-01,2.150864728064532105e-01,2.150121604300404554e-01,2.150236724886785133e-01,2.151189258409501592e-01,2.152957868316498491e-01,2.155520088692712832e-01,2.158852423761176698e-01,2.162930835972922128e-01,2.167730421605112701e-01,2.173225312667358966e-01,2.179389308584374907e-01,2.186195281467241958e-01,2.193615618898022979e-01,2.201622256974072322e-01,2.210186430339186048e-01,2.219279091607511134e-01,2.228870761807932033e-01,2.238931666833076373e-01,2.249431487441884148e-01,2.260340157944634720e-01,2.271627054355890296e-01,2.283261392058422157e-01,2.295212634181943712e-01,2.307449855900575997e-01,2.319942539015208693e-01,2.332659905825525959e-01,2.345571556929136048e-01,2.358646964001858970e-01,2.371856313800034255e-01,2.385169697543032818e-01,2.398557599173022359e-01,2.411991063399484547e-01,2.425441460158857254e-01,2.438880554757476560e-01,2.452280650804944118e-01,2.465614923413975978e-01,2.478856765898236614e-01,2.491980471824021548e-01,2.504960988646511844e-01,2.517773715572438897e-01,2.530395384866302999e-01,2.542803095665387980e-01,2.554974999805150748e-01,2.566889948745481043e-01,2.578527982981182465e-01,2.589869867374497425e-01,2.600897211425446387e-01,2.611593142713398707e-01,2.621941252216363760e-01,2.631926493963687719e-01,2.641534714137857009e-01,2.650752988651295938e-01,2.659569429525190376e-01,2.667973232605060363e-01,2.675954709601294779e-01,2.683505460309884016e-01,2.690618068150417708e-01,2.697286320085353073e-01,2.703505136299302336e-01,2.709270706776368276e-01,2.714580189180585412e-01,2.719432179238837066e-01,2.723826172187605588e-01,2.727762815328552137e-01,2.731244027512554906e-01,2.734272854590357182e-01,2.736853394118539673e-01,2.738990923683727874e-01,2.740691656606397131e-01,2.741962938431474761e-01,2.742813291207232829e-01,2.743252132042439673e-01,2.743289958615828805e-01,2.742938186251204780e-01,2.742209185125352722e-01,2.741116273216006038e-01,2.739673691212198281e-01,2.737896392868980899e-01,2.735800395231976490e-01,2.733402422894853356e-01,2.730719851189048475e-01,2.727770716113497307e-01,2.724574039495190059e-01,2.721149385398794474e-01,2.717516664076096711e-01,2.713696560881277420e-01,2.709710364299155461e-01,2.705579551233963653e-01,2.701326388362110809e-01,2.696973275126143821e-01,2.692542973258836847e-01,2.688058576823562640e-01,2.683543374473501553e-01,2.679021052451183715e-01,2.674515145605205202e-01,2.670049599843966615e-01,2.665648308748088113e-01,2.661335007035767752e-01,2.657133559023716063e-01,2.653067757087933520e-01,2.649161253863930310e-01,2.645437577494350601e-01,2.641919738735007406e-01,2.638630892553229801e-01,2.635593552278145957e-01,2.632830114605033134e-01,2.630362440331784901e-01,2.628211942967086379e-01,2.626399632423934150e-01,2.624945875800605566e-01,2.623870569491944527e-01,2.623192914670159359e-01,2.622931661197511755e-01,2.623104643853160223e-01,2.623729056019149519e-01,2.624821404895897881e-01,2.626397277321559365e-01,2.628471583123147548e-01,2.631058350024157999e-01,2.634170687741371197e-01,2.637820803850124962e-01,2.642020001198233659e-01,2.646778694136157628e-01,2.652106184285055734e-01,2.658010865913086329e-01,2.664500096604160984e-01,2.671580247114919149e-01,2.679256627755922660e-01,2.687533455484604206e-01,2.696413887991077618e-01,2.705899990456096527e-01,2.715992816987859437e-01,2.726692307114252367e-01,2.737997261715147124e-01,2.749905327125107823e-01,2.762413262753229959e-01,2.775516596921144830e-01,2.789209621915420545e-01,2.803485903975427296e-01,2.818337625512769562e-01,2.833755993403302420e-01,2.849731276024223270e-01,2.866252480436913275e-01,2.883307724348416201e-01,2.900884105266648416e-01,2.918967748711203680e-01,2.937543670183337952e-01,2.956596179503618860e-01,2.976108420584403502e-01,2.996062807649184090e-01,3.016440836545412618e-01,3.037222960954780171e-01,3.058389093444194851e-01,3.079918318902342689e-01,3.101788784160753876e-01,3.123978043679064842e-01,3.146462934281713530e-01,3.169219714381482644e-01,3.192223844268574640e-01,3.215450533436460256e-01,3.238874111386067511e-01,3.262468548542891145e-01,3.286207389793049938e-01,3.310063700705322409e-01,3.334010242087858678e-01,3.358019422537179555e-01,3.382063324583752251e-01,3.406113822116547674e-01,3.430142579290891280e-01,3.454121121618370371e-01,3.478020707128923750e-01,3.501812958115864682e-01,3.525468966420499117e-01,3.548960106369489775e-01,3.572257777949034430e-01,3.595333611949027564e-01,3.618159225426968995e-01,3.640706501617800850e-01,3.662947560235105260e-01,3.684855051993849995e-01,3.706401448966660239e-01,3.727560151756601492e-01,3.748304691702985525e-01,3.768609146346013072e-01,3.788448074622337014e-01,3.807796462264384507e-01,3.826630168680398292e-01,3.844925454077690596e-01,3.862659458587121564e-01,3.879809745671376486e-01,3.896354942948470623e-01,3.912274024305941178e-01,3.927547162384051882e-01,3.942155285812368737e-01,3.956079981438853088e-01,3.969304125609056655e-01,3.981811041360450720e-01,3.993585538134333812e-01,4.004612968979527898e-01,4.014879918673190939e-01,4.024373993965743024e-01,4.033083769640730121e-01,4.040999052760826382e-01,4.048110459591237054e-01,4.054410061527683462e-01,4.059890834005362437e-01,4.064546789496448209e-01,4.068373597660202012e-01,4.071367489750849500e-01,4.073526067058250710e-01,4.074848352357619552e-01,4.075334272528158275e-01,4.074984953147304800e-01,4.073802833381330313e-01
5.906694701609986886e-01,5.935314107050623234e-01,5.963130523637613090e-01,5.990140876271131676e-01,6.016342688330125199e-01,6.041735376624535192e-01,6.066319423170095648e-01,6.090096662596773402e-01,6.113069968576690938e-01,6.135243793385865008e-01,6.156623281837785289e-01,6.177215133597653285e-01,6.197026936045764156e-01,6.216067321770151199e-01,6.234345699125302120e-01,6.251872900711203940e-01,6.268660391103294538e-01,6.284720348326685579e-01,6.300065598962060198e-01,6.314710448982127078e-01,6.328669203630212792e-01,6.341956764599677721e-01,6.354589328018874772e-01,6.366582780328012836e-01,6.377953694522361383e-01,6.388719476918777174e-01,6.398897441717579238e-01,6.408505553440477787e-01,6.417561520470366210e-01,6.426083804708625502e-01,6.434090619945930234e-01,6.441600438012358154e-01,6.448631747355727528e-01,6.455203095647368272e-01,6.461332596166419195e-01,6.467038800550857225e-01,6.472339917579534863e-01,6.477253652551179242e-01,6.481797749888664750e-01,6.485989678153907256e-01,6.489846397895598917e-01,6.493384662046592926e-01,6.496620789914657745e-01,6.499570548212809662e-01,6.502249403102385861e-01,6.504672096444547025e-01,6.506852957552444749e-01,6.508806019967725565e-01,6.510544084633983486e-01,6.512080102061343911e-01,6.513425802106951323e-01,6.514592513930049789e-01,6.515590780983133712e-01,6.516430975869758058e-01,6.517121944160186864e-01,6.517672572663661956e-01,6.518090635472303385e-01,6.518383312602066271e-01,6.518557207070085902e-01,6.518617993658532006e-01,6.518570653168512807e-01,6.518419903251674308e-01,6.518169120084885693e-01,6.517821438621144159e-01,6.517379461754028158e-01,6.516844422854268792e-01,6.516217818372755932e-01,6.515499801740715080e-01,6.514690304033828872e-01,6.513788464842664716e-01,6.512793125541103123e-01,6.511702186864073427e-01,6.510513632523151628e-01,6.509224300515167316e-01,6.507830993329279945e-01,6.506329736704512534e-01,6.504716445302599626e-01,6.502986790188112209e-01,6.501135500486548979e-01,6.499157528714036847e-01,6.497047628840907363e-01,6.494799572043952196e-01,6.492407669714604923e-01,6.489865772261395049e-01,6.487167386128837032e-01,6.484306320474696461e-01,6.481275928002567799e-01,6.478069685198462047e-01,6.474681043036559780e-01,6.471103236071081843e-01,6.467329839560121973e-01,6.463354521688435828e-01,6.459170867053660725e-01,6.454772604589763541e-01,6.450153671807510314e-01,6.445308269163595449e-01,6.440230681531913248e-01,6.434915673376210288e-01,6.429357915857732975e-01,6.423552845972706482e-01,6.417495691337022912e-01,6.411182407992064292e-01,6.404608953567100249e-01,6.397772420846399299e-01,6.390669182784083358e-01,6.383297002471045589e-01,6.375653426410974323e-01,6.367736683099636252e-01,6.359545531219462644e-01,6.351079149197685902e-01,6.342336974586888498e-01,6.333318979474681365e-01,6.324025762894268654e-01,6.314458302852413718e-01,6.304617966003156493e-01,6.294506893000411107e-01,6.284127269472175037e-01,6.273481871949668776e-01,6.262574298501043524e-01,6.251408106304015000e-01,6.239987497353375323e-01,6.228317069423706664e-01,6.216402080217984238e-01,6.204247691762969641e-01,6.191860004510173487e-01,6.179245271987254817e-01,6.166409948790723128e-01,6.153361038250882986e-01,6.140105665107276067e-01,6.126651599578619711e-01,6.113006591345615526e-01,6.099178748852910337e-01,6.085176540158682146e-01,6.071008502569648080e-01,6.056683269578848616e-01,6.042209833388727525e-01,6.027597337916070774e-01,6.012854897415564892e-01,5.997992017908244655e-01,5.983017922313664805e-01,5.967942112274540190e-01,5.952773887233787642e-01,5.937522729339022032e-01,5.922198324853550355e-01,5.906809641523105281e-01,5.891366361616485747e-01,5.875877443744677020e-01,5.860351878861308483e-01,5.844798818735067458e-01,5.829226829732379045e-01,5.813644791455091498e-01,5.798060794690863551e-01,5.782483098580071257e-01,5.766919460161301636e-01,5.751377705933937712e-01,5.735865240311642799e-01,5.720388955727520042e-01,5.704955805238722810e-01,5.689572418904372819e-01,5.674244393871709091e-01,5.658978052914440671e-01,5.643778589215791008e-01,5.628651191100795259e-01,5.613600599567356575e-01,5.598631253169493727e-01,5.583747091203244972e-01,5.568951901119745251e-01,5.554248905800429625e-01,5.539641018310713649e-01,5.525130860454073867e-01,5.510720679256451149e-01,5.496412332003225432e-01,5.482207361975625082e-01,5.468106897215243567e-01,5.454112005549700548e-01,5.440223136989248420e-01,5.426440555476287342e-01,5.412764245711083611e-01,5.399194014499602012e-01,5.385729173394940839e-01,5.372369294018254360e-01,5.359113038495226800e-01,5.345959409025725639e-01,5.332906926813100190e-01,5.319954184045344592e-01,5.307099489677054027e-01,5.294341078059499051e-01,5.281677145663171702e-01,5.269105782827321338e-01,5.256624904460521774e-01,5.244232657897218708e-01,5.231926958229308200e-01,5.219705845743773942e-01,5.207567466185457628e-01,5.195509948120513588e-01,5.183531560312483188e-01,5.171630855208360078e-01,5.159806041823749023e-01,5.148056126533550048e-01,5.136379889107136609e-01,5.124776486398405773e-01,5.113245217283032273e-01,5.101785865060687319e-01,5.090398044032365954e-01,5.079082102701241164e-01,5.067838430156699214e-01,5.056667949375834858e-01,5.045571729501073799e-01,5.034551389724584158e-01,5.023608732897377749e-01,5.012746042626449183e-01,5.001966015268898280e-01,4.991271731333181694e-01,4.980666542376545047e-01,4.970154343232940919e-01,4.959739582357065579e-01,4.949426900446988742e-01,4.939221443987317217e-01,4.929128665536036680e-01,4.919154598101748155e-01,4.909305771137846830e-01,4.899588564510088395e-01,4.890010533482836985e-01,4.880579125969026766e-01,4.871302131635962818e-01,4.862187967025935476e-01,4.853245319932287249e-01,4.844482943526156604e-01,4.835910226105600840e-01,4.827536652862386424e-01,4.819372178054994738e-01,4.811426680744787521e-01,4.803710496406917163e-01,4.796234074483882170e-01,4.789008090841999077e-01,4.782042994827493398e-01,4.775349902053907525e-01,4.768939655216776208e-01,4.762823213016720292e-01,4.757011381692107799e-01,4.751515234226417195e-01,4.746345370550820175e-01,4.741512581877146415e-01,4.737027474687007800e-01,4.732900623058707845e-01,4.729141794711448910e-01,4.725761035969510693e-01,4.722767909615939175e-01,4.720171709831637030e-01,4.717981249434501367e-01,4.716205006098819208e-01,4.714850823738304664e-01,4.713926391313892350e-01,4.713438417652046075e-01,4.713393352412291182e-01,4.713796963296746911e-01,4.714654402449782178e-01,4.715969800415525937e-01,4.717747157575412076e-01,4.719989066896529417e-01,4.722697909273932959e-01,4.725875016437545706e-01,4.729520894526683672e-01,4.733634867752148367e-01,4.738215890007992370e-01,4.743261617634375593e-01,4.748768854416454133e-01,4.754733601792417996e-01,4.761150720494006783e-01,4.768013950405422530e-01,4.775316167552516866e-01,4.783049302555937854e-01,4.791203954672739740e-01,4.799770093948653726e-01,4.808736310573966666e-01,4.818090302720074436e-01,4.827818585302956489e-01,4.837906502889746663e-01,4.848338971649782669e-01,4.859099206194538723e-01,4.870169816356107462e-01,4.881532166998393540e-01,4.893166689156491778e-01,4.905052585425325185e-01,4.917168938026400538e-01,4.929492986611145877e-01,4.942001547770918379e-01,4.954670545682198224e-01,4.967474866896497421e-01,4.980388630017324458e-01,4.993385373501444957e-01,5.006437933649459104e-01,5.019518325798827396e-01,5.032597874392880088e-01,5.045647434322022562e-01,5.058637301340599413e-01,5.071537249151445437e-01,5.084316884106312440e-01,5.096944743566271807e-01,5.109389903443178893e-01,5.121620665304371656e-01,5.133605099674160011e-01,5.145311517996397077e-01,5.156707671114175717e-01,5.167761792724288039e-01,5.178441712494540328e-01,5.188715780229591346e-01,5.198552060810951447e-01,5.207919393770650274e-01,5.216786640880211046e-01,5.225122993429756058e-01,5.232898275490033280e-01,5.240082787385138552e-01,5.246647331795033509e-01,5.252563537839843866e-01,5.257803454730229920e-01,5.262340300181336250e-01,5.266147876052884591e-01,5.269201128859068994e-01,5.271475635944780080e-01,5.272948675556256015e-01,5.273597735214883286e-01,5.273402378214949726e-01,5.272342492025071659e-01,5.270400093942952946e-01,5.267557985792737929e-01,5.263800553541172489e-01,5.259113716146603945e-01,5.253484621877430039e-01,5.246901964958623488e-01,5.239356306649876061e-01,5.230839532913333922e-01,5.221345205008930401e-01,5.210868861577206967e-01,5.199407086228343688e-01,5.186959031995889147e-01,5.173524929007398132e-01,5.159107051555363865e-01,5.143709275392238656e-01,5.127337814916967940e-01,5.110000014970936810e-01,5.091705537222736000e-01,5.072465538547237252e-01,5.052293224596877685e-01,5.031203544986082576e-01,5.009213139605773746e-01,4.986340619203495916e-01,4.962606163778690571e-01,4.938031927410815869e-01,4.912641708507961003e-01,4.886461096185048536e-01,4.859517097051960222e-01,4.831838671580371281e-01,4.803456065543917908e-01,4.774401365272051279e-01,4.744708162118473904e-01,4.714411330835288072e-01,4.683547316467044919e-01,4.652153830325736483e-01,4.620270010938306027e-01,4.587936055174987593e-01,4.555193579780976165e-01,4.522085123382570404e-01,4.488654489296283190e-01,4.454946159667608763e-01,4.421005787667471876e-01,4.386879729116487936e-01,4.352615127011598695e-01,4.318259936039092195e-01,4.283862434012056242e-01,4.249471514605440148e-01,4.215136670937097430e-01,4.180907557209356806e-01,4.146834140350701414e-01,4.112966550555997025e-01,4.079354942903851144e-01,4.046049592227497493e-01,4.013100738432565651e-01,3.980558224189110206e-01,3.948471748829122663e-01,3.916890658268015746e-01,3.885863793225287632e-01,3.855439550947330485e-01,3.825665823009637978e-01,3.796589472794094089e-01,3.768256767632556792e-01,3.740713228929980483e-01,3.714003148856170333e-01,3.688170174790013633e-01,3.663256368518499340e-01,3.639303110919605011e-01,3.616350103497002477e-01,3.594436071349402240e-01,3.573597923682695909e-01,3.553871675838555233e-01,3.535291335704622839e-01,3.517889714934773204e-01,3.501697425598296332e-01,3.486744069482892727e-01,3.473057005960360488e-01,3.460661999701680203e-01,3.449583032812767458e-01,3.439841986516666839e-01,3.431459043662127284e-01,3.424452278185498022e-01,3.418837997325025468e-01,3.414630311924803929e-01,3.411841309410961198e-01,3.410481140844930925e-01,3.410557680722828833e-01,3.412077195230442950e-01,3.415043447523511411e-01,3.419458112801686545e-01,3.425321103504748721e-01,3.432629869964978209e-01,3.441380282370068433e-01,3.451565749018037366e-01,3.463177731999607656e-01,3.476205830430127985e-01,3.490637576810490805e-01,3.506458339447873218e-01,3.523652040307686528e-01,3.542200257863076795e-01,3.562082840901161784e-01,3.583277947589384449e-01,3.605761899963640937e-01,3.629509352369359454e-01
6.698735811517638750e-01,6.741698822903379185e-01,6.783434805073008667e-01,6.823875262252846463e-01,6.862954964009069236e-01,6.900610362192139968e-01,6.936782133720430510e-01,6.971413209227986796e-01,7.004449877993834672e-01,7.035841782787477516e-01,7.065541926056531086e-01,7.093506761200206734e-01,7.119696124836457640e-01,7.144073688963546997e-01,7.166606419916347059e-01,7.187265425185077605e-01,7.206025378632295864e-01,7.222864553441412649e-01,7.237765375517725142e-01,7.250713625962490472e-01,7.261699753018914238e-01,7.270717301411165900e-01,7.277763666375780538e-01,7.282840699281731833e-01,7.285953631339036063e-01,7.287111298734767484e-01,7.286326608576956243e-01,7.283616169483728697e-01,7.278999812428750271e-01,7.272501804350715027e-01,7.264148626730659863e-01,7.253971580758998838e-01,7.242004195850293424e-01,7.228283992313285777e-01,7.212851205077468464e-01,7.195749404503102298e-01,7.177024906607529786e-01,7.156727119948433913e-01,7.134907627998987589e-01,7.111621259818062812e-01,7.086924731621178086e-01,7.060877403357586068e-01,7.033540701289153763e-01,7.004978034130043829e-01,6.975254741192070673e-01,6.944437970586325726e-01,6.912595979760541853e-01,6.879799334771771191e-01,6.846118825202007763e-01,6.811626962629239168e-01,6.776396993628338583e-01,6.740503168323443983e-01,6.704019823498498232e-01,6.667022309363312971e-01,6.629585834102899033e-01,6.591785934633526134e-01,6.553697973499792440e-01,6.515397013403503301e-01,6.476958121188318707e-01,6.438455461464777096e-01,6.399962733120010405e-01,6.361552444621695335e-01,6.323296677239343966e-01,6.285265771029439064e-01,6.247529493906780473e-01,6.210155346404493404e-01,6.173209922203569677e-01,6.136758139349175467e-01,6.100862656435706022e-01,6.065584446950100794e-01,6.030982684098542546e-01,5.997114145605757507e-01,5.964033534338204490e-01,5.931792848152011022e-01,5.900441979055056629e-01,5.870028507820316266e-01,5.840596685933356902e-01,5.812189028729872753e-01,5.784844743502057796e-01,5.758600338398989216e-01,5.733489761510512928e-01,5.709543622432132759e-01,5.686790205077172367e-01,5.665254281043324847e-01,5.644958293962933915e-01,5.625920949412441807e-01,5.608158868417111309e-01,5.591684888278349863e-01,5.576509438940046026e-01,5.562639792577083186e-01,5.550080392418670350e-01,5.538832442299991277e-01,5.528894837770522708e-01,5.520263190304003365e-01,5.512930582465560558e-01,5.506887256587983392e-01,5.502120786619575377e-01,5.498616370031466083e-01,5.496356262100412504e-01,5.495320789298216990e-01,5.495487418936206847e-01,5.496831516757417768e-01,5.499326528557376692e-01,5.502943220513720757e-01,5.507650994238382225e-01,5.513416930731734888e-01,5.520206377752208127e-01,5.527983052953723275e-01,5.536709287184529149e-01,5.546345373362632225e-01,5.556851240824847160e-01,5.568184499927104625e-01,5.580302528926592842e-01,5.593161123582265359e-01,5.606715512178837013e-01,5.620920031657453686e-01,5.635728679994357337e-01,5.651094682668085234e-01,5.666971107592881918e-01,5.683310221517092753e-01,5.700065181292579553e-01,5.717187926182216717e-01,5.734631598896657856e-01,5.752348769281124818e-01,5.770292777959191710e-01,5.788416954458883712e-01,5.806675950185511415e-01,5.825024229421832400e-01,5.843417643381679794e-01,5.861812460680355663e-01,5.880166266464441627e-01,5.898437303206940374e-01,5.916585386717753137e-01,5.934570978054259927e-01,5.952356473987245877e-01,5.969905229432097560e-01,5.987182036327877155e-01,6.004153155369056361e-01,6.020786827097814875e-01,6.037052381616172525e-01,6.052920840891916621e-01,6.068365438235145959e-01,6.083360468410597965e-01,6.097882468241053733e-01,6.111909669622813679e-01,6.125421935238398730e-01,6.138401266222345276e-01,6.150831162593823898e-01,6.162697230335888454e-01,6.173986839598302190e-01,6.184689244032723909e-01,6.194795435477756795e-01,6.204298470692414247e-01,6.213192742447017913e-01,6.221474975388777695e-01,6.229143301611594907e-01,6.236197758965559279e-01,6.242639680367929600e-01,6.248472374820519537e-01,6.253700860826866270e-01,6.258331329494772888e-01,6.262371585558540454e-01,6.265830874397374517e-01,6.268719812539348402e-01,6.271050373915678655e-01,6.272835694907336057e-01,6.274090105928654681e-01,6.274828822669081818e-01,6.275068422263374579e-01,6.274826069657614136e-01,6.274120205794130323e-01,6.272969713221641097e-01,6.271394129450040822e-01,6.269414004093023518e-01,6.267050264652812563e-01,6.264323886575211553e-01,6.261256819492669878e-01,6.257870735140247387e-01,6.254188514187490888e-01,6.250231952055104179e-01,6.246023532550275537e-01,6.241585773596916020e-01,6.236941046011709178e-01,6.232111335893898429e-01,6.227118690976621851e-01,6.221984445300663413e-01,6.216730201976709003e-01,6.211376198703451035e-01,6.205943055655943619e-01,6.200450421316063832e-01,6.194917432415362191e-01,6.189362098862135619e-01,6.183802305016448120e-01,6.178255135980758039e-01,6.172736228556954252e-01,6.167260931595011098e-01,6.161843599382339498e-01,6.156497574410483287e-01,6.151235141333675216e-01,6.146067885878541137e-01,6.141006175235209641e-01,6.136059404493555691e-01,6.131236076277793989e-01,6.126543298769899781e-01,6.121987466174821924e-01,6.117573787772562222e-01,6.113306897309760402e-01,6.109189513241660707e-01,6.105224067402829080e-01,6.101411612612107627e-01,6.097752644033472835e-01,6.094246138223049503e-01,6.090890657574211664e-01,6.087683612320831106e-01,6.084621557292706484e-01,6.081700339184850090e-01,6.078914885603536877e-01,6.076259654004824151e-01,6.073728082414742158e-01,6.071313028045463023e-01,6.069007197278931676e-01,6.066802057324812703e-01,6.064689067235303765e-01,6.062659216263814876e-01,6.060703215362381879e-01,6.058810855338727652e-01,6.056972705509457988e-01,6.055178189773062769e-01,6.053417524248176917e-01,6.051679779004625059e-01,6.049955160725035697e-01,6.048233130008778824e-01,6.046503835181968878e-01,6.044757160014286868e-01,6.042983495595949384e-01,6.041173719369125061e-01,6.039318727236253626e-01,6.037410121597462931e-01,6.035439946878589090e-01,6.033400619752155025e-01,6.031285442898114413e-01,6.029088297878230085e-01,6.026803495108790099e-01,6.024426591819406207e-01,6.021953518923944815e-01,6.019381249397323108e-01,6.016707444747778633e-01,6.013930876757378474e-01,6.011051275966825536e-01,6.008068937505807172e-01,6.004985738615807866e-01,6.001803853010546641e-01,5.998527209422895856e-01,5.995160277364923740e-01,5.991708534524385898e-01,5.988178914005132247e-01,5.984578752747007346e-01,5.980917261583426070e-01,5.977203767760359554e-01,5.973449190024723299e-01,5.969665289612420267e-01,5.965864724659820650e-01,5.962061246072984932e-01,5.958269297648678409e-01,5.954504249861163334e-01,5.950782507266680899e-01,5.947121113254206781e-01,5.943537866462560437e-01,5.940051311892857733e-01,5.936680559826505998e-01,5.933445278407494250e-01,5.930366051895447077e-01,5.927463435785802481e-01,5.924758703031436369e-01,5.922273157393229681e-01,5.920028784807864763e-01,5.918047314565088035e-01,5.916351122183420852e-01,5.914962283372982021e-01,5.913902732916456184e-01,5.913194546250142292e-01,5.912859435028233746e-01,5.912918895656384954e-01,5.913394314821167619e-01,5.914306203456081157e-01,5.915674842169615921e-01,5.917519652226475024e-01,5.919859525048649651e-01,5.922712649949908315e-01,5.926096349554348386e-01,5.930026897543162478e-01,5.934519628095525912e-01,5.939588653711744826e-01,5.945247207084523033e-01,5.951506915418213195e-01,5.958378520063213335e-01,5.965871023244637694e-01,5.973992101052985060e-01,5.982748192370046514e-01,5.992143733838903863e-01,6.002181776406316782e-01,6.012863912825097135e-01,6.024189445220162753e-01,6.036156591089018031e-01,6.048761364431545218e-01,6.061998178028611406e-01,6.075859199217831241e-01,6.090335346684452311e-01,6.105415069165216480e-01,6.121085304280022843e-01,6.137330524122505127e-01,6.154134154846495619e-01,6.171476846027643681e-01,6.189337753173802525e-01,6.207694213141462525e-01,6.226521209910588217e-01,6.245792381414114747e-01,6.265479436508020195e-01,6.285552031546489671e-01,6.305978146252276817e-01,6.326724224625043247e-01,6.347755063931496133e-01,6.369033319423159645e-01,6.390521135118798490e-01,6.412178173428653150e-01,6.433963122871071416e-01,6.455833297190217701e-01,6.477744854439652089e-01,6.499652830361520861e-01,6.521510832790161638e-01,6.543271853443164421e-01,6.564887901685813043e-01,6.586310182143005898e-01,6.607489370582985133e-01,6.628375139823305950e-01,6.648917432931102933e-01,6.669065324387989380e-01,6.688767644192827877e-01,6.707973434720914119e-01,6.726631642494704799e-01,6.744691349319811291e-01,6.762102058742663901e-01,6.778813104796221900e-01,6.794775239730236338e-01,6.809939069910082576e-01,6.824256492756632930e-01,6.837680092337450333e-01,6.850163620675645548e-01,6.861661722053904455e-01,6.872130627495072197e-01,6.881527841674719426e-01,6.889812518832162391e-01,6.896945039049419135e-01,6.902888182067741241e-01,6.907605911629017825e-01,6.911064929722408046e-01,6.913233623731467326e-01,6.914082363599045600e-01,6.913584037758739864e-01,6.911714241776704126e-01,6.908450398963572603e-01,6.903773231632570617e-01,6.897665313777977536e-01,6.890112656675801972e-01,6.881103621854520735e-01,6.870629725403004651e-01,6.858684931212135627e-01,6.845266618025833694e-01,6.830375173285239132e-01,6.814013642868630427e-01,6.796188366523783220e-01,6.776909115656871707e-01,6.756188001754332983e-01,6.734041043331773224e-01,6.710486876323517036e-01,6.685547622833207804e-01,6.659248198334200008e-01,6.631616992260572774e-01,6.602684856338961739e-01,6.572486434622294427e-01,6.541058838503108763e-01,6.508442341729689939e-01,6.474679964189905546e-01,6.439817838723720378e-01,6.403904307525118966e-01,6.366991294162610560e-01,6.329132488105535526e-01,6.290384293786542846e-01,6.250806140238784891e-01,6.210458762331010352e-01,6.169405712284021792e-01,6.127712642682058286e-01,6.085447312183622781e-01,6.042678800815890483e-01,5.999478218929222839e-01,5.955918543231744078e-01,5.912073473817411884e-01,5.868018664344348823e-01,5.823830705126695761e-01,5.779587185670924665e-01,5.735366231446215046e-01,5.691247429412227277e-01,5.647309935970697969e-01,5.603634111368177573e-01,5.560299929137584307e-01,5.517387612748636538e-01,5.474977195918243611e-01,5.433148498589069897e-01,5.391980983169919472e-01,5.351552860308378401e-01,5.311942451272575472e-01,5.273226372958018660e-01,5.235480197023586468e-01,5.198778623544373367e-01,5.163194251866126683e-01,5.128798518944640561e-01,5.095660985300859425e-01,5.063849033479046469e-01,5.033428089210747469e-01,5.004461560582751378e-01,4.977009974662368053e-01,4.951131928239684843e-01,4.926882574794662073e-01,4.904315169065269209e-01,4.883479303930497450e-01,4.864421998673562064e-01,4.847186755639658062e-01
